PSO_S_ODE_NonLinear
note: this run is using beta distribution of updating and is ran in srl and is init rand!
sample size:5000 Nparts:900 Nsteps:40
mu: 80 120  85
covarMat:
 50   0   0
  0 100   0
  0   0  50

Yt: 31.3556 0.537848  48.6938  1.27792  15.6046  69.4755  1045.27 0.337921   2385.5  6.33962  313.148  4855.88  15.4193  1512.76   38.294  505.441  2158.63  26.6297 0.740848  7.89796  37.9842  64.2432   742.16  3403.48  9.87437  91.4476  1059.33
seedk:0.273591 0.424763 0.225782 0.583375 0.574531 0.399028| cost:3.2522e+07
Xt: 13.378 14.2564 66.5164 1.36645  47.393  37.637 211.523 246.419 4445.53 1.94684 2302.24  1423.3 158.163 888.449 18.2345 634.846 502.712 949.437 19.5282 674.871 537.221 91.6564 3141.28 2515.42 62.8102  51.862 1777.43
PSO begins!
underflow!7.53879e-05
pos   0.578128    0.268483    0.128419 7.53879e-05    0.585871    0.891549
underflow!0.000631554
pos   0.682033    0.234119    0.938896    0.891857 0.000631554    0.286061
GBMAT from first PSO:

   0.273591    0.424763    0.225782    0.583375    0.574531    0.399028  3.2522e+07
   0.754395    0.427313    0.740244    0.651928    0.830472    0.246106  1.7212e+07
   0.244189    0.930389    0.835222    0.727453    0.363417    0.416895 4.68026e+06
   0.569465    0.106393    0.427526    0.383344    0.928292    0.295411 2.17616e+06
   0.663066   0.0175569    0.479738    0.340278    0.357115    0.340808 1.12142e+06
   0.466283    0.205634    0.388251    0.890399    0.506155    0.277593      411704
   0.527778     0.44633    0.600421    0.939888   0.0904775    0.432657      403664
   0.980606    0.720456    0.215105    0.528069    0.100551    0.154162      165354
   0.979749    0.766069    0.185174    0.572695    0.146715    0.126657      137002
   0.980453    0.776978    0.153395    0.529688   0.0779412    0.105366     81600.4
   0.967325    0.500189   0.0939301      0.2511   0.0430566   0.0657616     76560.4
   0.987564    0.511132   0.0939301    0.254999   0.0430566   0.0657616     74156.6
   0.991569    0.589901    0.159152    0.756536   0.0606113     0.10755     64511.7
   0.897646    0.524751    0.145947    0.505266   0.0533377    0.102245     48183.3
   0.925215    0.407203    0.223291    0.866833    0.120698    0.154108     47872.1
   0.840237    0.445841   0.0669212    0.471049   0.0239875   0.0448869     22153.5
   0.840379    0.405668   0.0814907    0.456386   0.0436601   0.0557401     21479.3
   0.873773    0.434897   0.0979033    0.525167   0.0519963   0.0681892     18934.3
   0.797085    0.220219   0.0932393    0.464155   0.0171664   0.0658697       11003
   0.953911    0.200159   0.0512215    0.649608   0.0512995   0.0335289     959.611
    0.93074   0.0782827    0.109746    0.696797   0.0188121   0.0767553     513.371
    0.93689    0.181774   0.0955426    0.674347   0.0211204   0.0665974     409.113
    0.93448    0.207198   0.0843671    0.623661    0.021353   0.0588412      381.83
   0.929524    0.222957   0.0816602    0.629802   0.0228071   0.0568112     346.988
   0.891144    0.143009   0.0869925    0.594987   0.0230978   0.0607071     332.058
   0.908957    0.184776   0.0851279    0.598832    0.019543   0.0593613      304.61
   0.904331    0.152382   0.0858015    0.597452   0.0209975   0.0598475     289.056
   0.898436    0.171836   0.0878499    0.628818   0.0200488   0.0612663      258.04
   0.903958    0.171675   0.0863966    0.624299   0.0229296   0.0602221     256.706
   0.904804    0.169403   0.0856444    0.636839   0.0236509   0.0596863     253.678
   0.904959      0.1702   0.0857695    0.635472   0.0235693   0.0597698     253.073
   0.901136    0.167525   0.0858099    0.633492   0.0240471   0.0597916     252.949
   0.901374    0.168993   0.0855379    0.630092   0.0234063   0.0596049     252.569
   0.902102    0.167568   0.0856225    0.628886   0.0231665   0.0596664     252.406
   0.902492    0.167863    0.085602    0.628229   0.0231894   0.0596534     252.375
   0.909453     0.16787   0.0859934    0.628458   0.0233968   0.0599313      252.17
    0.90928    0.167794   0.0859391    0.628385   0.0233103   0.0598923     252.136

truk 0.515996 0.0603199  0.103199  0.896801   0.05516 0.0722394
total difference b/w truk and final GBVEC0.239735
CODE FINISHED RUNNING IN 28785 s TIME!
Job Statistics for 1463217:
           JobID       User               Start                 End    Elapsed     MaxRSS   TotalCPU      State Exit        NodeList                                  ReqTRES 
---------------- ---------- ------------------- ------------------- ---------- ---------- ---------- ---------- ---- --------------- ---------------------------------------- 
         1463217   rsjxw007 2021-07-28T10:42:00 2021-07-28T18:41:47   07:59:47              07:57:18  COMPLETED  0:0   r1pl-hpcf-n21         billing=1,cpu=1,mem=7812M,node=1 
   1463217.batch            2021-07-28T10:42:00 2021-07-28T18:41:47   07:59:47      1.70M   07:57:18  COMPLETED  0:0   r1pl-hpcf-n21                                          
  1463217.extern            2021-07-28T10:42:00 2021-07-28T18:41:47   07:59:47          0   00:00:00  COMPLETED  0:0   r1pl-hpcf-n21                                          
CPU Efficiency: 99.48% of 07:59:47 core-walltime
