PSO_S_ODE_NonLinear
sample size:1500 Nparts:20 Nsteps:15
339
362
PSO begins!
0.363338 0.597687 0.436066 0.278048 0.810773 0.287493
0.281819 0.282818 0.710869 0.269078 0.793666 0.620877
0.375807 0.651865 0.479089 0.300894 0.830615 0.312443
0.558943 0.404826 0.818538  0.28514 0.398635  0.63081
0.119188 0.437046 0.795648 0.408613 0.107637 0.440064
0.369902 0.583359  0.54826 0.276819 0.753665 0.413484
   0.4149  0.009595 0.0588883  0.666507  0.140081  0.286326
0.408887 0.761264 0.632492 0.246585 0.255937 0.427143
0.335596 0.286966  0.71453  0.68079 0.780235 0.621215
0.909386 0.157612 0.568101 0.279947 0.795909 0.514169
0.770303 0.342613  0.70603 0.106275 0.597995 0.659899
 0.769773 0.0809008  0.248351   0.59842  0.586176  0.916116
0.405945 0.960598 0.529215 0.828357 0.584279 0.455231
  0.6381 0.773113 0.455843 0.139895 0.711124 0.370887
0.227224  0.18835 0.831253 0.797918 0.883186 0.638679
0.805191 0.725612 0.210498 0.676934 0.493228  0.92129
0.399072  0.81688 0.609526 0.714066  0.52606 0.503969
0.711225 0.360002 0.737477 0.128364 0.542271 0.546494
0.608972 0.878837  0.55515 0.230135 0.600937 0.531219
0.665294 0.376067 0.820078 0.328454 0.384343 0.360196
0.780953 0.222112 0.916064 0.862865   0.6123 0.459177
 0.682962   0.46073  0.134531 0.0808036  0.152951  0.869762
0.576178 0.231909 0.704226 0.670016 0.413706 0.315193
0.382006 0.269989 0.465065 0.220661 0.389994 0.131372
 0.56014 0.317672 0.870909 0.526594 0.283087 0.670056
0.558181  0.52562 0.774415 0.338226 0.336602 0.389402
0.679611 0.444672 0.264557 0.127775 0.196838 0.773114
0.321042 0.235614 0.380175 0.185936 0.418681 0.190098
0.275034 0.178687 0.705309 0.686368  0.73223 0.615809
0.583524 0.441731 0.849083 0.403295 0.363381 0.373019
0.941655 0.575678  0.46457 0.547603  0.51069 0.766764
0.868306 0.509495 0.716613 0.452809 0.487731 0.631963
0.686744 0.285279 0.926907 0.452738 0.285372 0.545761
0.680785 0.370681 0.792384 0.261368 0.437297 0.422693
 0.60873  0.17825 0.926243 0.551545 0.706736 0.401693
0.726214  0.42927 0.784387 0.381353 0.412019 0.464263
0.860102 0.358887 0.574153  0.49695 0.369109 0.622823
0.679529 0.332246 0.875416 0.383521 0.337479 0.439265
0.425085 0.576884 0.835399 0.687057 0.428855 0.355004
0.637864 0.284757 0.868132 0.428326 0.523224 0.378773
0.632197 0.397412 0.654049 0.246441 0.365795 0.502887
0.659374 0.354943 0.827402 0.345363  0.40549 0.359591
   0.554671    0.941199    0.744163    0.441651     0.97184     0.46617 1.22122e+07
   0.281819    0.282818    0.710869    0.269078    0.793666    0.620877 1.03681e+07
   0.558943    0.404826    0.818538     0.28514    0.398635     0.63081      425653
   0.665294    0.376067    0.820078    0.328454    0.384343    0.360196      421384
CODE FINISHED RUNNING IN 47 s TIME!
Job Statistics for 1418801:
           JobID       User               Start                 End    Elapsed     MaxRSS   TotalCPU      State Exit        NodeList                                  ReqTRES 
---------------- ---------- ------------------- ------------------- ---------- ---------- ---------- ---------- ---- --------------- ---------------------------------------- 
         1418801   rsjxw007 2021-07-08T14:25:49 2021-07-08T14:26:37   00:00:48             08:03.675  COMPLETED  0:0   r1pl-hpcf-n21     billing=20,cpu=20,mem=156240M,node=1 
   1418801.batch            2021-07-08T14:25:49 2021-07-08T14:26:37   00:00:48      1.26M  08:03.673  COMPLETED  0:0   r1pl-hpcf-n21                                          
  1418801.extern            2021-07-08T14:25:49 2021-07-08T14:26:37   00:00:48          0  00:00.001  COMPLETED  0:0   r1pl-hpcf-n21                                          
CPU Efficiency: 50.42% of 00:16:00 core-walltime
