PSO_S_ODE_NonLinear
Using two part PSO Sample Size:5000 with:27 moments.
Using Record Time:10
Bounds for Uniform Distribution (0,1)
Blind PSO --> nParts:10 Nsteps:2
Targeted PSO --> nParts:50 Nsteps:10
sdbeta:0.1
wt:
1 0 0 0 0 0 0 0 0 0 0 0 0 0 0 0 0 0 0 0 0 0 0 0 0 0 0
0 1 0 0 0 0 0 0 0 0 0 0 0 0 0 0 0 0 0 0 0 0 0 0 0 0 0
0 0 1 0 0 0 0 0 0 0 0 0 0 0 0 0 0 0 0 0 0 0 0 0 0 0 0
0 0 0 1 0 0 0 0 0 0 0 0 0 0 0 0 0 0 0 0 0 0 0 0 0 0 0
0 0 0 0 1 0 0 0 0 0 0 0 0 0 0 0 0 0 0 0 0 0 0 0 0 0 0
0 0 0 0 0 1 0 0 0 0 0 0 0 0 0 0 0 0 0 0 0 0 0 0 0 0 0
0 0 0 0 0 0 1 0 0 0 0 0 0 0 0 0 0 0 0 0 0 0 0 0 0 0 0
0 0 0 0 0 0 0 1 0 0 0 0 0 0 0 0 0 0 0 0 0 0 0 0 0 0 0
0 0 0 0 0 0 0 0 1 0 0 0 0 0 0 0 0 0 0 0 0 0 0 0 0 0 0
0 0 0 0 0 0 0 0 0 1 0 0 0 0 0 0 0 0 0 0 0 0 0 0 0 0 0
0 0 0 0 0 0 0 0 0 0 1 0 0 0 0 0 0 0 0 0 0 0 0 0 0 0 0
0 0 0 0 0 0 0 0 0 0 0 1 0 0 0 0 0 0 0 0 0 0 0 0 0 0 0
0 0 0 0 0 0 0 0 0 0 0 0 1 0 0 0 0 0 0 0 0 0 0 0 0 0 0
0 0 0 0 0 0 0 0 0 0 0 0 0 1 0 0 0 0 0 0 0 0 0 0 0 0 0
0 0 0 0 0 0 0 0 0 0 0 0 0 0 1 0 0 0 0 0 0 0 0 0 0 0 0
0 0 0 0 0 0 0 0 0 0 0 0 0 0 0 1 0 0 0 0 0 0 0 0 0 0 0
0 0 0 0 0 0 0 0 0 0 0 0 0 0 0 0 1 0 0 0 0 0 0 0 0 0 0
0 0 0 0 0 0 0 0 0 0 0 0 0 0 0 0 0 1 0 0 0 0 0 0 0 0 0
0 0 0 0 0 0 0 0 0 0 0 0 0 0 0 0 0 0 1 0 0 0 0 0 0 0 0
0 0 0 0 0 0 0 0 0 0 0 0 0 0 0 0 0 0 0 1 0 0 0 0 0 0 0
0 0 0 0 0 0 0 0 0 0 0 0 0 0 0 0 0 0 0 0 1 0 0 0 0 0 0
0 0 0 0 0 0 0 0 0 0 0 0 0 0 0 0 0 0 0 0 0 1 0 0 0 0 0
0 0 0 0 0 0 0 0 0 0 0 0 0 0 0 0 0 0 0 0 0 0 1 0 0 0 0
0 0 0 0 0 0 0 0 0 0 0 0 0 0 0 0 0 0 0 0 0 0 0 1 0 0 0
0 0 0 0 0 0 0 0 0 0 0 0 0 0 0 0 0 0 0 0 0 0 0 0 1 0 0
0 0 0 0 0 0 0 0 0 0 0 0 0 0 0 0 0 0 0 0 0 0 0 0 0 1 0
0 0 0 0 0 0 0 0 0 0 0 0 0 0 0 0 0 0 0 0 0 0 0 0 0 0 1
mu: 80 120  85
covarMat:
 50   0   0
  0 100   0
  0   0  50

Yt: 3.46492  4.40161  2.75861 0.100572  7.26079  2.18088  48.0317  125.139   14.263 0.012484   174.25  9.09834 0.769002   10.354 0.502901  11.6259  9.21973  16.9818 0.146088  142.267   12.413 0.289942  31.5348  11.3386 0.448514 0.238046  23.9897
seedk:0.825114 0.178173 0.075811 0.562319 0.019967 0.014666| cost:93.058
Xt:  3.5087  4.16015  2.84338 0.100836  7.10436  2.19127  47.9398  118.959  15.0501 0.012348  169.823  9.02449 0.776492  10.1983 0.501663  11.4764  9.14826  17.4568 0.146236  136.562  12.2316 0.297975  32.8049  11.5693  0.45656 0.239851  24.0407
PSO begins!
New GBMAT from blind pso!
0.825114 0.178173 0.075811 0.562319 0.019967 0.014666   93.058
0.825114 0.178173 0.075811 0.562319 0.019967 0.014666   93.058


New GBMAT from blind pso!
0.825114 0.178173 0.075811 0.562319 0.019967 0.014666   93.058
0.825114 0.178173 0.075811 0.562319 0.019967 0.014666   93.058
0.825114 0.220528 0.075811 0.544693 0.019967 0.014666  84.3748


GBMAT from blind PSO:

0.825114 0.178173 0.075811 0.562319 0.019967 0.014666   93.058
0.825114 0.178173 0.075811 0.562319 0.019967 0.014666   93.058
0.825114 0.220528 0.075811 0.544693 0.019967 0.014666  84.3748

truk:  0.515996 0.0603199  0.103199  0.896801   0.05516 0.0722394
total difference b/w truk and final GBVEC0.250504

blind PSO FINISHED RUNNING IN 2 s TIME!
targeted PSO has started!
Updating Weight Matrix!
GBVEC AND COST:0.825114 0.220528 0.075811 0.544693 0.019967 0.014666  84.3748
Chkpt reached!
new weight matrix:
  0.0139524           0           0           0           0           0           0           0           0           0           0           0           0           0           0           0           0           0           0           0           0           0           0           0           0           0           0
          0  0.00472132           0           0           0           0           0           0           0           0           0           0           0           0           0           0           0           0           0           0           0           0           0           0           0           0           0
          0           0   0.0730104           0           0           0           0           0           0           0           0           0           0           0           0           0           0           0           0           0           0           0           0           0           0           0           0
          0           0           0     214.073           0           0           0           0           0           0           0           0           0           0           0           0           0           0           0           0           0           0           0           0           0           0           0
          0           0           0           0  0.00405123           0           0           0           0           0           0           0           0           0           0           0           0           0           0           0           0           0           0           0           0           0           0
          0           0           0           0           0    0.116352           0           0           0           0           0           0           0           0           0           0           0           0           0           0           0           0           0           0           0           0           0
          0           0           0           0           0           0 7.72051e-06           0           0           0           0           0           0           0           0           0           0           0           0           0           0           0           0           0           0           0           0
          0           0           0           0           0           0           0 5.14086e-07           0           0           0           0           0           0           0           0           0           0           0           0           0           0           0           0           0           0           0
          0           0           0           0           0           0           0           0  0.00029405           0           0           0           0           0           0           0           0           0           0           0           0           0           0           0           0           0           0
          0           0           0           0           0           0           0           0           0     6446.94           0           0           0           0           0           0           0           0           0           0           0           0           0           0           0           0           0
          0           0           0           0           0           0           0           0           0           0 4.33778e-07           0           0           0           0           0           0           0           0           0           0           0           0           0           0           0           0
          0           0           0           0           0           0           0           0           0           0           0 0.000752253           0           0           0           0           0           0           0           0           0           0           0           0           0           0           0
          0           0           0           0           0           0           0           0           0           0           0           0    0.743663           0           0           0           0           0           0           0           0           0           0           0           0           0           0
          0           0           0           0           0           0           0           0           0           0           0           0           0 0.000478364           0           0           0           0           0           0           0           0           0           0           0           0           0
          0           0           0           0           0           0           0           0           0           0           0           0           0           0    0.568603           0           0           0           0           0           0           0           0           0           0           0           0
          0           0           0           0           0           0           0           0           0           0           0           0           0           0           0 0.000452146           0           0           0           0           0           0           0           0           0           0           0
          0           0           0           0           0           0           0           0           0           0           0           0           0           0           0           0 0.000543084           0           0           0           0           0           0           0           0           0           0
          0           0           0           0           0           0           0           0           0           0           0           0           0           0           0           0           0 0.000128307           0           0           0           0           0           0           0           0           0
          0           0           0           0           0           0           0           0           0           0           0           0           0           0           0           0           0           0     10.5742           0           0           0           0           0           0           0           0
          0           0           0           0           0           0           0           0           0           0           0           0           0           0           0           0           0           0           0  4.7488e-07           0           0           0           0           0           0           0
          0           0           0           0           0           0           0           0           0           0           0           0           0           0           0           0           0           0           0           0 0.000251329           0           0           0           0           0           0
          0           0           0           0           0           0           0           0           0           0           0           0           0           0           0           0           0           0           0           0           0     4.03376           0           0           0           0           0
          0           0           0           0           0           0           0           0           0           0           0           0           0           0           0           0           0           0           0           0           0           0 6.36079e-05           0           0           0           0
          0           0           0           0           0           0           0           0           0           0           0           0           0           0           0           0           0           0           0           0           0           0           0 0.000481588           0           0           0
          0           0           0           0           0           0           0           0           0           0           0           0           0           0           0           0           0           0           0           0           0           0           0           0      2.6641           0           0
          0           0           0           0           0           0           0           0           0           0           0           0           0           0           0           0           0           0           0           0           0           0           0           0           0     5.57338           0
          0           0           0           0           0           0           0           0           0           0           0           0           0           0           0           0           0           0           0           0           0           0           0           0           0           0 0.000119825

New PBMAT:
   0.733684    0.280241   0.0267175    0.589183 7.25031e-06 1.49608e-05     3.43864
   0.780368    0.179408   0.0363737    0.583004    0.037067  0.00726269     1.66045
   0.859146    0.151118   0.0085908    0.483799 1.20701e-09 2.50101e-05     4.70418
   0.795005    0.214919    0.139219    0.569653 0.000189275 5.47309e-11     3.49683
   0.854661    0.233415   0.0684453    0.515897  0.00330283 2.95841e-06    0.179572
    0.85359    0.244649   0.0590414    0.572659 0.000250965 7.32099e-12    0.879635
   0.896572    0.178702    0.053021    0.473544 8.63155e-05 0.000128054    0.641673
    0.86308    0.195634    0.141039    0.480803   0.0470598 5.44245e-11     49.0473
   0.670373    0.190518   0.0881091    0.533803  0.00338522  0.00244439   0.0965558
   0.826474    0.188335    0.042797    0.568553 1.83712e-08 2.26755e-07     1.78773
   0.877135    0.189768   0.0674672    0.554599 0.000118309 0.000109177    0.371282
   0.774023    0.286341   0.0259675    0.645445 0.000339071   0.0336212     3.71282
   0.813543    0.235585    0.036221    0.564239 3.51288e-08  0.00698553     2.36806
   0.820457    0.208048   0.0389477    0.501894  0.00601559   0.0492631     1.85418
   0.834658    0.287985   0.0913192    0.564005 7.18575e-09 9.08915e-06    0.143783
   0.879694    0.210231   0.0306409    0.498229   0.0109905 0.000982026     2.25449
   0.877598    0.215693   0.0252892    0.666426   0.0212547 0.000272961     3.16864
   0.715735    0.206258    0.135072    0.544451  0.00337257  0.00149979     4.09505
   0.758513    0.157303   0.0405713    0.521179   0.0452669 2.19523e-14     0.83646
   0.816234    0.241109   0.0615975    0.521125   0.0612371   0.0520066    0.249494
   0.804826    0.168564   0.0484261    0.566453  0.00364131 5.32457e-14     1.29366
   0.768881    0.222332    0.165347    0.585489  0.00147262 6.23569e-19     7.79119
   0.774545    0.171727   0.0484582    0.594582  0.00176996 0.000241679     1.47271
   0.866061    0.200088   0.0343901    0.558389 9.02773e-05 0.000163319     2.38401
   0.835425    0.207752   0.0979749    0.465803 7.15694e-05  0.00357954    0.910986
   0.805902    0.179399   0.0623234    0.534416 5.43284e-05   0.0458124    0.610663
   0.815599    0.209939   0.0385258    0.509992   0.0202126   0.0125443     1.51298
   0.812691    0.192315   0.0758957    0.503314 2.55552e-08 7.56513e-06   0.0358828
   0.738272    0.186988   0.0296871    0.529554  0.00320459  0.00021937     2.64128
   0.784962    0.155752   0.0713949    0.634111   0.0330627  0.00537718   0.0272137
   0.720252    0.110851    0.123629     0.45435 0.000183093    0.138991     4.09306
   0.811912    0.145168    0.124539    0.614071  0.00892897  0.00128021     2.34737
   0.826693     0.22964   0.0872242    0.511521   0.0132073 1.40336e-10     0.38061
   0.798939    0.162765   0.0325094     0.57249   0.0249183   0.0120015     2.17072
   0.894834    0.253126   0.0920953    0.555322 1.01041e-08    0.148655    0.278051
   0.844406    0.293556    0.143395    0.529913   0.0036706   0.0195832     5.40476
   0.841513    0.275422   0.0327891    0.573927   0.0936553 5.72395e-10     1.26857
    0.84323    0.249684     0.18123    0.555033 0.000699591   0.0485813     10.9973
   0.833241    0.257237   0.0958861    0.629202  7.9541e-06 1.20275e-06     0.18497
   0.865144      0.1569    0.178082    0.566049 0.000909153  0.00172526     13.1564
     0.8457    0.328212   0.0424128    0.481045  0.00711676 2.73554e-07     1.54784
   0.848046    0.168224   0.0392553    0.524524 4.06996e-06 3.10646e-06     1.83213
   0.835077    0.256546    0.153858    0.530629  0.00424453 3.61511e-05     9.27285
   0.874775    0.253496    0.054328    0.547662 0.000455676 1.13152e-06     1.01682
   0.832536    0.100251   0.0284177    0.380184 5.60796e-09 8.17254e-16     2.04699
   0.784993    0.203941   0.0788106    0.603114 2.42971e-05   0.0239276    0.270313
   0.830659    0.217134   0.0448425     0.48223   0.0112076  0.00784069     1.04539
   0.864977    0.173127   0.0903421    0.640738 0.000408749  0.00448122     0.15999
   0.734104    0.208748    0.136004    0.586898 2.81493e-06 1.68774e-07     2.58633
   0.778194    0.163744    0.136479    0.523631 3.13964e-05 0.000588798     4.80792

Updating Weight Matrix!
GBVEC AND COST: 0.825114  0.220528  0.075811  0.544693  0.019967  0.014666 0.0206385
Chkpt reached!
new weight matrix:
  0.0139524           0           0           0           0           0           0           0           0           0           0           0           0           0           0           0           0           0           0           0           0           0           0           0           0           0           0
          0  0.00472132           0           0           0           0           0           0           0           0           0           0           0           0           0           0           0           0           0           0           0           0           0           0           0           0           0
          0           0   0.0730104           0           0           0           0           0           0           0           0           0           0           0           0           0           0           0           0           0           0           0           0           0           0           0           0
          0           0           0     214.073           0           0           0           0           0           0           0           0           0           0           0           0           0           0           0           0           0           0           0           0           0           0           0
          0           0           0           0  0.00405123           0           0           0           0           0           0           0           0           0           0           0           0           0           0           0           0           0           0           0           0           0           0
          0           0           0           0           0    0.116352           0           0           0           0           0           0           0           0           0           0           0           0           0           0           0           0           0           0           0           0           0
          0           0           0           0           0           0 7.72051e-06           0           0           0           0           0           0           0           0           0           0           0           0           0           0           0           0           0           0           0           0
          0           0           0           0           0           0           0 5.14086e-07           0           0           0           0           0           0           0           0           0           0           0           0           0           0           0           0           0           0           0
          0           0           0           0           0           0           0           0  0.00029405           0           0           0           0           0           0           0           0           0           0           0           0           0           0           0           0           0           0
          0           0           0           0           0           0           0           0           0     6446.94           0           0           0           0           0           0           0           0           0           0           0           0           0           0           0           0           0
          0           0           0           0           0           0           0           0           0           0 4.33778e-07           0           0           0           0           0           0           0           0           0           0           0           0           0           0           0           0
          0           0           0           0           0           0           0           0           0           0           0 0.000752253           0           0           0           0           0           0           0           0           0           0           0           0           0           0           0
          0           0           0           0           0           0           0           0           0           0           0           0    0.743663           0           0           0           0           0           0           0           0           0           0           0           0           0           0
          0           0           0           0           0           0           0           0           0           0           0           0           0 0.000478364           0           0           0           0           0           0           0           0           0           0           0           0           0
          0           0           0           0           0           0           0           0           0           0           0           0           0           0    0.568603           0           0           0           0           0           0           0           0           0           0           0           0
          0           0           0           0           0           0           0           0           0           0           0           0           0           0           0 0.000452146           0           0           0           0           0           0           0           0           0           0           0
          0           0           0           0           0           0           0           0           0           0           0           0           0           0           0           0 0.000543084           0           0           0           0           0           0           0           0           0           0
          0           0           0           0           0           0           0           0           0           0           0           0           0           0           0           0           0 0.000128307           0           0           0           0           0           0           0           0           0
          0           0           0           0           0           0           0           0           0           0           0           0           0           0           0           0           0           0     10.5742           0           0           0           0           0           0           0           0
          0           0           0           0           0           0           0           0           0           0           0           0           0           0           0           0           0           0           0  4.7488e-07           0           0           0           0           0           0           0
          0           0           0           0           0           0           0           0           0           0           0           0           0           0           0           0           0           0           0           0 0.000251329           0           0           0           0           0           0
          0           0           0           0           0           0           0           0           0           0           0           0           0           0           0           0           0           0           0           0           0     4.03376           0           0           0           0           0
          0           0           0           0           0           0           0           0           0           0           0           0           0           0           0           0           0           0           0           0           0           0 6.36079e-05           0           0           0           0
          0           0           0           0           0           0           0           0           0           0           0           0           0           0           0           0           0           0           0           0           0           0           0 0.000481588           0           0           0
          0           0           0           0           0           0           0           0           0           0           0           0           0           0           0           0           0           0           0           0           0           0           0           0      2.6641           0           0
          0           0           0           0           0           0           0           0           0           0           0           0           0           0           0           0           0           0           0           0           0           0           0           0           0     5.57338           0
          0           0           0           0           0           0           0           0           0           0           0           0           0           0           0           0           0           0           0           0           0           0           0           0           0           0 0.000119825

underflow!0.00375051
pos  0.797174   0.206617  0.0553271   0.525304  0.0178882 0.00375051
underflow!4.12915e-07
pos   0.839611    0.243945   0.0695438     0.54928  0.00929227 4.12915e-07
underflow!0.000828962
pos   0.813274    0.211533   0.0903693    0.543875  0.00220985 0.000828962
underflow!0.00218928
pos  0.882776    0.21371  0.0862575   0.575191 0.00218928   0.100805
underflow!2.08614e-07
pos    0.80952    0.239118   0.0954901    0.554769  0.00934126 2.08614e-07
underflow!9.46676e-06
pos   0.793528    0.221184   0.0596281    0.530145   0.0228751 9.46676e-06
underflow!0.002594
pos   0.814634    0.209335   0.0980327    0.538611    0.002594 1.96738e-05
underflow!4.68806e-06
pos   0.880279    0.203434    0.073927    0.555273  0.00499546 4.68806e-06
underflow!0.00499546
pos   0.880279    0.203434    0.073927    0.555273  0.00499546 4.68806e-06
underflow!0.000882011
pos   0.806408    0.192939   0.0750547     0.54539 0.000882011   0.0809637
underflow!0.00137713
pos  0.831975     0.2266  0.0804107   0.514455  0.0193197 0.00137713
underflow!0.00419481
pos   0.80622   0.192312   0.101015   0.549009   0.071447 0.00419481
underflow!0.000156858
pos   0.824409    0.217792    0.055498     0.53956  0.00297014 0.000156858
underflow!0.00297014
pos   0.824409    0.217792    0.055498     0.53956  0.00297014 0.000156858
underflow!0.000631612
pos   0.778534    0.165194   0.0506774    0.541598   0.0509957 0.000631612
underflow!0.00327178
pos  0.869948   0.218757   0.101174   0.518263 0.00327178  0.0102189
underflow!0.00182761
pos  0.873996   0.222044  0.0324631   0.537606 0.00182761 0.00235573
underflow!0.00235573
pos  0.873996   0.222044  0.0324631   0.537606 0.00182761 0.00235573
underflow!0.0035855
pos  0.842189   0.237723  0.0758483   0.564584 0.00670499  0.0035855
underflow!0.00143773
pos  0.822527   0.193647  0.0961356   0.534209 0.00217611 0.00143773
underflow!0.00217611
pos  0.822527   0.193647  0.0961356   0.534209 0.00217611 0.00143773
underflow!0.000669734
pos   0.845182    0.200038   0.0612428    0.538881   0.0280192 0.000669734
underflow!0.00108935
pos  0.877529   0.204286  0.0585255   0.555406 0.00606721 0.00108935
underflow!0.00490411
pos  0.836291   0.225347  0.0705835   0.555047  0.0194533 0.00490411
underflow!0.0038576
pos  0.834149   0.254473  0.0782035   0.511834  0.0038576 0.00342131
underflow!0.00342131
pos  0.834149   0.254473  0.0782035   0.511834  0.0038576 0.00342131
underflow!0.000433085
pos   0.841889    0.208194   0.0761315    0.550303   0.0108885 0.000433085
underflow!0.00406647
pos  0.817887   0.200821   0.070609   0.533576   0.011909 0.00406647
underflow!0.00475378
pos   0.82777   0.202249  0.0670076   0.563958  0.0128411 0.00475378
underflow!0.00437022
pos  0.860395   0.251808   0.076181   0.506169 0.00588829 0.00437022
underflow!0.00207165
pos  0.809692   0.226345  0.0695228    0.51559 0.00207165 0.00785305
underflow!0.00444346
pos  0.794498   0.196765   0.105049   0.576102  0.0458052 0.00444346
underflow!0.00497974
pos  0.810779   0.233164  0.0863057   0.561464  0.0184666 0.00497974
Updating Weight Matrix!
GBVEC AND COST: 0.825114  0.220528  0.075811  0.544693  0.019967  0.014666 0.0206385
Chkpt reached!
new weight matrix:
  0.0139524           0           0           0           0           0           0           0           0           0           0           0           0           0           0           0           0           0           0           0           0           0           0           0           0           0           0
          0  0.00472132           0           0           0           0           0           0           0           0           0           0           0           0           0           0           0           0           0           0           0           0           0           0           0           0           0
          0           0   0.0730104           0           0           0           0           0           0           0           0           0           0           0           0           0           0           0           0           0           0           0           0           0           0           0           0
          0           0           0     214.073           0           0           0           0           0           0           0           0           0           0           0           0           0           0           0           0           0           0           0           0           0           0           0
          0           0           0           0  0.00405123           0           0           0           0           0           0           0           0           0           0           0           0           0           0           0           0           0           0           0           0           0           0
          0           0           0           0           0    0.116352           0           0           0           0           0           0           0           0           0           0           0           0           0           0           0           0           0           0           0           0           0
          0           0           0           0           0           0 7.72051e-06           0           0           0           0           0           0           0           0           0           0           0           0           0           0           0           0           0           0           0           0
          0           0           0           0           0           0           0 5.14086e-07           0           0           0           0           0           0           0           0           0           0           0           0           0           0           0           0           0           0           0
          0           0           0           0           0           0           0           0  0.00029405           0           0           0           0           0           0           0           0           0           0           0           0           0           0           0           0           0           0
          0           0           0           0           0           0           0           0           0     6446.94           0           0           0           0           0           0           0           0           0           0           0           0           0           0           0           0           0
          0           0           0           0           0           0           0           0           0           0 4.33778e-07           0           0           0           0           0           0           0           0           0           0           0           0           0           0           0           0
          0           0           0           0           0           0           0           0           0           0           0 0.000752253           0           0           0           0           0           0           0           0           0           0           0           0           0           0           0
          0           0           0           0           0           0           0           0           0           0           0           0    0.743663           0           0           0           0           0           0           0           0           0           0           0           0           0           0
          0           0           0           0           0           0           0           0           0           0           0           0           0 0.000478364           0           0           0           0           0           0           0           0           0           0           0           0           0
          0           0           0           0           0           0           0           0           0           0           0           0           0           0    0.568603           0           0           0           0           0           0           0           0           0           0           0           0
          0           0           0           0           0           0           0           0           0           0           0           0           0           0           0 0.000452146           0           0           0           0           0           0           0           0           0           0           0
          0           0           0           0           0           0           0           0           0           0           0           0           0           0           0           0 0.000543084           0           0           0           0           0           0           0           0           0           0
          0           0           0           0           0           0           0           0           0           0           0           0           0           0           0           0           0 0.000128307           0           0           0           0           0           0           0           0           0
          0           0           0           0           0           0           0           0           0           0           0           0           0           0           0           0           0           0     10.5742           0           0           0           0           0           0           0           0
          0           0           0           0           0           0           0           0           0           0           0           0           0           0           0           0           0           0           0  4.7488e-07           0           0           0           0           0           0           0
          0           0           0           0           0           0           0           0           0           0           0           0           0           0           0           0           0           0           0           0 0.000251329           0           0           0           0           0           0
          0           0           0           0           0           0           0           0           0           0           0           0           0           0           0           0           0           0           0           0           0     4.03376           0           0           0           0           0
          0           0           0           0           0           0           0           0           0           0           0           0           0           0           0           0           0           0           0           0           0           0 6.36079e-05           0           0           0           0
          0           0           0           0           0           0           0           0           0           0           0           0           0           0           0           0           0           0           0           0           0           0           0 0.000481588           0           0           0
          0           0           0           0           0           0           0           0           0           0           0           0           0           0           0           0           0           0           0           0           0           0           0           0      2.6641           0           0
          0           0           0           0           0           0           0           0           0           0           0           0           0           0           0           0           0           0           0           0           0           0           0           0           0     5.57338           0
          0           0           0           0           0           0           0           0           0           0           0           0           0           0           0           0           0           0           0           0           0           0           0           0           0           0 0.000119825

underflow!0.00086053
pos  0.858286   0.247116  0.0800607   0.542482   0.027771 0.00086053
underflow!0.00441119
pos  0.815156   0.224543  0.0692681   0.557356 0.00441119   0.052539
underflow!0.00435417
pos  0.835365   0.206936    0.07554    0.53156   0.012872 0.00435417
underflow!0.00419406
pos   0.83047   0.224732  0.0933546   0.551858  0.0112705 0.00419406
underflow!0.00432218
pos  0.816245   0.206373  0.0765621   0.560648 0.00616629 0.00432218
GBMAT after targeted PSO:
  0.825114   0.178173   0.075811   0.562319   0.019967   0.014666     93.058
  0.825114   0.178173   0.075811   0.562319   0.019967   0.014666     93.058
  0.825114   0.220528   0.075811   0.544693   0.019967   0.014666    84.3748
  0.825114   0.220528   0.075811   0.544693   0.019967   0.014666  0.0206385
  0.825114   0.220528   0.075811   0.544693   0.019967   0.014666  0.0206385
  0.825114   0.220528   0.075811   0.544693   0.019967   0.014666  0.0206385
  0.825114   0.220528   0.075811   0.544693   0.019967   0.014666  0.0206385
  0.825114   0.220528   0.075811   0.544693   0.019967   0.014666  0.0206385
  0.825114   0.220528   0.075811   0.544693   0.019967   0.014666  0.0206385
  0.825114   0.220528   0.075811   0.544693   0.019967   0.014666  0.0206385
  0.825114   0.220528   0.075811   0.544693   0.019967   0.014666  0.0206385
  0.811619   0.207153  0.0756912   0.572854  0.0206686  0.0120243  0.0136018
  0.810601   0.201632  0.0746173   0.554218  0.0196875 0.00865875  0.0074203
  0.826285   0.204041  0.0755606   0.537165  0.0141492 0.00798863 0.00673978
   0.82584   0.200922  0.0755179   0.542584  0.0162019 0.00889108 0.00537749
  0.825793   0.177557  0.0736972   0.539921  0.0172744 0.00878165 0.00210669
truk:  0.515996 0.0603199  0.103199  0.896801   0.05516 0.0722394
total difference b/w truk and final GBVEC:0.243415
Wt:
  0.0139524           0           0           0           0           0           0           0           0           0           0           0           0           0           0           0           0           0           0           0           0           0           0           0           0           0           0
          0  0.00472132           0           0           0           0           0           0           0           0           0           0           0           0           0           0           0           0           0           0           0           0           0           0           0           0           0
          0           0   0.0730104           0           0           0           0           0           0           0           0           0           0           0           0           0           0           0           0           0           0           0           0           0           0           0           0
          0           0           0     214.073           0           0           0           0           0           0           0           0           0           0           0           0           0           0           0           0           0           0           0           0           0           0           0
          0           0           0           0  0.00405123           0           0           0           0           0           0           0           0           0           0           0           0           0           0           0           0           0           0           0           0           0           0
          0           0           0           0           0    0.116352           0           0           0           0           0           0           0           0           0           0           0           0           0           0           0           0           0           0           0           0           0
          0           0           0           0           0           0 7.72051e-06           0           0           0           0           0           0           0           0           0           0           0           0           0           0           0           0           0           0           0           0
          0           0           0           0           0           0           0 5.14086e-07           0           0           0           0           0           0           0           0           0           0           0           0           0           0           0           0           0           0           0
          0           0           0           0           0           0           0           0  0.00029405           0           0           0           0           0           0           0           0           0           0           0           0           0           0           0           0           0           0
          0           0           0           0           0           0           0           0           0     6446.94           0           0           0           0           0           0           0           0           0           0           0           0           0           0           0           0           0
          0           0           0           0           0           0           0           0           0           0 4.33778e-07           0           0           0           0           0           0           0           0           0           0           0           0           0           0           0           0
          0           0           0           0           0           0           0           0           0           0           0 0.000752253           0           0           0           0           0           0           0           0           0           0           0           0           0           0           0
          0           0           0           0           0           0           0           0           0           0           0           0    0.743663           0           0           0           0           0           0           0           0           0           0           0           0           0           0
          0           0           0           0           0           0           0           0           0           0           0           0           0 0.000478364           0           0           0           0           0           0           0           0           0           0           0           0           0
          0           0           0           0           0           0           0           0           0           0           0           0           0           0    0.568603           0           0           0           0           0           0           0           0           0           0           0           0
          0           0           0           0           0           0           0           0           0           0           0           0           0           0           0 0.000452146           0           0           0           0           0           0           0           0           0           0           0
          0           0           0           0           0           0           0           0           0           0           0           0           0           0           0           0 0.000543084           0           0           0           0           0           0           0           0           0           0
          0           0           0           0           0           0           0           0           0           0           0           0           0           0           0           0           0 0.000128307           0           0           0           0           0           0           0           0           0
          0           0           0           0           0           0           0           0           0           0           0           0           0           0           0           0           0           0     10.5742           0           0           0           0           0           0           0           0
          0           0           0           0           0           0           0           0           0           0           0           0           0           0           0           0           0           0           0  4.7488e-07           0           0           0           0           0           0           0
          0           0           0           0           0           0           0           0           0           0           0           0           0           0           0           0           0           0           0           0 0.000251329           0           0           0           0           0           0
          0           0           0           0           0           0           0           0           0           0           0           0           0           0           0           0           0           0           0           0           0     4.03376           0           0           0           0           0
          0           0           0           0           0           0           0           0           0           0           0           0           0           0           0           0           0           0           0           0           0           0 6.36079e-05           0           0           0           0
          0           0           0           0           0           0           0           0           0           0           0           0           0           0           0           0           0           0           0           0           0           0           0 0.000481588           0           0           0
          0           0           0           0           0           0           0           0           0           0           0           0           0           0           0           0           0           0           0           0           0           0           0           0      2.6641           0           0
          0           0           0           0           0           0           0           0           0           0           0           0           0           0           0           0           0           0           0           0           0           0           0           0           0     5.57338           0
          0           0           0           0           0           0           0           0           0           0           0           0           0           0           0           0           0           0           0           0           0           0           0           0           0           0 0.000119825
CODE FINISHED RUNNING IN 40 s TIME!
Job Statistics for 2000356:
           JobID       User               Start                 End    Elapsed     MaxRSS   TotalCPU      State Exit        NodeList                                  ReqTRES 
---------------- ---------- ------------------- ------------------- ---------- ---------- ---------- ---------- ---- --------------- ---------------------------------------- 
         2000356   rsjxw007 2021-08-23T17:43:08 2021-08-23T17:43:49   00:00:41             00:40.674  COMPLETED  0:0   r1pl-hpcf-n21        billing=2,cpu=2,mem=15624M,node=1 
   2000356.batch            2021-08-23T17:43:08 2021-08-23T17:43:49   00:00:41      2.58M  00:40.673  COMPLETED  0:0   r1pl-hpcf-n21                                          
  2000356.extern            2021-08-23T17:43:08 2021-08-23T17:43:49   00:00:41          0  00:00.001  COMPLETED  0:0   r1pl-hpcf-n21                                          
CPU Efficiency: 50.00% of 00:01:22 core-walltime
