PSO_S_ODE_NonLinear
Using two part PSO Sample Size:5000 with:27 moments.
Using Record Time:30
Bounds for Uniform Distribution (0,1)
Blind PSO --> nParts:10 Nsteps:2
Targeted PSO --> nParts:50 Nsteps:10
sdbeta:0.1
wt:
1 0 0 0 0 0 0 0 0 0 0 0 0 0 0 0 0 0 0 0 0 0 0 0 0 0 0
0 1 0 0 0 0 0 0 0 0 0 0 0 0 0 0 0 0 0 0 0 0 0 0 0 0 0
0 0 1 0 0 0 0 0 0 0 0 0 0 0 0 0 0 0 0 0 0 0 0 0 0 0 0
0 0 0 1 0 0 0 0 0 0 0 0 0 0 0 0 0 0 0 0 0 0 0 0 0 0 0
0 0 0 0 1 0 0 0 0 0 0 0 0 0 0 0 0 0 0 0 0 0 0 0 0 0 0
0 0 0 0 0 1 0 0 0 0 0 0 0 0 0 0 0 0 0 0 0 0 0 0 0 0 0
0 0 0 0 0 0 1 0 0 0 0 0 0 0 0 0 0 0 0 0 0 0 0 0 0 0 0
0 0 0 0 0 0 0 1 0 0 0 0 0 0 0 0 0 0 0 0 0 0 0 0 0 0 0
0 0 0 0 0 0 0 0 1 0 0 0 0 0 0 0 0 0 0 0 0 0 0 0 0 0 0
0 0 0 0 0 0 0 0 0 1 0 0 0 0 0 0 0 0 0 0 0 0 0 0 0 0 0
0 0 0 0 0 0 0 0 0 0 1 0 0 0 0 0 0 0 0 0 0 0 0 0 0 0 0
0 0 0 0 0 0 0 0 0 0 0 1 0 0 0 0 0 0 0 0 0 0 0 0 0 0 0
0 0 0 0 0 0 0 0 0 0 0 0 1 0 0 0 0 0 0 0 0 0 0 0 0 0 0
0 0 0 0 0 0 0 0 0 0 0 0 0 1 0 0 0 0 0 0 0 0 0 0 0 0 0
0 0 0 0 0 0 0 0 0 0 0 0 0 0 1 0 0 0 0 0 0 0 0 0 0 0 0
0 0 0 0 0 0 0 0 0 0 0 0 0 0 0 1 0 0 0 0 0 0 0 0 0 0 0
0 0 0 0 0 0 0 0 0 0 0 0 0 0 0 0 1 0 0 0 0 0 0 0 0 0 0
0 0 0 0 0 0 0 0 0 0 0 0 0 0 0 0 0 1 0 0 0 0 0 0 0 0 0
0 0 0 0 0 0 0 0 0 0 0 0 0 0 0 0 0 0 1 0 0 0 0 0 0 0 0
0 0 0 0 0 0 0 0 0 0 0 0 0 0 0 0 0 0 0 1 0 0 0 0 0 0 0
0 0 0 0 0 0 0 0 0 0 0 0 0 0 0 0 0 0 0 0 1 0 0 0 0 0 0
0 0 0 0 0 0 0 0 0 0 0 0 0 0 0 0 0 0 0 0 0 1 0 0 0 0 0
0 0 0 0 0 0 0 0 0 0 0 0 0 0 0 0 0 0 0 0 0 0 1 0 0 0 0
0 0 0 0 0 0 0 0 0 0 0 0 0 0 0 0 0 0 0 0 0 0 0 1 0 0 0
0 0 0 0 0 0 0 0 0 0 0 0 0 0 0 0 0 0 0 0 0 0 0 0 1 0 0
0 0 0 0 0 0 0 0 0 0 0 0 0 0 0 0 0 0 0 0 0 0 0 0 0 1 0
0 0 0 0 0 0 0 0 0 0 0 0 0 0 0 0 0 0 0 0 0 0 0 0 0 0 1
mu: 80 120  85
covarMat:
 50   0   0
  0 100   0
  0   0  50

Yt:  3.84256   3.75043   2.38097  0.124126   6.25553   3.18614    52.714   109.743   10.7978 0.0183909   148.325   19.2634  0.747491   9.74539  0.647131     11.14   13.6377   13.4317  0.146655   123.322   17.0473  0.304561   24.5341   14.4071  0.469606  0.415264   31.8697
seedk: 0.515996 0.0603199  0.103199  0.896801   0.05516 0.0722394| cost:152.894
Xt:  3.91327   3.46242   2.43881  0.126949   6.02817   3.26746   52.5119   102.633   11.4649 0.0189836   141.551   20.3374  0.765425   9.70478  0.662195   11.1324   13.5735   13.2548  0.143049    116.03   16.8313  0.319224   25.0389    15.254  0.481257  0.435156   32.5205
PSO begins!
New GBMAT from blind pso!
 0.515996 0.0603199  0.103199  0.896801   0.05516 0.0722394   152.894
 0.515996 0.0603199  0.103199  0.896801   0.05516 0.0722394   152.894


New GBMAT from blind pso!
 0.515996 0.0603199  0.103199  0.896801   0.05516 0.0722394   152.894
 0.515996 0.0603199  0.103199  0.896801   0.05516 0.0722394   152.894
 0.515996 0.0603199 0.0894677  0.896801   0.05516 0.0722394   39.9009


GBMAT from blind PSO:

 0.515996 0.0603199  0.103199  0.896801   0.05516 0.0722394   152.894
 0.515996 0.0603199  0.103199  0.896801   0.05516 0.0722394   152.894
 0.515996 0.0603199 0.0894677  0.896801   0.05516 0.0722394   39.9009

truk:  0.515996 0.0603199  0.103199  0.896801   0.05516 0.0722394
total difference b/w truk and final GBVEC0.000188555

blind PSO FINISHED RUNNING IN 3 s TIME!
targeted PSO has started!
Updating Weight Matrix!
GBVEC AND COST: 0.515996 0.0603199 0.0894677  0.896801   0.05516 0.0722394   39.9009
Chkpt reached!
new weight matrix:
  0.0133908           0           0           0           0           0           0           0           0           0           0           0           0           0           0           0           0           0           0           0           0           0           0           0           0           0           0
          0  0.00517442           0           0           0           0           0           0           0           0           0           0           0           0           0           0           0           0           0           0           0           0           0           0           0           0           0
          0           0   0.0891692           0           0           0           0           0           0           0           0           0           0           0           0           0           0           0           0           0           0           0           0           0           0           0           0
          0           0           0     188.674           0           0           0           0           0           0           0           0           0           0           0           0           0           0           0           0           0           0           0           0           0           0           0
          0           0           0           0   0.0044724           0           0           0           0           0           0           0           0           0           0           0           0           0           0           0           0           0           0           0           0           0           0
          0           0           0           0           0   0.0585048           0           0           0           0           0           0           0           0           0           0           0           0           0           0           0           0           0           0           0           0           0
          0           0           0           0           0           0  7.2793e-06           0           0           0           0           0           0           0           0           0           0           0           0           0           0           0           0           0           0           0           0
          0           0           0           0           0           0           0 5.50849e-07           0           0           0           0           0           0           0           0           0           0           0           0           0           0           0           0           0           0           0
          0           0           0           0           0           0           0           0 0.000445959           0           0           0           0           0           0           0           0           0           0           0           0           0           0           0           0           0           0
          0           0           0           0           0           0           0           0           0     4617.55           0           0           0           0           0           0           0           0           0           0           0           0           0           0           0           0           0
          0           0           0           0           0           0           0           0           0           0 4.70174e-07           0           0           0           0           0           0           0           0           0           0           0           0           0           0           0           0
          0           0           0           0           0           0           0           0           0           0           0 0.000192162           0           0           0           0           0           0           0           0           0           0           0           0           0           0           0
          0           0           0           0           0           0           0           0           0           0           0           0    0.990619           0           0           0           0           0           0           0           0           0           0           0           0           0           0
          0           0           0           0           0           0           0           0           0           0           0           0           0 0.000579776           0           0           0           0           0           0           0           0           0           0           0           0           0
          0           0           0           0           0           0           0           0           0           0           0           0           0           0    0.461421           0           0           0           0           0           0           0           0           0           0           0           0
          0           0           0           0           0           0           0           0           0           0           0           0           0           0           0 0.000540768           0           0           0           0           0           0           0           0           0           0           0
          0           0           0           0           0           0           0           0           0           0           0           0           0           0           0           0 0.000323437           0           0           0           0           0           0           0           0           0           0
          0           0           0           0           0           0           0           0           0           0           0           0           0           0           0           0           0  0.00016523           0           0           0           0           0           0           0           0           0
          0           0           0           0           0           0           0           0           0           0           0           0           0           0           0           0           0           0     10.7511           0           0           0           0           0           0           0           0
          0           0           0           0           0           0           0           0           0           0           0           0           0           0           0           0           0           0           0 5.11145e-07           0           0           0           0           0           0           0
          0           0           0           0           0           0           0           0           0           0           0           0           0           0           0           0           0           0           0           0 0.000121275           0           0           0           0           0           0
          0           0           0           0           0           0           0           0           0           0           0           0           0           0           0           0           0           0           0           0           0     3.97804           0           0           0           0           0
          0           0           0           0           0           0           0           0           0           0           0           0           0           0           0           0           0           0           0           0           0           0 8.78268e-05           0           0           0           0
          0           0           0           0           0           0           0           0           0           0           0           0           0           0           0           0           0           0           0           0           0           0           0 0.000298149           0           0           0
          0           0           0           0           0           0           0           0           0           0           0           0           0           0           0           0           0           0           0           0           0           0           0           0      2.6657           0           0
          0           0           0           0           0           0           0           0           0           0           0           0           0           0           0           0           0           0           0           0           0           0           0           0           0     2.38319           0
          0           0           0           0           0           0           0           0           0           0           0           0           0           0           0           0           0           0           0           0           0           0           0           0           0           0 6.35937e-05

New PBMAT:
   0.50359   0.105323   0.130828   0.891991  0.0528976  0.0194251    20.9961
  0.511853  0.0673139   0.117499   0.920675   0.076168  0.0905901   0.345808
   0.49556  0.0296121  0.0144624   0.733676  0.0491381  0.0934971    5.96712
   0.55717  0.0426751  0.0878118   0.912741  0.0574636  0.0437093   0.217057
  0.400585 0.00934512  0.0851646    0.85968   0.100476   0.067519    0.63169
  0.532361  0.0594921  0.0760426   0.857982  0.0120153  0.0596824    1.64896
  0.458913   0.105761    0.14062   0.834157  0.0151824  0.0806137   0.237965
   0.48998 0.00523274  0.0705554   0.940249  0.0404693  0.0568493    1.10963
  0.467992     0.1325   0.070847   0.856004  0.0771885  0.0935937    1.10244
  0.550189  0.0494591   0.073532    0.92542   0.118396  0.0230043    9.94958
  0.562196  0.0158451  0.0677216   0.872285  0.0332139   0.102712    2.04069
  0.531958  0.0411701  0.0261772   0.874654   0.011924  0.0622505    5.18379
  0.555876  0.0242043    0.04028   0.869556  0.0944725  0.0275552   0.665362
  0.497871  0.0991894   0.041932   0.872748  0.0443409  0.0171649    1.54802
  0.502041  0.0995845   0.136657   0.850834  0.0157496  0.0193201    3.06809
  0.521862 0.00599084   0.150544   0.888112   0.225738   0.133818    26.2237
  0.458148  0.0839841  0.0587684    0.95133  0.0899489  0.0465091   0.323035
  0.520406   0.201805    0.10029   0.799528  0.0311181  0.0479787   0.307046
  0.532747   0.152826   0.113652   0.898862  0.0469981  0.0431997   0.948679
    0.4933   0.019048   0.167176    0.94049  0.0369892   0.177594   0.245623
  0.443515  0.0453085  0.0335805   0.950591 0.00938824  0.0444912    4.55072
  0.524654 0.00228727  0.0294422   0.938439  0.0499849   0.035965    3.81786
  0.497159   0.138619  0.0788954   0.948375   0.105908  0.0325689    2.58166
   0.52243  0.0342198  0.0798357   0.879284  0.0109674  0.0383699    1.43483
  0.533366  0.0641288    0.12142    0.84265  0.0131792  0.0485405   0.354703
  0.443166  0.0355064  0.0852867   0.924275  0.0175079  0.0498235    1.13206
  0.537189  0.0408673  0.0983909   0.872627  0.0529859  0.0813719  0.0457273
  0.497435  0.0192802    0.17165   0.860097  0.0195483  0.0376238    4.67706
  0.541651 0.00988199  0.0995984   0.925454   0.200067   0.117517    3.20536
   0.50737  0.0775034   0.121638   0.875925  0.0575313  0.0464572    3.28686
   0.53167  0.0533584  0.0817283   0.857603 0.00578294  0.0795245    1.80679
  0.516299 0.00586624   0.112916   0.903019  0.0408565   0.036714    1.73553
   0.40373  0.0226915   0.200616   0.812362   0.106662   0.148327    15.5969
  0.501637   0.105512   0.149107   0.969456  0.0636935  0.0650952    2.94894
  0.529325  0.0973715   0.119825   0.894105   0.301735   0.115009    29.7306
  0.517227  0.0400609   0.131665   0.883877   0.177192  0.0583235    64.9618
  0.482317  0.0685242  0.0371636   0.903335  0.0417585  0.0738396    3.76335
  0.441867  0.0422703   0.102283   0.935542  0.0756419  0.0955099  0.0691358
  0.451754  0.0479224  0.0721432    0.90569  0.0176286   0.152184     2.7676
  0.529581  0.0329792  0.0591083   0.893216   0.112343  0.0661628   0.354208
  0.554034  0.0815383  0.0403619    0.86441   0.164612  0.0278158   0.381062
   0.51588   0.129364   0.117365   0.943432  0.0184134  0.0525421   0.485974
  0.585066  0.0259859   0.102003   0.878352   0.159359  0.0128291    290.654
  0.500762  0.0875571  0.0698584   0.974513  0.0258756  0.0193913    1.06675
  0.481334  0.0257353  0.0543361   0.963825  0.0184399  0.0319974    2.57758
  0.573077  0.0604705  0.0945484   0.968994   0.256608  0.0204083    307.561
  0.547004  0.0447552   0.155546   0.877527  0.0796582  0.0837717     6.9822
  0.494214  0.0032769  0.0541482   0.749598  0.0442818  0.0579297     1.3353
  0.527039  0.0600274   0.125916   0.941865 0.00975392  0.0504046   0.602434
  0.565109   0.032602   0.129816   0.880011  0.0342595  0.0751173   0.189539

Updating Weight Matrix!
GBVEC AND COST: 0.515996 0.0603199 0.0894677  0.896801   0.05516 0.0722394  0.135334
Chkpt reached!
new weight matrix:
  0.0133908           0           0           0           0           0           0           0           0           0           0           0           0           0           0           0           0           0           0           0           0           0           0           0           0           0           0
          0  0.00517442           0           0           0           0           0           0           0           0           0           0           0           0           0           0           0           0           0           0           0           0           0           0           0           0           0
          0           0   0.0891692           0           0           0           0           0           0           0           0           0           0           0           0           0           0           0           0           0           0           0           0           0           0           0           0
          0           0           0     188.674           0           0           0           0           0           0           0           0           0           0           0           0           0           0           0           0           0           0           0           0           0           0           0
          0           0           0           0   0.0044724           0           0           0           0           0           0           0           0           0           0           0           0           0           0           0           0           0           0           0           0           0           0
          0           0           0           0           0   0.0585048           0           0           0           0           0           0           0           0           0           0           0           0           0           0           0           0           0           0           0           0           0
          0           0           0           0           0           0  7.2793e-06           0           0           0           0           0           0           0           0           0           0           0           0           0           0           0           0           0           0           0           0
          0           0           0           0           0           0           0 5.50849e-07           0           0           0           0           0           0           0           0           0           0           0           0           0           0           0           0           0           0           0
          0           0           0           0           0           0           0           0 0.000445959           0           0           0           0           0           0           0           0           0           0           0           0           0           0           0           0           0           0
          0           0           0           0           0           0           0           0           0     4617.55           0           0           0           0           0           0           0           0           0           0           0           0           0           0           0           0           0
          0           0           0           0           0           0           0           0           0           0 4.70174e-07           0           0           0           0           0           0           0           0           0           0           0           0           0           0           0           0
          0           0           0           0           0           0           0           0           0           0           0 0.000192162           0           0           0           0           0           0           0           0           0           0           0           0           0           0           0
          0           0           0           0           0           0           0           0           0           0           0           0    0.990619           0           0           0           0           0           0           0           0           0           0           0           0           0           0
          0           0           0           0           0           0           0           0           0           0           0           0           0 0.000579776           0           0           0           0           0           0           0           0           0           0           0           0           0
          0           0           0           0           0           0           0           0           0           0           0           0           0           0    0.461421           0           0           0           0           0           0           0           0           0           0           0           0
          0           0           0           0           0           0           0           0           0           0           0           0           0           0           0 0.000540768           0           0           0           0           0           0           0           0           0           0           0
          0           0           0           0           0           0           0           0           0           0           0           0           0           0           0           0 0.000323437           0           0           0           0           0           0           0           0           0           0
          0           0           0           0           0           0           0           0           0           0           0           0           0           0           0           0           0  0.00016523           0           0           0           0           0           0           0           0           0
          0           0           0           0           0           0           0           0           0           0           0           0           0           0           0           0           0           0     10.7511           0           0           0           0           0           0           0           0
          0           0           0           0           0           0           0           0           0           0           0           0           0           0           0           0           0           0           0 5.11145e-07           0           0           0           0           0           0           0
          0           0           0           0           0           0           0           0           0           0           0           0           0           0           0           0           0           0           0           0 0.000121275           0           0           0           0           0           0
          0           0           0           0           0           0           0           0           0           0           0           0           0           0           0           0           0           0           0           0           0     3.97804           0           0           0           0           0
          0           0           0           0           0           0           0           0           0           0           0           0           0           0           0           0           0           0           0           0           0           0 8.78268e-05           0           0           0           0
          0           0           0           0           0           0           0           0           0           0           0           0           0           0           0           0           0           0           0           0           0           0           0 0.000298149           0           0           0
          0           0           0           0           0           0           0           0           0           0           0           0           0           0           0           0           0           0           0           0           0           0           0           0      2.6657           0           0
          0           0           0           0           0           0           0           0           0           0           0           0           0           0           0           0           0           0           0           0           0           0           0           0           0     2.38319           0
          0           0           0           0           0           0           0           0           0           0           0           0           0           0           0           0           0           0           0           0           0           0           0           0           0           0 6.35937e-05

Updating Weight Matrix!
GBVEC AND COST: 0.501236 0.0633493 0.0965053  0.896377 0.0509409  0.060099 0.0152161
Chkpt reached!
new weight matrix:
  0.0131969           0           0           0           0           0           0           0           0           0           0           0           0           0           0           0           0           0           0           0           0           0           0           0           0           0           0
          0  0.00529656           0           0           0           0           0           0           0           0           0           0           0           0           0           0           0           0           0           0           0           0           0           0           0           0           0
          0           0   0.0955144           0           0           0           0           0           0           0           0           0           0           0           0           0           0           0           0           0           0           0           0           0           0           0           0
          0           0           0     173.891           0           0           0           0           0           0           0           0           0           0           0           0           0           0           0           0           0           0           0           0           0           0           0
          0           0           0           0  0.00458862           0           0           0           0           0           0           0           0           0           0           0           0           0           0           0           0           0           0           0           0           0           0
          0           0           0           0           0   0.0500484           0           0           0           0           0           0           0           0           0           0           0           0           0           0           0           0           0           0           0           0           0
          0           0           0           0           0           0 7.16592e-06           0           0           0           0           0           0           0           0           0           0           0           0           0           0           0           0           0           0           0           0
          0           0           0           0           0           0           0  5.6227e-07           0           0           0           0           0           0           0           0           0           0           0           0           0           0           0           0           0           0           0
          0           0           0           0           0           0           0           0 0.000497515           0           0           0           0           0           0           0           0           0           0           0           0           0           0           0           0           0           0
          0           0           0           0           0           0           0           0           0     3919.76           0           0           0           0           0           0           0           0           0           0           0           0           0           0           0           0           0
          0           0           0           0           0           0           0           0           0           0  4.8147e-07           0           0           0           0           0           0           0           0           0           0           0           0           0           0           0           0
          0           0           0           0           0           0           0           0           0           0           0 0.000138704           0           0           0           0           0           0           0           0           0           0           0           0           0           0           0
          0           0           0           0           0           0           0           0           0           0           0           0     0.96773           0           0           0           0           0           0           0           0           0           0           0           0           0           0
          0           0           0           0           0           0           0           0           0           0           0           0           0 0.000615254           0           0           0           0           0           0           0           0           0           0           0           0           0
          0           0           0           0           0           0           0           0           0           0           0           0           0           0    0.415165           0           0           0           0           0           0           0           0           0           0           0           0
          0           0           0           0           0           0           0           0           0           0           0           0           0           0           0 0.000571224           0           0           0           0           0           0           0           0           0           0           0
          0           0           0           0           0           0           0           0           0           0           0           0           0           0           0           0 0.000287553           0           0           0           0           0           0           0           0           0           0
          0           0           0           0           0           0           0           0           0           0           0           0           0           0           0           0           0 0.000178999           0           0           0           0           0           0           0           0           0
          0           0           0           0           0           0           0           0           0           0           0           0           0           0           0           0           0           0     10.4143           0           0           0           0           0           0           0           0
          0           0           0           0           0           0           0           0           0           0           0           0           0           0           0           0           0           0           0 5.22396e-07           0           0           0           0           0           0           0
          0           0           0           0           0           0           0           0           0           0           0           0           0           0           0           0           0           0           0           0  0.00010466           0           0           0           0           0           0
          0           0           0           0           0           0           0           0           0           0           0           0           0           0           0           0           0           0           0           0           0     3.85262           0           0           0           0           0
          0           0           0           0           0           0           0           0           0           0           0           0           0           0           0           0           0           0           0           0           0           0 9.71684e-05           0           0           0           0
          0           0           0           0           0           0           0           0           0           0           0           0           0           0           0           0           0           0           0           0           0           0           0 0.000264356           0           0           0
          0           0           0           0           0           0           0           0           0           0           0           0           0           0           0           0           0           0           0           0           0           0           0           0     2.57214           0           0
          0           0           0           0           0           0           0           0           0           0           0           0           0           0           0           0           0           0           0           0           0           0           0           0           0     1.87219           0
          0           0           0           0           0           0           0           0           0           0           0           0           0           0           0           0           0           0           0           0           0           0           0           0           0           0 5.56328e-05

GBMAT after targeted PSO:
  0.515996  0.0603199   0.103199   0.896801    0.05516  0.0722394    152.894
  0.515996  0.0603199   0.103199   0.896801    0.05516  0.0722394    152.894
  0.515996  0.0603199  0.0894677   0.896801    0.05516  0.0722394    39.9009
  0.515996  0.0603199  0.0894677   0.896801    0.05516  0.0722394   0.135334
  0.515996  0.0603199  0.0894677   0.896801    0.05516  0.0722394   0.135334
  0.515996  0.0603199  0.0894677   0.896801    0.05516  0.0722394   0.135334
  0.515996  0.0603199  0.0894677   0.896801    0.05516  0.0722394   0.135334
  0.501236  0.0633493  0.0933957   0.896377  0.0509409   0.060099  0.0247963
  0.501236  0.0633493  0.0965053   0.896377  0.0509409   0.060099  0.0152161
  0.501236  0.0633493  0.0965053   0.896377  0.0509409   0.060099  0.0133855
  0.501236  0.0633493  0.0965053   0.896377  0.0509409   0.060099  0.0133855
  0.497061  0.0677827  0.0882271   0.897944  0.0645509  0.0625895 0.00460597
   0.50833   0.062552   0.096212   0.892434  0.0590426  0.0680472 0.00328897
   0.50833   0.062552   0.096212   0.892434  0.0590426  0.0680472 0.00328897
  0.502929  0.0596204  0.0964854   0.891641  0.0579239     0.0686 0.00283743
  0.503146  0.0599501  0.0962495   0.891015  0.0578304   0.068143 0.00279652
truk:  0.515996 0.0603199  0.103199  0.896801   0.05516 0.0722394
total difference b/w truk and final GBVEC:0.000270946
Wt:
  0.0131969           0           0           0           0           0           0           0           0           0           0           0           0           0           0           0           0           0           0           0           0           0           0           0           0           0           0
          0  0.00529656           0           0           0           0           0           0           0           0           0           0           0           0           0           0           0           0           0           0           0           0           0           0           0           0           0
          0           0   0.0955144           0           0           0           0           0           0           0           0           0           0           0           0           0           0           0           0           0           0           0           0           0           0           0           0
          0           0           0     173.891           0           0           0           0           0           0           0           0           0           0           0           0           0           0           0           0           0           0           0           0           0           0           0
          0           0           0           0  0.00458862           0           0           0           0           0           0           0           0           0           0           0           0           0           0           0           0           0           0           0           0           0           0
          0           0           0           0           0   0.0500484           0           0           0           0           0           0           0           0           0           0           0           0           0           0           0           0           0           0           0           0           0
          0           0           0           0           0           0 7.16592e-06           0           0           0           0           0           0           0           0           0           0           0           0           0           0           0           0           0           0           0           0
          0           0           0           0           0           0           0  5.6227e-07           0           0           0           0           0           0           0           0           0           0           0           0           0           0           0           0           0           0           0
          0           0           0           0           0           0           0           0 0.000497515           0           0           0           0           0           0           0           0           0           0           0           0           0           0           0           0           0           0
          0           0           0           0           0           0           0           0           0     3919.76           0           0           0           0           0           0           0           0           0           0           0           0           0           0           0           0           0
          0           0           0           0           0           0           0           0           0           0  4.8147e-07           0           0           0           0           0           0           0           0           0           0           0           0           0           0           0           0
          0           0           0           0           0           0           0           0           0           0           0 0.000138704           0           0           0           0           0           0           0           0           0           0           0           0           0           0           0
          0           0           0           0           0           0           0           0           0           0           0           0     0.96773           0           0           0           0           0           0           0           0           0           0           0           0           0           0
          0           0           0           0           0           0           0           0           0           0           0           0           0 0.000615254           0           0           0           0           0           0           0           0           0           0           0           0           0
          0           0           0           0           0           0           0           0           0           0           0           0           0           0    0.415165           0           0           0           0           0           0           0           0           0           0           0           0
          0           0           0           0           0           0           0           0           0           0           0           0           0           0           0 0.000571224           0           0           0           0           0           0           0           0           0           0           0
          0           0           0           0           0           0           0           0           0           0           0           0           0           0           0           0 0.000287553           0           0           0           0           0           0           0           0           0           0
          0           0           0           0           0           0           0           0           0           0           0           0           0           0           0           0           0 0.000178999           0           0           0           0           0           0           0           0           0
          0           0           0           0           0           0           0           0           0           0           0           0           0           0           0           0           0           0     10.4143           0           0           0           0           0           0           0           0
          0           0           0           0           0           0           0           0           0           0           0           0           0           0           0           0           0           0           0 5.22396e-07           0           0           0           0           0           0           0
          0           0           0           0           0           0           0           0           0           0           0           0           0           0           0           0           0           0           0           0  0.00010466           0           0           0           0           0           0
          0           0           0           0           0           0           0           0           0           0           0           0           0           0           0           0           0           0           0           0           0     3.85262           0           0           0           0           0
          0           0           0           0           0           0           0           0           0           0           0           0           0           0           0           0           0           0           0           0           0           0 9.71684e-05           0           0           0           0
          0           0           0           0           0           0           0           0           0           0           0           0           0           0           0           0           0           0           0           0           0           0           0 0.000264356           0           0           0
          0           0           0           0           0           0           0           0           0           0           0           0           0           0           0           0           0           0           0           0           0           0           0           0     2.57214           0           0
          0           0           0           0           0           0           0           0           0           0           0           0           0           0           0           0           0           0           0           0           0           0           0           0           0     1.87219           0
          0           0           0           0           0           0           0           0           0           0           0           0           0           0           0           0           0           0           0           0           0           0           0           0           0           0 5.56328e-05
CODE FINISHED RUNNING IN 73 s TIME!
Job Statistics for 2000368:
           JobID       User               Start                 End    Elapsed     MaxRSS   TotalCPU      State Exit        NodeList                                  ReqTRES 
---------------- ---------- ------------------- ------------------- ---------- ---------- ---------- ---------- ---- --------------- ---------------------------------------- 
         2000368   rsjxw007 2021-08-23T18:06:41 2021-08-23T18:07:55   00:01:14             01:13.414  COMPLETED  0:0   r1pl-hpcf-n21        billing=2,cpu=2,mem=15624M,node=1 
   2000368.batch            2021-08-23T18:06:41 2021-08-23T18:07:55   00:01:14      2.59M  01:13.413  COMPLETED  0:0   r1pl-hpcf-n21                                          
  2000368.extern            2021-08-23T18:06:41 2021-08-23T18:07:56   00:01:15          0  00:00.001  COMPLETED  0:0   r1pl-hpcf-n21                                          
CPU Efficiency: 49.32% of 00:02:28 core-walltime
