PSO_S_ODE_NonLinear
Using two part PSO Sample Size:5000 with:27 moments.
Using Record Time:30
Bounds for Uniform Distribution (0,1)
Blind PSO --> nParts:10 Nsteps:2
Targeted PSO --> nParts:50 Nsteps:10
sdbeta:0.1
wt:
1 0 0 0 0 0 0 0 0 0 0 0 0 0 0 0 0 0 0 0 0 0 0 0 0 0 0
0 1 0 0 0 0 0 0 0 0 0 0 0 0 0 0 0 0 0 0 0 0 0 0 0 0 0
0 0 1 0 0 0 0 0 0 0 0 0 0 0 0 0 0 0 0 0 0 0 0 0 0 0 0
0 0 0 1 0 0 0 0 0 0 0 0 0 0 0 0 0 0 0 0 0 0 0 0 0 0 0
0 0 0 0 1 0 0 0 0 0 0 0 0 0 0 0 0 0 0 0 0 0 0 0 0 0 0
0 0 0 0 0 1 0 0 0 0 0 0 0 0 0 0 0 0 0 0 0 0 0 0 0 0 0
0 0 0 0 0 0 1 0 0 0 0 0 0 0 0 0 0 0 0 0 0 0 0 0 0 0 0
0 0 0 0 0 0 0 1 0 0 0 0 0 0 0 0 0 0 0 0 0 0 0 0 0 0 0
0 0 0 0 0 0 0 0 1 0 0 0 0 0 0 0 0 0 0 0 0 0 0 0 0 0 0
0 0 0 0 0 0 0 0 0 1 0 0 0 0 0 0 0 0 0 0 0 0 0 0 0 0 0
0 0 0 0 0 0 0 0 0 0 1 0 0 0 0 0 0 0 0 0 0 0 0 0 0 0 0
0 0 0 0 0 0 0 0 0 0 0 1 0 0 0 0 0 0 0 0 0 0 0 0 0 0 0
0 0 0 0 0 0 0 0 0 0 0 0 1 0 0 0 0 0 0 0 0 0 0 0 0 0 0
0 0 0 0 0 0 0 0 0 0 0 0 0 1 0 0 0 0 0 0 0 0 0 0 0 0 0
0 0 0 0 0 0 0 0 0 0 0 0 0 0 1 0 0 0 0 0 0 0 0 0 0 0 0
0 0 0 0 0 0 0 0 0 0 0 0 0 0 0 1 0 0 0 0 0 0 0 0 0 0 0
0 0 0 0 0 0 0 0 0 0 0 0 0 0 0 0 1 0 0 0 0 0 0 0 0 0 0
0 0 0 0 0 0 0 0 0 0 0 0 0 0 0 0 0 1 0 0 0 0 0 0 0 0 0
0 0 0 0 0 0 0 0 0 0 0 0 0 0 0 0 0 0 1 0 0 0 0 0 0 0 0
0 0 0 0 0 0 0 0 0 0 0 0 0 0 0 0 0 0 0 1 0 0 0 0 0 0 0
0 0 0 0 0 0 0 0 0 0 0 0 0 0 0 0 0 0 0 0 1 0 0 0 0 0 0
0 0 0 0 0 0 0 0 0 0 0 0 0 0 0 0 0 0 0 0 0 1 0 0 0 0 0
0 0 0 0 0 0 0 0 0 0 0 0 0 0 0 0 0 0 0 0 0 0 1 0 0 0 0
0 0 0 0 0 0 0 0 0 0 0 0 0 0 0 0 0 0 0 0 0 0 0 1 0 0 0
0 0 0 0 0 0 0 0 0 0 0 0 0 0 0 0 0 0 0 0 0 0 0 0 1 0 0
0 0 0 0 0 0 0 0 0 0 0 0 0 0 0 0 0 0 0 0 0 0 0 0 0 1 0
0 0 0 0 0 0 0 0 0 0 0 0 0 0 0 0 0 0 0 0 0 0 0 0 0 0 1
mu: 80 120  85
covarMat:
 50   0   0
  0 100   0
  0   0  50

Yt:  3.84256   3.75043   2.38097  0.124126   6.25553   3.18614    52.714   109.743   10.7978 0.0183909   148.325   19.2634  0.747491   9.74539  0.647131     11.14   13.6377   13.4317  0.146655   123.322   17.0473  0.304561   24.5341   14.4071  0.469606  0.415264   31.8697
seedk:0.825114 0.178173 0.075811 0.562319 0.019967 0.014666| cost:2543.43
Xt:  4.55812   2.86035   1.79396  0.148666   4.80297   4.49266   62.0977   89.9421   6.89743 0.0260902   117.716   38.7081  0.516154   7.19563  0.893654   8.60544   23.3448   10.0532  0.111247   100.107   18.6927  0.260515   17.2111   15.8375  0.397852  0.722539   35.2527
PSO begins!
New GBMAT from blind pso!
0.825114 0.178173 0.075811 0.562319 0.019967 0.014666  2543.43
0.825114 0.178173 0.075811 0.562319 0.019967 0.014666  2543.43


New GBMAT from blind pso!
 0.825114  0.178173  0.075811  0.562319  0.019967  0.014666   2543.43
 0.825114  0.178173  0.075811  0.562319  0.019967  0.014666   2543.43
 0.830584   0.20158 0.0745637  0.576809 0.0190492  0.014666   2359.48


GBMAT from blind PSO:

 0.825114  0.178173  0.075811  0.562319  0.019967  0.014666   2543.43
 0.825114  0.178173  0.075811  0.562319  0.019967  0.014666   2543.43
 0.830584   0.20158 0.0745637  0.576809 0.0190492  0.014666   2359.48

truk:  0.515996 0.0603199  0.103199  0.896801   0.05516 0.0722394
total difference b/w truk and final GBVEC0.226754

blind PSO FINISHED RUNNING IN 4 s TIME!
targeted PSO has started!
Updating Weight Matrix!
GBVEC AND COST: 0.830584   0.20158 0.0745637  0.576809 0.0190492  0.014666   2359.48
Chkpt reached!
new weight matrix:
  0.0126094           0           0           0           0           0           0           0           0           0           0           0           0           0           0           0           0           0           0           0           0           0           0           0           0           0           0
          0  0.00551231           0           0           0           0           0           0           0           0           0           0           0           0           0           0           0           0           0           0           0           0           0           0           0           0           0
          0           0    0.111857           0           0           0           0           0           0           0           0           0           0           0           0           0           0           0           0           0           0           0           0           0           0           0           0
          0           0           0     152.275           0           0           0           0           0           0           0           0           0           0           0           0           0           0           0           0           0           0           0           0           0           0           0
          0           0           0           0    0.004783           0           0           0           0           0           0           0           0           0           0           0           0           0           0           0           0           0           0           0           0           0           0
          0           0           0           0           0   0.0364803           0           0           0           0           0           0           0           0           0           0           0           0           0           0           0           0           0           0           0           0           0
          0           0           0           0           0           0 6.84492e-06           0           0           0           0           0           0           0           0           0           0           0           0           0           0           0           0           0           0           0           0
          0           0           0           0           0           0           0 5.83547e-07           0           0           0           0           0           0           0           0           0           0           0           0           0           0           0           0           0           0           0
          0           0           0           0           0           0           0           0 0.000630845           0           0           0           0           0           0           0           0           0           0           0           0           0           0           0           0           0           0
          0           0           0           0           0           0           0           0           0     2925.69           0           0           0           0           0           0           0           0           0           0           0           0           0           0           0           0           0
          0           0           0           0           0           0           0           0           0           0 5.01992e-07           0           0           0           0           0           0           0           0           0           0           0           0           0           0           0           0
          0           0           0           0           0           0           0           0           0           0           0  6.6158e-05           0           0           0           0           0           0           0           0           0           0           0           0           0           0           0
          0           0           0           0           0           0           0           0           0           0           0           0     1.12128           0           0           0           0           0           0           0           0           0           0           0           0           0           0
          0           0           0           0           0           0           0           0           0           0           0           0           0 0.000738194           0           0           0           0           0           0           0           0           0           0           0           0           0
          0           0           0           0           0           0           0           0           0           0           0           0           0           0    0.341513           0           0           0           0           0           0           0           0           0           0           0           0
          0           0           0           0           0           0           0           0           0           0           0           0           0           0           0 0.000681215           0           0           0           0           0           0           0           0           0           0           0
          0           0           0           0           0           0           0           0           0           0           0           0           0           0           0           0 0.000191415           0           0           0           0           0           0           0           0           0           0
          0           0           0           0           0           0           0           0           0           0           0           0           0           0           0           0           0 0.000202194           0           0           0           0           0           0           0           0           0
          0           0           0           0           0           0           0           0           0           0           0           0           0           0           0           0           0           0     11.1694           0           0           0           0           0           0           0           0
          0           0           0           0           0           0           0           0           0           0           0           0           0           0           0           0           0           0           0 5.43152e-07           0           0           0           0           0           0           0
          0           0           0           0           0           0           0           0           0           0           0           0           0           0           0           0           0           0           0           0 8.27738e-05           0           0           0           0           0           0
          0           0           0           0           0           0           0           0           0           0           0           0           0           0           0           0           0           0           0           0           0     4.35638           0           0           0           0           0
          0           0           0           0           0           0           0           0           0           0           0           0           0           0           0           0           0           0           0           0           0           0 0.000115428           0           0           0           0
          0           0           0           0           0           0           0           0           0           0           0           0           0           0           0           0           0           0           0           0           0           0           0 0.000232952           0           0           0
          0           0           0           0           0           0           0           0           0           0           0           0           0           0           0           0           0           0           0           0           0           0           0           0     2.86126           0           0
          0           0           0           0           0           0           0           0           0           0           0           0           0           0           0           0           0           0           0           0           0           0           0           0           0     1.08507           0
          0           0           0           0           0           0           0           0           0           0           0           0           0           0           0           0           0           0           0           0           0           0           0           0           0           0 4.63613e-05

New PBMAT:
   0.895722    0.217192  0.00382463    0.549987 8.88326e-05    0.193204     5.75766
   0.874563     0.24414   0.0557817    0.534147 5.91166e-08 3.59668e-06     1.61858
   0.802475    0.212195    0.071129    0.594665    0.023507 8.92296e-07     2.42288
    0.81838    0.280743   0.0673229    0.554729 0.000112757 7.37845e-06     1.53085
   0.786862     0.20402   0.0869323    0.598125  0.00733157 1.02876e-07     1.61561
   0.876987    0.173487    0.134567    0.574088 2.64725e-05 8.59134e-10     3.19788
   0.777961    0.244266    0.138685    0.578997   0.0463438   0.0041962     157.455
   0.799715    0.194489   0.0580531    0.678628   0.0636153   0.0287458   0.0850877
   0.869376     0.19378   0.0499044    0.614427 1.38062e-06 8.61477e-06     2.14119
   0.901157    0.226774   0.0600118    0.583164 3.67548e-09 5.55659e-05     1.78365
   0.810905    0.208209    0.100067    0.573053  0.00652907 4.12742e-05     2.65721
    0.87462    0.113137   0.0531269    0.572924  0.00720948 6.16666e-06     1.19914
   0.804984    0.221941   0.0623496    0.614701    0.011286 4.74966e-05    0.771367
   0.898747    0.218465    0.038297    0.599263 6.00572e-09  3.6745e-13     2.50677
   0.839204    0.193997   0.0268102    0.587495   0.0435175 2.10135e-14     1.01076
   0.798732    0.125632   0.0959635    0.632688 0.000154628  0.00518146     1.77636
   0.833008     0.22308   0.0509924     0.51732 1.37957e-09  0.00519271     1.55629
    0.87823    0.182322      0.1868    0.585763 1.67752e-09  2.4373e-07     4.47803
   0.881335    0.168416      0.0702     0.55455  0.00820722 1.13327e-05     1.00571
    0.79531    0.134511    0.102647    0.564718  3.0074e-05  4.9248e-10      2.2487
   0.833822    0.143634   0.0332187    0.535963  0.00225576    0.187726     3.22832
   0.886792    0.185799    0.110497    0.571477 0.000140125 2.79319e-08     2.43645
   0.846916    0.155882   0.0266718    0.548435 9.91613e-08    0.101153     3.57459
   0.863038    0.161204   0.0332946    0.546112 3.32049e-05 3.00967e-05     2.59961
   0.912602    0.216166   0.0930831    0.571561 4.03903e-12  1.6177e-07     1.95071
   0.838003    0.341183    0.156014    0.578312 8.68082e-05  0.00025437     3.53898
   0.841809    0.188294    0.112217    0.553157 2.20463e-08    0.118395    0.153454
   0.807945    0.353164   0.0333963    0.562721  0.00199571    0.148587     4.12607
     0.7933    0.240264    0.113939    0.580003 4.25017e-05 1.20293e-07     2.41604
   0.788217    0.231985    0.148212    0.567091 0.000928574 2.00239e-10     3.73277
   0.845333    0.171022    0.011957    0.604596 1.57338e-06 1.44704e-13      4.5141
   0.838024    0.172169   0.0787992    0.572129    0.167443   0.0211754     145.224
   0.835966    0.228375   0.0643691    0.545465  0.00209215 8.74116e-20       1.285
   0.707773    0.174352   0.0566665    0.595495 0.000235517 3.18832e-05     1.85723
   0.812428     0.23007   0.0373773     0.60102   0.0249169 2.15032e-11    0.838281
   0.790281    0.197385   0.0419744    0.603218  0.00662678  0.00049775     1.75954
    0.74616    0.253329  0.00508378    0.498231 5.28551e-09  0.00542376     5.52946
   0.877718     0.14342    0.036274    0.519106   0.0411973   0.0134239     0.33127
   0.864287    0.161337    0.106936    0.567601   0.0159041 1.41502e-09     12.9517
   0.906813    0.177413   0.0466923    0.571119 0.000645601 3.85885e-12     2.01002
   0.884413     0.15692   0.0107412    0.630158  0.00932511 1.16613e-05     4.48825
   0.845236    0.192761   0.0653197    0.624194   0.0222091  4.1659e-21     1.08573
   0.808206    0.245511   0.0319194    0.660378    0.251184   0.0571318    0.825557
   0.752238    0.271576   0.0298484    0.566429   0.0127499   0.0245954     2.69753
   0.828283    0.178288  0.00513457    0.569045  6.2091e-06 5.70331e-13     5.32471
   0.835451    0.205999    0.018434    0.630682   4.186e-11  0.00205186     3.93639
   0.869408    0.170468    0.241174    0.551931 0.000178808 2.23087e-11     5.47605
   0.765251    0.178877    0.102795    0.627527 0.000257452  0.00105106      2.1554
   0.887038     0.21782   0.0844337    0.552163  0.00443454 5.16171e-09     1.44928
    0.87594    0.207139   0.0500541    0.514323  0.00483194 0.000964043     1.14239

Updating Weight Matrix!
GBVEC AND COST: 0.830584   0.20158 0.0745637  0.576809 0.0190492  0.014666  0.452206
Chkpt reached!
new weight matrix:
  0.0126094           0           0           0           0           0           0           0           0           0           0           0           0           0           0           0           0           0           0           0           0           0           0           0           0           0           0
          0  0.00551231           0           0           0           0           0           0           0           0           0           0           0           0           0           0           0           0           0           0           0           0           0           0           0           0           0
          0           0    0.111857           0           0           0           0           0           0           0           0           0           0           0           0           0           0           0           0           0           0           0           0           0           0           0           0
          0           0           0     152.275           0           0           0           0           0           0           0           0           0           0           0           0           0           0           0           0           0           0           0           0           0           0           0
          0           0           0           0    0.004783           0           0           0           0           0           0           0           0           0           0           0           0           0           0           0           0           0           0           0           0           0           0
          0           0           0           0           0   0.0364803           0           0           0           0           0           0           0           0           0           0           0           0           0           0           0           0           0           0           0           0           0
          0           0           0           0           0           0 6.84492e-06           0           0           0           0           0           0           0           0           0           0           0           0           0           0           0           0           0           0           0           0
          0           0           0           0           0           0           0 5.83547e-07           0           0           0           0           0           0           0           0           0           0           0           0           0           0           0           0           0           0           0
          0           0           0           0           0           0           0           0 0.000630845           0           0           0           0           0           0           0           0           0           0           0           0           0           0           0           0           0           0
          0           0           0           0           0           0           0           0           0     2925.69           0           0           0           0           0           0           0           0           0           0           0           0           0           0           0           0           0
          0           0           0           0           0           0           0           0           0           0 5.01992e-07           0           0           0           0           0           0           0           0           0           0           0           0           0           0           0           0
          0           0           0           0           0           0           0           0           0           0           0  6.6158e-05           0           0           0           0           0           0           0           0           0           0           0           0           0           0           0
          0           0           0           0           0           0           0           0           0           0           0           0     1.12128           0           0           0           0           0           0           0           0           0           0           0           0           0           0
          0           0           0           0           0           0           0           0           0           0           0           0           0 0.000738194           0           0           0           0           0           0           0           0           0           0           0           0           0
          0           0           0           0           0           0           0           0           0           0           0           0           0           0    0.341513           0           0           0           0           0           0           0           0           0           0           0           0
          0           0           0           0           0           0           0           0           0           0           0           0           0           0           0 0.000681215           0           0           0           0           0           0           0           0           0           0           0
          0           0           0           0           0           0           0           0           0           0           0           0           0           0           0           0 0.000191415           0           0           0           0           0           0           0           0           0           0
          0           0           0           0           0           0           0           0           0           0           0           0           0           0           0           0           0 0.000202194           0           0           0           0           0           0           0           0           0
          0           0           0           0           0           0           0           0           0           0           0           0           0           0           0           0           0           0     11.1694           0           0           0           0           0           0           0           0
          0           0           0           0           0           0           0           0           0           0           0           0           0           0           0           0           0           0           0 5.43152e-07           0           0           0           0           0           0           0
          0           0           0           0           0           0           0           0           0           0           0           0           0           0           0           0           0           0           0           0 8.27738e-05           0           0           0           0           0           0
          0           0           0           0           0           0           0           0           0           0           0           0           0           0           0           0           0           0           0           0           0     4.35638           0           0           0           0           0
          0           0           0           0           0           0           0           0           0           0           0           0           0           0           0           0           0           0           0           0           0           0 0.000115428           0           0           0           0
          0           0           0           0           0           0           0           0           0           0           0           0           0           0           0           0           0           0           0           0           0           0           0 0.000232952           0           0           0
          0           0           0           0           0           0           0           0           0           0           0           0           0           0           0           0           0           0           0           0           0           0           0           0     2.86126           0           0
          0           0           0           0           0           0           0           0           0           0           0           0           0           0           0           0           0           0           0           0           0           0           0           0           0     1.08507           0
          0           0           0           0           0           0           0           0           0           0           0           0           0           0           0           0           0           0           0           0           0           0           0           0           0           0 4.63613e-05

underflow!0.00436121
pos  0.813715   0.198227   0.071861   0.552711 0.00436121  0.0117704
underflow!0.00163635
pos  0.850257   0.244335  0.0974688   0.583115 0.00386075 0.00163635
underflow!0.00386075
pos  0.850257   0.244335  0.0974688   0.583115 0.00386075 0.00163635
underflow!0.00261191
pos  0.861611   0.219995  0.0647786   0.551578 0.00221262 0.00261191
underflow!0.00330701
pos  0.839896   0.198253  0.0593474   0.566953  0.0493256 0.00330701
underflow!0.00118604
pos  0.817129   0.195314   0.075409   0.582899 0.00118604  0.0147572
underflow!0.00151011
pos  0.844073   0.194008   0.115636   0.571608  0.0125699 0.00151011
underflow!0.000234132
pos     0.8444    0.214833   0.0458984    0.566196   0.0234637 0.000234132
underflow!0.00499919
pos  0.860775   0.210116  0.0673729    0.60315 0.00499919  0.0274005
underflow!0.000260953
pos   0.867285    0.217927   0.0937031    0.559676 0.000260953 1.98428e-05
underflow!1.98428e-05
pos   0.867285    0.217927   0.0937031    0.559676 0.000260953 1.98428e-05
underflow!1.58475e-05
pos   0.818159    0.187667   0.0781009    0.588718    0.023242 1.58475e-05
underflow!0.000232475
pos   0.834126    0.220669   0.0676539    0.567498  0.00707641 0.000232475
underflow!0.000208678
pos   0.784635    0.160635   0.0582292     0.56719  0.00701124 0.000208678
underflow!0.00127617
pos    0.8248   0.223796   0.109066   0.560189  0.0175282 0.00127617
underflow!0.00125015
pos  0.774204   0.192784  0.0527262   0.577826  0.0513312 0.00125015
underflow!0.00015394
pos  0.820496   0.203484  0.0646186   0.567279 0.00015394  0.0234808
underflow!0.00273031
pos  0.860328   0.219076  0.0322715   0.551369 0.00273031  0.0705096
underflow!0.00368851
pos  0.855796    0.19392  0.0433838   0.616677   0.150391 0.00368851
underflow!0.00411174
pos  0.841489   0.205858  0.0973086   0.574553 0.00411174  0.0275098
underflow!0.00368615
pos  0.828121   0.231137  0.0850968   0.592595 0.00368615  0.0233702
underflow!0.00128412
pos  0.831385   0.195695  0.0422065   0.598236 0.00128412  0.0199307
underflow!0.00318338
pos  0.805673   0.218883  0.0772626   0.604064 0.00318338  0.0129714
underflow!0.00146461
pos  0.800393   0.157593  0.0663518   0.552924  0.0335457 0.00146461
underflow!0.00177737
pos   0.90333   0.184412  0.0962514   0.557554 0.00177737   0.026057
Updating Weight Matrix!
GBVEC AND COST:  0.81445  0.180624  0.106245  0.585618 0.0064814 0.0606432 0.0308169
Chkpt reached!
new weight matrix:
  0.0131383           0           0           0           0           0           0           0           0           0           0           0           0           0           0           0           0           0           0           0           0           0           0           0           0           0           0
          0  0.00535942           0           0           0           0           0           0           0           0           0           0           0           0           0           0           0           0           0           0           0           0           0           0           0           0           0
          0           0   0.0985135           0           0           0           0           0           0           0           0           0           0           0           0           0           0           0           0           0           0           0           0           0           0           0           0
          0           0           0     175.223           0           0           0           0           0           0           0           0           0           0           0           0           0           0           0           0           0           0           0           0           0           0           0
          0           0           0           0  0.00464804           0           0           0           0           0           0           0           0           0           0           0           0           0           0           0           0           0           0           0           0           0           0
          0           0           0           0           0   0.0467062           0           0           0           0           0           0           0           0           0           0           0           0           0           0           0           0           0           0           0           0           0
          0           0           0           0           0           0 7.12482e-06           0           0           0           0           0           0           0           0           0           0           0           0           0           0           0           0           0           0           0           0
          0           0           0           0           0           0           0 5.68093e-07           0           0           0           0           0           0           0           0           0           0           0           0           0           0           0           0           0           0           0
          0           0           0           0           0           0           0           0 0.000524046           0           0           0           0           0           0           0           0           0           0           0           0           0           0           0           0           0           0
          0           0           0           0           0           0           0           0           0     3872.14           0           0           0           0           0           0           0           0           0           0           0           0           0           0           0           0           0
          0           0           0           0           0           0           0           0           0           0 4.87164e-07           0           0           0           0           0           0           0           0           0           0           0           0           0           0           0           0
          0           0           0           0           0           0           0           0           0           0           0 0.000117473           0           0           0           0           0           0           0           0           0           0           0           0           0           0           0
          0           0           0           0           0           0           0           0           0           0           0           0    0.895079           0           0           0           0           0           0           0           0           0           0           0           0           0           0
          0           0           0           0           0           0           0           0           0           0           0           0           0 0.000628916           0           0           0           0           0           0           0           0           0           0           0           0           0
          0           0           0           0           0           0           0           0           0           0           0           0           0           0    0.407554           0           0           0           0           0           0           0           0           0           0           0           0
          0           0           0           0           0           0           0           0           0           0           0           0           0           0           0 0.000582844           0           0           0           0           0           0           0           0           0           0           0
          0           0           0           0           0           0           0           0           0           0           0           0           0           0           0           0 0.000274133           0           0           0           0           0           0           0           0           0           0
          0           0           0           0           0           0           0           0           0           0           0           0           0           0           0           0           0 0.000185755           0           0           0           0           0           0           0           0           0
          0           0           0           0           0           0           0           0           0           0           0           0           0           0           0           0           0           0     10.0052           0           0           0           0           0           0           0           0
          0           0           0           0           0           0           0           0           0           0           0           0           0           0           0           0           0           0           0 5.28104e-07           0           0           0           0           0           0           0
          0           0           0           0           0           0           0           0           0           0           0           0           0           0           0           0           0           0           0           0 9.76765e-05           0           0           0           0           0           0
          0           0           0           0           0           0           0           0           0           0           0           0           0           0           0           0           0           0           0           0           0      3.8466           0           0           0           0           0
          0           0           0           0           0           0           0           0           0           0           0           0           0           0           0           0           0           0           0           0           0           0 0.000101942           0           0           0           0
          0           0           0           0           0           0           0           0           0           0           0           0           0           0           0           0           0           0           0           0           0           0           0   0.0002517           0           0           0
          0           0           0           0           0           0           0           0           0           0           0           0           0           0           0           0           0           0           0           0           0           0           0           0     2.51929           0           0
          0           0           0           0           0           0           0           0           0           0           0           0           0           0           0           0           0           0           0           0           0           0           0           0           0     1.69631           0
          0           0           0           0           0           0           0           0           0           0           0           0           0           0           0           0           0           0           0           0           0           0           0           0           0           0 5.24502e-05

underflow!0.000101661
pos   0.819377    0.185193    0.117745    0.584397 0.000101661   0.0706516
underflow!0.00476268
pos  0.811168   0.167035  0.0929949   0.586322 0.00476268  0.0670185
underflow!3.43494e-05
pos   0.800146    0.164803    0.113585    0.587091 3.43494e-05   0.0579381
underflow!0.00344077
pos  0.815811   0.166912   0.108573   0.594875 0.00344077  0.0566672
underflow!2.49709e-05
pos   0.810666    0.197277   0.0896178    0.609555 2.49709e-05   0.0725544
underflow!3.16084e-05
pos   0.812387    0.166038   0.0990354    0.587739 3.16084e-05   0.0598174
underflow!1.60639e-05
pos   0.791492    0.147526   0.0971736    0.564111 1.60639e-05   0.0449878
underflow!0.00248583
pos    0.8182   0.196812  0.0982845   0.595487 0.00248583  0.0621931
underflow!0.000660305
pos   0.832096    0.178406    0.113917    0.590973 0.000660305   0.0496132
underflow!2.62004e-05
pos   0.815838    0.158899    0.115125    0.570026 2.62004e-05   0.0431054
underflow!2.8315e-06
pos  0.815899    0.16151   0.101581   0.567427 2.8315e-06  0.0553211
underflow!0.000563823
pos   0.806232    0.181457    0.109042    0.589366 0.000563823   0.0500446
underflow!0.000175555
pos   0.815415    0.180855   0.0972004    0.579621 0.000175555   0.0683677
underflow!1.11152e-06
pos   0.828951    0.177356    0.103697    0.582897 1.11152e-06   0.0394185
underflow!0.00213392
pos  0.809582   0.187531   0.111294    0.59663 0.00213392  0.0668164
underflow!0.00332541
pos  0.804713   0.184706   0.104292   0.583039 0.00332541  0.0546715
underflow!0.00406342
pos  0.813513   0.140057   0.099841   0.586879 0.00406342  0.0470889
underflow!0.0047582
pos 0.821759  0.193772  0.101607  0.576856 0.0047582 0.0527437
underflow!0.000975974
pos   0.799589    0.188487    0.103984    0.591219 0.000975974   0.0739403
underflow!0.00283852
pos  0.840995   0.170676  0.0903862   0.555422 0.00283852  0.0622602
underflow!0.000612314
pos   0.797666    0.181381    0.108945    0.590135 0.000612314   0.0501815
underflow!0.00456008
pos  0.815013   0.176952   0.099452   0.583612 0.00456008  0.0643483
underflow!0.00245577
pos   0.78362   0.130344  0.0917551   0.582686 0.00245577   0.068916
underflow!0.00349932
pos  0.814471   0.211558  0.0986494   0.598635 0.00349932  0.0326324
underflow!0.00371034
pos  0.815427   0.184959  0.0982143   0.586053 0.00371034  0.0490156
underflow!0.00443719
pos  0.819216   0.165212   0.111829   0.594983 0.00443719  0.0597906
underflow!0.00399835
pos  0.851048   0.149159   0.098237   0.601211 0.00399835  0.0622288
underflow!0.00341486
pos   0.83775   0.169368  0.0914056   0.560437 0.00341486   0.062466
underflow!0.00291528
pos  0.805004   0.184599   0.100518   0.570503 0.00291528  0.0809813
underflow!0.00348572
pos  0.830205   0.192675   0.113892    0.60146 0.00348572  0.0712722
GBMAT after targeted PSO:
  0.825114   0.178173   0.075811   0.562319   0.019967   0.014666    2543.43
  0.825114   0.178173   0.075811   0.562319   0.019967   0.014666    2543.43
  0.830584    0.20158  0.0745637   0.576809  0.0190492   0.014666    2359.48
  0.830584    0.20158  0.0745637   0.576809  0.0190492   0.014666   0.452206
  0.830584    0.20158  0.0745637   0.576809  0.0190492   0.014666   0.452206
  0.830584    0.20158  0.0745637   0.576809  0.0190492   0.014666   0.452206
  0.830584    0.20158  0.0745637   0.576809  0.0190492   0.014666   0.452206
  0.816804    0.19185   0.101494   0.591822 0.00563336  0.0572198  0.0480141
   0.81445   0.180624   0.106245   0.585618  0.0064814  0.0606432  0.0308169
   0.81445   0.180624   0.106245   0.585618  0.0064814  0.0606432  0.0375818
   0.81445   0.180624   0.106245   0.585618  0.0064814  0.0606432  0.0375818
  0.814782   0.174987   0.100748    0.58591 0.00685599  0.0616551  0.0234221
  0.808135   0.157427   0.100708   0.606206  0.0114257  0.0643437 0.00944212
  0.808135   0.157427   0.100708   0.606206  0.0114257  0.0643437 0.00944212
  0.808485   0.156988   0.100357    0.60445  0.0117312   0.065567 0.00685082
  0.807523   0.159407   0.102823    0.60567  0.0107388  0.0698285 0.00498765
truk:  0.515996 0.0603199  0.103199  0.896801   0.05516 0.0722394
total difference b/w truk and final GBVEC:0.181542
Wt:
  0.0131383           0           0           0           0           0           0           0           0           0           0           0           0           0           0           0           0           0           0           0           0           0           0           0           0           0           0
          0  0.00535942           0           0           0           0           0           0           0           0           0           0           0           0           0           0           0           0           0           0           0           0           0           0           0           0           0
          0           0   0.0985135           0           0           0           0           0           0           0           0           0           0           0           0           0           0           0           0           0           0           0           0           0           0           0           0
          0           0           0     175.223           0           0           0           0           0           0           0           0           0           0           0           0           0           0           0           0           0           0           0           0           0           0           0
          0           0           0           0  0.00464804           0           0           0           0           0           0           0           0           0           0           0           0           0           0           0           0           0           0           0           0           0           0
          0           0           0           0           0   0.0467062           0           0           0           0           0           0           0           0           0           0           0           0           0           0           0           0           0           0           0           0           0
          0           0           0           0           0           0 7.12482e-06           0           0           0           0           0           0           0           0           0           0           0           0           0           0           0           0           0           0           0           0
          0           0           0           0           0           0           0 5.68093e-07           0           0           0           0           0           0           0           0           0           0           0           0           0           0           0           0           0           0           0
          0           0           0           0           0           0           0           0 0.000524046           0           0           0           0           0           0           0           0           0           0           0           0           0           0           0           0           0           0
          0           0           0           0           0           0           0           0           0     3872.14           0           0           0           0           0           0           0           0           0           0           0           0           0           0           0           0           0
          0           0           0           0           0           0           0           0           0           0 4.87164e-07           0           0           0           0           0           0           0           0           0           0           0           0           0           0           0           0
          0           0           0           0           0           0           0           0           0           0           0 0.000117473           0           0           0           0           0           0           0           0           0           0           0           0           0           0           0
          0           0           0           0           0           0           0           0           0           0           0           0    0.895079           0           0           0           0           0           0           0           0           0           0           0           0           0           0
          0           0           0           0           0           0           0           0           0           0           0           0           0 0.000628916           0           0           0           0           0           0           0           0           0           0           0           0           0
          0           0           0           0           0           0           0           0           0           0           0           0           0           0    0.407554           0           0           0           0           0           0           0           0           0           0           0           0
          0           0           0           0           0           0           0           0           0           0           0           0           0           0           0 0.000582844           0           0           0           0           0           0           0           0           0           0           0
          0           0           0           0           0           0           0           0           0           0           0           0           0           0           0           0 0.000274133           0           0           0           0           0           0           0           0           0           0
          0           0           0           0           0           0           0           0           0           0           0           0           0           0           0           0           0 0.000185755           0           0           0           0           0           0           0           0           0
          0           0           0           0           0           0           0           0           0           0           0           0           0           0           0           0           0           0     10.0052           0           0           0           0           0           0           0           0
          0           0           0           0           0           0           0           0           0           0           0           0           0           0           0           0           0           0           0 5.28104e-07           0           0           0           0           0           0           0
          0           0           0           0           0           0           0           0           0           0           0           0           0           0           0           0           0           0           0           0 9.76765e-05           0           0           0           0           0           0
          0           0           0           0           0           0           0           0           0           0           0           0           0           0           0           0           0           0           0           0           0      3.8466           0           0           0           0           0
          0           0           0           0           0           0           0           0           0           0           0           0           0           0           0           0           0           0           0           0           0           0 0.000101942           0           0           0           0
          0           0           0           0           0           0           0           0           0           0           0           0           0           0           0           0           0           0           0           0           0           0           0   0.0002517           0           0           0
          0           0           0           0           0           0           0           0           0           0           0           0           0           0           0           0           0           0           0           0           0           0           0           0     2.51929           0           0
          0           0           0           0           0           0           0           0           0           0           0           0           0           0           0           0           0           0           0           0           0           0           0           0           0     1.69631           0
          0           0           0           0           0           0           0           0           0           0           0           0           0           0           0           0           0           0           0           0           0           0           0           0           0           0 5.24502e-05
CODE FINISHED RUNNING IN 78 s TIME!
Job Statistics for 2000358:
           JobID       User               Start                 End    Elapsed     MaxRSS   TotalCPU      State Exit        NodeList                                  ReqTRES 
---------------- ---------- ------------------- ------------------- ---------- ---------- ---------- ---------- ---- --------------- ---------------------------------------- 
         2000358   rsjxw007 2021-08-23T17:51:20 2021-08-23T17:52:39   00:01:19             01:18.141  COMPLETED  0:0   r1pl-hpcf-n21        billing=2,cpu=2,mem=15624M,node=1 
   2000358.batch            2021-08-23T17:51:20 2021-08-23T17:52:39   00:01:19      2.55M  01:18.139  COMPLETED  0:0   r1pl-hpcf-n21                                          
  2000358.extern            2021-08-23T17:51:20 2021-08-23T17:52:39   00:01:19          0  00:00.001  COMPLETED  0:0   r1pl-hpcf-n21                                          
CPU Efficiency: 49.37% of 00:02:38 core-walltime
