PSO_S_ODE_NonLinear
Using two part PSO Sample Size:5000 with:27 moments.
Using Record Time:20
Bounds for Uniform Distribution (0,1)
Blind PSO --> nParts:10 Nsteps:2
Targeted PSO --> nParts:50 Nsteps:10
sdbeta:0.1
wt:
1 0 0 0 0 0 0 0 0 0 0 0 0 0 0 0 0 0 0 0 0 0 0 0 0 0 0
0 1 0 0 0 0 0 0 0 0 0 0 0 0 0 0 0 0 0 0 0 0 0 0 0 0 0
0 0 1 0 0 0 0 0 0 0 0 0 0 0 0 0 0 0 0 0 0 0 0 0 0 0 0
0 0 0 1 0 0 0 0 0 0 0 0 0 0 0 0 0 0 0 0 0 0 0 0 0 0 0
0 0 0 0 1 0 0 0 0 0 0 0 0 0 0 0 0 0 0 0 0 0 0 0 0 0 0
0 0 0 0 0 1 0 0 0 0 0 0 0 0 0 0 0 0 0 0 0 0 0 0 0 0 0
0 0 0 0 0 0 1 0 0 0 0 0 0 0 0 0 0 0 0 0 0 0 0 0 0 0 0
0 0 0 0 0 0 0 1 0 0 0 0 0 0 0 0 0 0 0 0 0 0 0 0 0 0 0
0 0 0 0 0 0 0 0 1 0 0 0 0 0 0 0 0 0 0 0 0 0 0 0 0 0 0
0 0 0 0 0 0 0 0 0 1 0 0 0 0 0 0 0 0 0 0 0 0 0 0 0 0 0
0 0 0 0 0 0 0 0 0 0 1 0 0 0 0 0 0 0 0 0 0 0 0 0 0 0 0
0 0 0 0 0 0 0 0 0 0 0 1 0 0 0 0 0 0 0 0 0 0 0 0 0 0 0
0 0 0 0 0 0 0 0 0 0 0 0 1 0 0 0 0 0 0 0 0 0 0 0 0 0 0
0 0 0 0 0 0 0 0 0 0 0 0 0 1 0 0 0 0 0 0 0 0 0 0 0 0 0
0 0 0 0 0 0 0 0 0 0 0 0 0 0 1 0 0 0 0 0 0 0 0 0 0 0 0
0 0 0 0 0 0 0 0 0 0 0 0 0 0 0 1 0 0 0 0 0 0 0 0 0 0 0
0 0 0 0 0 0 0 0 0 0 0 0 0 0 0 0 1 0 0 0 0 0 0 0 0 0 0
0 0 0 0 0 0 0 0 0 0 0 0 0 0 0 0 0 1 0 0 0 0 0 0 0 0 0
0 0 0 0 0 0 0 0 0 0 0 0 0 0 0 0 0 0 1 0 0 0 0 0 0 0 0
0 0 0 0 0 0 0 0 0 0 0 0 0 0 0 0 0 0 0 1 0 0 0 0 0 0 0
0 0 0 0 0 0 0 0 0 0 0 0 0 0 0 0 0 0 0 0 1 0 0 0 0 0 0
0 0 0 0 0 0 0 0 0 0 0 0 0 0 0 0 0 0 0 0 0 1 0 0 0 0 0
0 0 0 0 0 0 0 0 0 0 0 0 0 0 0 0 0 0 0 0 0 0 1 0 0 0 0
0 0 0 0 0 0 0 0 0 0 0 0 0 0 0 0 0 0 0 0 0 0 0 1 0 0 0
0 0 0 0 0 0 0 0 0 0 0 0 0 0 0 0 0 0 0 0 0 0 0 0 1 0 0
0 0 0 0 0 0 0 0 0 0 0 0 0 0 0 0 0 0 0 0 0 0 0 0 0 1 0
0 0 0 0 0 0 0 0 0 0 0 0 0 0 0 0 0 0 0 0 0 0 0 0 0 0 1
mu: 80 120  85
covarMat:
 50   0   0
  0 100   0
  0   0  50

Yt:  3.76541   3.93798   2.45812  0.118208    6.5143   2.92737   51.8968   114.354   11.4882 0.0168962   155.572   16.2378  0.751569   9.80879  0.617203   11.1776   12.7291   14.4113  0.146215   128.911   15.7777  0.298711   26.1983   13.6141  0.461822  0.367623   29.7593
seedk: 0.515996 0.0603199  0.103199  0.896801   0.05516 0.0722394| cost:150.171
Xt:  3.83191   3.64923   2.52017  0.120886   6.29029   3.00535   51.6921   107.178   12.1793 0.0174276    148.98   17.0307  0.769775   9.75752  0.631046   11.1583   12.6444   14.3466  0.143455   121.668   15.7167  0.312847   26.8387   14.3576  0.473729  0.384666   30.4589
PSO begins!
New GBMAT from blind pso!
 0.515996 0.0603199  0.103199  0.896801   0.05516 0.0722394   150.171
 0.515996 0.0603199  0.103199  0.896801   0.05516 0.0722394   150.171


New GBMAT from blind pso!
 0.515996 0.0603199  0.103199  0.896801   0.05516 0.0722394   150.171
 0.515996 0.0603199  0.103199  0.896801   0.05516 0.0722394   150.171
 0.534778 0.0789525 0.0954816  0.903802 0.0599109 0.0790861   43.1568


GBMAT from blind PSO:

 0.515996 0.0603199  0.103199  0.896801   0.05516 0.0722394   150.171
 0.515996 0.0603199  0.103199  0.896801   0.05516 0.0722394   150.171
 0.534778 0.0789525 0.0954816  0.903802 0.0599109 0.0790861   43.1568

truk:  0.515996 0.0603199  0.103199  0.896801   0.05516 0.0722394
total difference b/w truk and final GBVEC0.000877959

blind PSO FINISHED RUNNING IN 3 s TIME!
targeted PSO has started!
Updating Weight Matrix!
GBVEC AND COST: 0.534778 0.0789525 0.0954816  0.903802 0.0599109 0.0790861   43.1568
Chkpt reached!
new weight matrix:
  0.0134941           0           0           0           0           0           0           0           0           0           0           0           0           0           0           0           0           0           0           0           0           0           0           0           0           0           0
          0  0.00501904           0           0           0           0           0           0           0           0           0           0           0           0           0           0           0           0           0           0           0           0           0           0           0           0           0
          0           0   0.0846207           0           0           0           0           0           0           0           0           0           0           0           0           0           0           0           0           0           0           0           0           0           0           0           0
          0           0           0     185.319           0           0           0           0           0           0           0           0           0           0           0           0           0           0           0           0           0           0           0           0           0           0           0
          0           0           0           0  0.00432476           0           0           0           0           0           0           0           0           0           0           0           0           0           0           0           0           0           0           0           0           0           0
          0           0           0           0           0   0.0700599           0           0           0           0           0           0           0           0           0           0           0           0           0           0           0           0           0           0           0           0           0
          0           0           0           0           0           0 7.36269e-06           0           0           0           0           0           0           0           0           0           0           0           0           0           0           0           0           0           0           0           0
          0           0           0           0           0           0           0 5.38326e-07           0           0           0           0           0           0           0           0           0           0           0           0           0           0           0           0           0           0           0
          0           0           0           0           0           0           0           0 0.000402419           0           0           0           0           0           0           0           0           0           0           0           0           0           0           0           0           0           0
          0           0           0           0           0           0           0           0           0     4653.97           0           0           0           0           0           0           0           0           0           0           0           0           0           0           0           0           0
          0           0           0           0           0           0           0           0           0           0 4.57854e-07           0           0           0           0           0           0           0           0           0           0           0           0           0           0           0           0
          0           0           0           0           0           0           0           0           0           0           0 0.000272222           0           0           0           0           0           0           0           0           0           0           0           0           0           0           0
          0           0           0           0           0           0           0           0           0           0           0           0    0.861085           0           0           0           0           0           0           0           0           0           0           0           0           0           0
          0           0           0           0           0           0           0           0           0           0           0           0           0 0.000556978           0           0           0           0           0           0           0           0           0           0           0           0           0
          0           0           0           0           0           0           0           0           0           0           0           0           0           0    0.466452           0           0           0           0           0           0           0           0           0           0           0           0
          0           0           0           0           0           0           0           0           0           0           0           0           0           0           0 0.000520175           0           0           0           0           0           0           0           0           0           0           0
          0           0           0           0           0           0           0           0           0           0           0           0           0           0           0           0 0.000356684           0           0           0           0           0           0           0           0           0           0
          0           0           0           0           0           0           0           0           0           0           0           0           0           0           0           0           0 0.000152248           0           0           0           0           0           0           0           0           0
          0           0           0           0           0           0           0           0           0           0           0           0           0           0           0           0           0           0     10.5279           0           0           0           0           0           0           0           0
          0           0           0           0           0           0           0           0           0           0           0           0           0           0           0           0           0           0           0 4.98821e-07           0           0           0           0           0           0           0
          0           0           0           0           0           0           0           0           0           0           0           0           0           0           0           0           0           0           0           0 0.000148179           0           0           0           0           0           0
          0           0           0           0           0           0           0           0           0           0           0           0           0           0           0           0           0           0           0           0           0     3.92608           0           0           0           0           0
          0           0           0           0           0           0           0           0           0           0           0           0           0           0           0           0           0           0           0           0           0           0  7.9595e-05           0           0           0           0
          0           0           0           0           0           0           0           0           0           0           0           0           0           0           0           0           0           0           0           0           0           0           0 0.000339862           0           0           0
          0           0           0           0           0           0           0           0           0           0           0           0           0           0           0           0           0           0           0           0           0           0           0           0     2.61612           0           0
          0           0           0           0           0           0           0           0           0           0           0           0           0           0           0           0           0           0           0           0           0           0           0           0           0     2.86904           0
          0           0           0           0           0           0           0           0           0           0           0           0           0           0           0           0           0           0           0           0           0           0           0           0           0           0 7.55968e-05

New PBMAT:
  0.628704  0.0889519  0.0442232   0.962862  0.0629882  0.0656488    2.50744
  0.553557  0.0238545  0.0730881    0.93854   0.127067  0.0475907   0.646679
  0.587264  0.0454745    0.11034   0.832458  0.0719122  0.0936722   0.459239
   0.50166   0.182123  0.0656156   0.921745  0.0148048  0.0418014    2.26709
  0.509912  0.0949062  0.0645695   0.902575  0.0109259  0.0094095    1.82296
  0.590217   0.195146   0.146159   0.879632  0.0835308  0.0694104    6.29532
  0.561712   0.067932   0.118437   0.959925  0.0243617  0.0400593   0.366502
  0.509972   0.101079  0.0860421   0.932396  0.0254735  0.0943333    1.28888
  0.487016  0.0907347    0.10473   0.938919  0.0922109  0.0874063   0.237773
  0.548048  0.0697019  0.0518275   0.944431  0.0319142  0.0346096    2.10369
  0.587382  0.0907867  0.0495273    0.89261  0.0374804    0.13258    3.10982
  0.573035 0.00812823   0.212004   0.768542  0.0455946   0.130692    10.8648
  0.534363   0.200457  0.0187036   0.964835   0.171956   0.125732     5.0542
   0.54612  0.0280467  0.0805991    0.85586  0.0770892  0.0446432   0.283408
  0.556052  0.0932605   0.113809   0.907588  0.0733432  0.0557744    1.45043
  0.500197   0.116211   0.115911   0.949369  0.0240725  0.0585266   0.300161
  0.521735  0.0503596  0.0599617    0.93004   0.145506   0.120818    1.01605
  0.531028   0.197574  0.0794817   0.846162   0.033093  0.0824387    1.40973
  0.617341   0.106726   0.143908   0.908656  0.0242806   0.100824  0.0615111
  0.518231  0.0617006  0.0694722    0.91863  0.0457219  0.0347324   0.552673
  0.568153   0.059815  0.0914658   0.872263  0.0215291   0.109824    0.94364
  0.543284  0.0451576   0.056959   0.939966   0.115315  0.0802599   0.885496
  0.568592   0.116181   0.139985   0.930476 0.00953488   0.122014   0.354508
  0.477422  0.0109265  0.0577692   0.894007  0.0437088  0.0711588    1.80209
  0.489696  0.0280747  0.0079233   0.757027  0.0596457  0.0529312    6.00189
  0.520746  0.0296042   0.105002   0.976167 0.00842026  0.0620481   0.909774
  0.592176  0.0888984  0.0795529   0.902583   0.125015  0.0496002    1.08634
  0.447392   0.079506  0.0609473    0.91978   0.130715   0.101021   0.876964
   0.52166  0.0734518  0.0307988   0.859748   0.128839   0.103392    3.11088
  0.531286 0.00487004    0.15042   0.921083 0.00207256  0.0901512   0.154322
  0.481163   0.115372  0.0910644   0.892718  0.0337092  0.0778606   0.692599
  0.579448  0.0159977  0.0388787   0.882596  0.0757282  0.0352702     1.9674
  0.571013   0.126279   0.142525   0.931139    0.15468   0.152553    3.56312
  0.520106  0.0516657  0.0467712   0.930615  0.0340815  0.0946164    3.11564
  0.573837  0.0770537   0.117369   0.974052  0.0760494   0.094438   0.131293
   0.51591  0.0120752   0.124953   0.984333  0.0380312  0.0922871  0.0337407
  0.530964   0.211442   0.156622   0.829713  0.0539941   0.110188    1.95399
  0.496512   0.320457   0.144903   0.919597  0.0577927   0.134037    2.17195
  0.507482  0.0429602  0.0397764   0.887166  0.0518909   0.105377    3.33844
  0.531569   0.130837   0.194436   0.908666  0.0525245   0.086347    5.90437
  0.547568   0.234873   0.101631   0.922053   0.130438   0.123685    1.00405
  0.526475  0.0990929  0.0897278   0.947955 0.00349152  0.0740286    1.62968
  0.597136  0.0909234    0.11952   0.839939  0.0365966   0.118586  0.0847391
  0.501389  0.0820761   0.106355    0.91954   0.170355  0.0846345    5.21885
  0.498892  0.0814363  0.0512695    0.95536   0.163522  0.0588785   0.403534
  0.536809  0.0385008  0.0618743    0.93264  0.0194526   0.113241    2.61611
  0.518223  0.0541796  0.0436514   0.935459  0.0249934  0.0393805    2.94025
   0.58299  0.0274922  0.0742145   0.969785  0.0352832  0.0968407    1.59579
  0.571696   0.106574   0.103184   0.920283  0.0554661  0.0818732  0.0574005
   0.55934  0.0494144   0.127955   0.913527   0.013428  0.0794536   0.172149

Updating Weight Matrix!
GBVEC AND COST: 0.534778 0.0789525 0.0954816  0.903802 0.0599109 0.0790861 0.0597014
Chkpt reached!
new weight matrix:
  0.0134941           0           0           0           0           0           0           0           0           0           0           0           0           0           0           0           0           0           0           0           0           0           0           0           0           0           0
          0  0.00501904           0           0           0           0           0           0           0           0           0           0           0           0           0           0           0           0           0           0           0           0           0           0           0           0           0
          0           0   0.0846207           0           0           0           0           0           0           0           0           0           0           0           0           0           0           0           0           0           0           0           0           0           0           0           0
          0           0           0     185.319           0           0           0           0           0           0           0           0           0           0           0           0           0           0           0           0           0           0           0           0           0           0           0
          0           0           0           0  0.00432476           0           0           0           0           0           0           0           0           0           0           0           0           0           0           0           0           0           0           0           0           0           0
          0           0           0           0           0   0.0700599           0           0           0           0           0           0           0           0           0           0           0           0           0           0           0           0           0           0           0           0           0
          0           0           0           0           0           0 7.36269e-06           0           0           0           0           0           0           0           0           0           0           0           0           0           0           0           0           0           0           0           0
          0           0           0           0           0           0           0 5.38326e-07           0           0           0           0           0           0           0           0           0           0           0           0           0           0           0           0           0           0           0
          0           0           0           0           0           0           0           0 0.000402419           0           0           0           0           0           0           0           0           0           0           0           0           0           0           0           0           0           0
          0           0           0           0           0           0           0           0           0     4653.97           0           0           0           0           0           0           0           0           0           0           0           0           0           0           0           0           0
          0           0           0           0           0           0           0           0           0           0 4.57854e-07           0           0           0           0           0           0           0           0           0           0           0           0           0           0           0           0
          0           0           0           0           0           0           0           0           0           0           0 0.000272222           0           0           0           0           0           0           0           0           0           0           0           0           0           0           0
          0           0           0           0           0           0           0           0           0           0           0           0    0.861085           0           0           0           0           0           0           0           0           0           0           0           0           0           0
          0           0           0           0           0           0           0           0           0           0           0           0           0 0.000556978           0           0           0           0           0           0           0           0           0           0           0           0           0
          0           0           0           0           0           0           0           0           0           0           0           0           0           0    0.466452           0           0           0           0           0           0           0           0           0           0           0           0
          0           0           0           0           0           0           0           0           0           0           0           0           0           0           0 0.000520175           0           0           0           0           0           0           0           0           0           0           0
          0           0           0           0           0           0           0           0           0           0           0           0           0           0           0           0 0.000356684           0           0           0           0           0           0           0           0           0           0
          0           0           0           0           0           0           0           0           0           0           0           0           0           0           0           0           0 0.000152248           0           0           0           0           0           0           0           0           0
          0           0           0           0           0           0           0           0           0           0           0           0           0           0           0           0           0           0     10.5279           0           0           0           0           0           0           0           0
          0           0           0           0           0           0           0           0           0           0           0           0           0           0           0           0           0           0           0 4.98821e-07           0           0           0           0           0           0           0
          0           0           0           0           0           0           0           0           0           0           0           0           0           0           0           0           0           0           0           0 0.000148179           0           0           0           0           0           0
          0           0           0           0           0           0           0           0           0           0           0           0           0           0           0           0           0           0           0           0           0     3.92608           0           0           0           0           0
          0           0           0           0           0           0           0           0           0           0           0           0           0           0           0           0           0           0           0           0           0           0  7.9595e-05           0           0           0           0
          0           0           0           0           0           0           0           0           0           0           0           0           0           0           0           0           0           0           0           0           0           0           0 0.000339862           0           0           0
          0           0           0           0           0           0           0           0           0           0           0           0           0           0           0           0           0           0           0           0           0           0           0           0     2.61612           0           0
          0           0           0           0           0           0           0           0           0           0           0           0           0           0           0           0           0           0           0           0           0           0           0           0           0     2.86904           0
          0           0           0           0           0           0           0           0           0           0           0           0           0           0           0           0           0           0           0           0           0           0           0           0           0           0 7.55968e-05

Updating Weight Matrix!
GBVEC AND COST:  0.556267  0.0739381   0.104965   0.858168  0.0455469  0.0730386 0.00478068
Chkpt reached!
new weight matrix:
  0.0133515           0           0           0           0           0           0           0           0           0           0           0           0           0           0           0           0           0           0           0           0           0           0           0           0           0           0
          0  0.00509012           0           0           0           0           0           0           0           0           0           0           0           0           0           0           0           0           0           0           0           0           0           0           0           0           0
          0           0   0.0881551           0           0           0           0           0           0           0           0           0           0           0           0           0           0           0           0           0           0           0           0           0           0           0           0
          0           0           0     175.953           0           0           0           0           0           0           0           0           0           0           0           0           0           0           0           0           0           0           0           0           0           0           0
          0           0           0           0  0.00439265           0           0           0           0           0           0           0           0           0           0           0           0           0           0           0           0           0           0           0           0           0           0
          0           0           0           0           0   0.0627606           0           0           0           0           0           0           0           0           0           0           0           0           0           0           0           0           0           0           0           0           0
          0           0           0           0           0           0 7.28447e-06           0           0           0           0           0           0           0           0           0           0           0           0           0           0           0           0           0           0           0           0
          0           0           0           0           0           0           0 5.45077e-07           0           0           0           0           0           0           0           0           0           0           0           0           0           0           0           0           0           0           0
          0           0           0           0           0           0           0           0 0.000429214           0           0           0           0           0           0           0           0           0           0           0           0           0           0           0           0           0           0
          0           0           0           0           0           0           0           0           0     4173.92           0           0           0           0           0           0           0           0           0           0           0           0           0           0           0           0           0
          0           0           0           0           0           0           0           0           0           0 4.64589e-07           0           0           0           0           0           0           0           0           0           0           0           0           0           0           0           0
          0           0           0           0           0           0           0           0           0           0           0  0.00022074           0           0           0           0           0           0           0           0           0           0           0           0           0           0           0
          0           0           0           0           0           0           0           0           0           0           0           0    0.915346           0           0           0           0           0           0           0           0           0           0           0           0           0           0
          0           0           0           0           0           0           0           0           0           0           0           0           0 0.000578758           0           0           0           0           0           0           0           0           0           0           0           0           0
          0           0           0           0           0           0           0           0           0           0           0           0           0           0    0.436245           0           0           0           0           0           0           0           0           0           0           0           0
          0           0           0           0           0           0           0           0           0           0           0           0           0           0           0 0.000539373           0           0           0           0           0           0           0           0           0           0           0
          0           0           0           0           0           0           0           0           0           0           0           0           0           0           0           0 0.000329644           0           0           0           0           0           0           0           0           0           0
          0           0           0           0           0           0           0           0           0           0           0           0           0           0           0           0           0 0.000160183           0           0           0           0           0           0           0           0           0
          0           0           0           0           0           0           0           0           0           0           0           0           0           0           0           0           0           0     10.1975           0           0           0           0           0           0           0           0
          0           0           0           0           0           0           0           0           0           0           0           0           0           0           0           0           0           0           0 5.05498e-07           0           0           0           0           0           0           0
          0           0           0           0           0           0           0           0           0           0           0           0           0           0           0           0           0           0           0           0 0.000132996           0           0           0           0           0           0
          0           0           0           0           0           0           0           0           0           0           0           0           0           0           0           0           0           0           0           0           0     3.83324           0           0           0           0           0
          0           0           0           0           0           0           0           0           0           0           0           0           0           0           0           0           0           0           0           0           0           0  8.4612e-05           0           0           0           0
          0           0           0           0           0           0           0           0           0           0           0           0           0           0           0           0           0           0           0           0           0           0           0 0.000311587           0           0           0
          0           0           0           0           0           0           0           0           0           0           0           0           0           0           0           0           0           0           0           0           0           0           0           0     2.54356           0           0
          0           0           0           0           0           0           0           0           0           0           0           0           0           0           0           0           0           0           0           0           0           0           0           0           0      2.4326           0
          0           0           0           0           0           0           0           0           0           0           0           0           0           0           0           0           0           0           0           0           0           0           0           0           0           0 6.83441e-05

GBMAT after targeted PSO:
  0.515996  0.0603199   0.103199   0.896801    0.05516  0.0722394    150.171
  0.515996  0.0603199   0.103199   0.896801    0.05516  0.0722394    150.171
  0.534778  0.0789525  0.0954816   0.903802  0.0599109  0.0790861    43.1568
  0.534778  0.0789525  0.0954816   0.903802  0.0599109  0.0790861  0.0597014
  0.534778  0.0789525  0.0954816   0.903802  0.0599109  0.0790861  0.0597014
  0.534778  0.0789525  0.0954816   0.903802  0.0599109  0.0790861  0.0597014
  0.534778  0.0789525  0.0954816   0.903802  0.0599109  0.0790861  0.0597014
  0.542867  0.0617234   0.101951   0.918715  0.0593506  0.0711106 0.00815209
  0.556267  0.0739381   0.104965   0.858168  0.0455469  0.0730386 0.00478068
  0.556267  0.0739381   0.104965   0.858168  0.0455469  0.0730386 0.00458105
  0.556267  0.0739381   0.104965   0.858168  0.0455469  0.0730386 0.00458105
  0.542218  0.0689963  0.0987461   0.842743  0.0471944  0.0694678 0.00348704
  0.542218  0.0689963  0.0987461   0.842743  0.0471944  0.0694678 0.00348704
   0.54241   0.068906  0.0989736   0.843656  0.0470675  0.0694099 0.00339892
  0.548217   0.070005   0.099329   0.845732  0.0488039  0.0699719 0.00277451
  0.548217   0.070005   0.099329   0.845732  0.0488039  0.0699719 0.00277451
truk:  0.515996 0.0603199  0.103199  0.896801   0.05516 0.0722394
total difference b/w truk and final GBVEC:0.00380057
Wt:
  0.0133515           0           0           0           0           0           0           0           0           0           0           0           0           0           0           0           0           0           0           0           0           0           0           0           0           0           0
          0  0.00509012           0           0           0           0           0           0           0           0           0           0           0           0           0           0           0           0           0           0           0           0           0           0           0           0           0
          0           0   0.0881551           0           0           0           0           0           0           0           0           0           0           0           0           0           0           0           0           0           0           0           0           0           0           0           0
          0           0           0     175.953           0           0           0           0           0           0           0           0           0           0           0           0           0           0           0           0           0           0           0           0           0           0           0
          0           0           0           0  0.00439265           0           0           0           0           0           0           0           0           0           0           0           0           0           0           0           0           0           0           0           0           0           0
          0           0           0           0           0   0.0627606           0           0           0           0           0           0           0           0           0           0           0           0           0           0           0           0           0           0           0           0           0
          0           0           0           0           0           0 7.28447e-06           0           0           0           0           0           0           0           0           0           0           0           0           0           0           0           0           0           0           0           0
          0           0           0           0           0           0           0 5.45077e-07           0           0           0           0           0           0           0           0           0           0           0           0           0           0           0           0           0           0           0
          0           0           0           0           0           0           0           0 0.000429214           0           0           0           0           0           0           0           0           0           0           0           0           0           0           0           0           0           0
          0           0           0           0           0           0           0           0           0     4173.92           0           0           0           0           0           0           0           0           0           0           0           0           0           0           0           0           0
          0           0           0           0           0           0           0           0           0           0 4.64589e-07           0           0           0           0           0           0           0           0           0           0           0           0           0           0           0           0
          0           0           0           0           0           0           0           0           0           0           0  0.00022074           0           0           0           0           0           0           0           0           0           0           0           0           0           0           0
          0           0           0           0           0           0           0           0           0           0           0           0    0.915346           0           0           0           0           0           0           0           0           0           0           0           0           0           0
          0           0           0           0           0           0           0           0           0           0           0           0           0 0.000578758           0           0           0           0           0           0           0           0           0           0           0           0           0
          0           0           0           0           0           0           0           0           0           0           0           0           0           0    0.436245           0           0           0           0           0           0           0           0           0           0           0           0
          0           0           0           0           0           0           0           0           0           0           0           0           0           0           0 0.000539373           0           0           0           0           0           0           0           0           0           0           0
          0           0           0           0           0           0           0           0           0           0           0           0           0           0           0           0 0.000329644           0           0           0           0           0           0           0           0           0           0
          0           0           0           0           0           0           0           0           0           0           0           0           0           0           0           0           0 0.000160183           0           0           0           0           0           0           0           0           0
          0           0           0           0           0           0           0           0           0           0           0           0           0           0           0           0           0           0     10.1975           0           0           0           0           0           0           0           0
          0           0           0           0           0           0           0           0           0           0           0           0           0           0           0           0           0           0           0 5.05498e-07           0           0           0           0           0           0           0
          0           0           0           0           0           0           0           0           0           0           0           0           0           0           0           0           0           0           0           0 0.000132996           0           0           0           0           0           0
          0           0           0           0           0           0           0           0           0           0           0           0           0           0           0           0           0           0           0           0           0     3.83324           0           0           0           0           0
          0           0           0           0           0           0           0           0           0           0           0           0           0           0           0           0           0           0           0           0           0           0  8.4612e-05           0           0           0           0
          0           0           0           0           0           0           0           0           0           0           0           0           0           0           0           0           0           0           0           0           0           0           0 0.000311587           0           0           0
          0           0           0           0           0           0           0           0           0           0           0           0           0           0           0           0           0           0           0           0           0           0           0           0     2.54356           0           0
          0           0           0           0           0           0           0           0           0           0           0           0           0           0           0           0           0           0           0           0           0           0           0           0           0      2.4326           0
          0           0           0           0           0           0           0           0           0           0           0           0           0           0           0           0           0           0           0           0           0           0           0           0           0           0 6.83441e-05
CODE FINISHED RUNNING IN 56 s TIME!
Job Statistics for 2000367:
           JobID       User               Start                 End    Elapsed     MaxRSS   TotalCPU      State Exit        NodeList                                  ReqTRES 
---------------- ---------- ------------------- ------------------- ---------- ---------- ---------- ---------- ---- --------------- ---------------------------------------- 
         2000367   rsjxw007 2021-08-23T18:06:06 2021-08-23T18:07:04   00:00:58             00:56.788  COMPLETED  0:0   r1pl-hpcf-n21        billing=2,cpu=2,mem=15624M,node=1 
   2000367.batch            2021-08-23T18:06:06 2021-08-23T18:07:04   00:00:58      2.65M  00:56.787  COMPLETED  0:0   r1pl-hpcf-n21                                          
  2000367.extern            2021-08-23T18:06:06 2021-08-23T18:07:04   00:00:58          0  00:00.001  COMPLETED  0:0   r1pl-hpcf-n21                                          
CPU Efficiency: 49.14% of 00:01:56 core-walltime
