USING ONLY MEANS!
nRuns:1
Using two part PSO Sample Size:5000 with:6 moments.
Using Times:0.5   2  10  20  30
Bounds for Uniform Distribution (0,1)
Blind PSO --> nParts:1 Nsteps:1
Targeted PSO --> nParts:1 Nsteps:1
sdbeta:0.1
Reading in data!
Using starting row of data:0 and 5000 data pts!
first row X0:192.796 1463.27 5.25096 5.80954 435.297 6.25942
final row X0:466.793 2248.32 5.67464 5.17143 516.351 6.12202



HERE IS X:
5 0 0 0
0 0 3 0
0 1 3 0
1 0 0 1
Xinv
     0.2        0        0        0
       0       -1        1        0
       0 0.333333        0        0
    -0.2        0        0        1
Loading in Truk!
Calculating Yt!
truk cost:356.857
Weights:
    1.37295           0           0           0           0           0
          0 3.65861e-06           0           0           0           0
          0           0 0.000149353           0           0           0
          0           0           0  0.00496813           0           0
          0           0           0           0 0.000157007           0
          0           0           0           0           0  0.00116281
Weights:
  0.0257048           0           0           0           0           0
          0 3.36684e-06           0           0           0           0
          0           0 0.000154056           0           0           0
          0           0           0 4.58741e-05           0           0
          0           0           0           0  0.00060828           0
          0           0           0           0           0 0.000244469
Weights:
7.55795e-05           0           0           0           0           0
          0 3.18088e-06           0           0           0           0
          0           0 0.000253877           0           0           0
          0           0           0 3.74662e-06           0           0
          0           0           0           0    0.158702           0
          0           0           0           0           0 0.000149314
Weights:
9.23161e-05           0           0           0           0           0
          0 1.03488e-05           0           0           0           0
          0           0 0.000638887           0           0           0
          0           0           0 3.65733e-06           0           0
          0           0           0           0      2.2907           0
          0           0           0           0           0 0.000147919
Weights:
0.000123755           0           0           0           0           0
          0 3.20066e-05           0           0           0           0
          0           0  0.00182152           0           0           0
          0           0           0 3.61893e-06           0           0
          0           0           0           0     5.11623           0
          0           0           0           0           0 0.000147748
Weights:

w0
    1.37295           0           0           0           0           0
          0 3.65861e-06           0           0           0           0
          0           0 0.000149353           0           0           0
          0           0           0  0.00496813           0           0
          0           0           0           0 0.000157007           0
          0           0           0           0           0  0.00116281
w1
  0.0257048           0           0           0           0           0
          0 3.36684e-06           0           0           0           0
          0           0 0.000154056           0           0           0
          0           0           0 4.58741e-05           0           0
          0           0           0           0  0.00060828           0
          0           0           0           0           0 0.000244469
w2
7.55795e-05           0           0           0           0           0
          0 3.18088e-06           0           0           0           0
          0           0 0.000253877           0           0           0
          0           0           0 3.74662e-06           0           0
          0           0           0           0    0.158702           0
          0           0           0           0           0 0.000149314
w3
9.23161e-05           0           0           0           0           0
          0 1.03488e-05           0           0           0           0
          0           0 0.000638887           0           0           0
          0           0           0 3.65733e-06           0           0
          0           0           0           0      2.2907           0
          0           0           0           0           0 0.000147919
w4
0.000123755           0           0           0           0           0
          0 3.20066e-05           0           0           0           0
          0           0  0.00182152           0           0           0
          0           0           0 3.61893e-06           0           0
          0           0           0           0     5.11623           0
          0           0           0           0           0 0.000147748
XtmVec:0.0600934   1838.56   209.349  0.629842   182.847   28.4948
XtmVec:0.0613001   1814.31   209.348   1.21294   159.172   52.1698
XtmVec:0.0621866   1804.11   209.347   2.95674   150.714   60.6275
XtmVec:0.0936578   1802.51   209.316    4.5597   150.692   60.6501
XtmVec:0.102476  1801.03  209.307  6.04569  150.688  60.6541
seedk:0.750153      0.1 0.262444 0.850999 0.841804 0.903233| cost:171588
PSO begins!
current:0.750153      0.1 0.262444 0.850999 0.841804 0.903233 171588
GBMAT from blind PSO:

0.750153      0.1 0.262444 0.850999 0.841804 0.903233   171588
0.750153      0.1 0.262444 0.850999 0.841804 0.903233   171588

truk:  0.1  0.1 0.95 0.17 0.05 0.18
total difference b/w truk and final GBVEC2.50921

blind PSO FINISHED RUNNING IN 58 s TIME!
truk:  0.1  0.1 0.95 0.17 0.05 0.18 with trukCost with new weights:0.0111686
CODE FINISHED RUNNING IN 58 s TIME!
