0.0132806           0           0           0           0           0           0           0           0           0           0           0           0           0           0           0           0           0           0           0           0           0           0           0           0           0           0
    0  0.00535845           0           0           0           0           0           0           0           0           0           0           0           0           0           0           0           0           0           0           0           0           0           0           0           0           0
    0           0   0.0947495           0           0           0           0           0           0           0           0           0           0           0           0           0           0           0           0           0           0           0           0           0           0           0           0
    0           0           0     173.388           0           0           0           0           0           0           0           0           0           0           0           0           0           0           0           0           0           0           0           0           0           0           0
    0           0           0           0  0.00464773           0           0           0           0           0           0           0           0           0           0           0           0           0           0           0           0           0           0           0           0           0           0
    0           0           0           0           0   0.0490414           0           0           0           0           0           0           0           0           0           0           0           0           0           0           0           0           0           0           0           0           0
    0           0           0           0           0           0 7.19843e-06           0           0           0           0           0           0           0           0           0           0           0           0           0           0           0           0           0           0           0           0
    0           0           0           0           0           0           0 5.66226e-07           0           0           0           0           0           0           0           0           0           0           0           0           0           0           0           0           0           0           0
    0           0           0           0           0           0           0           0 0.000497404           0           0           0           0           0           0           0           0           0           0           0           0           0           0           0           0           0           0
    0           0           0           0           0           0           0           0           0     3781.94           0           0           0           0           0           0           0           0           0           0           0           0           0           0           0           0           0
    0           0           0           0           0           0           0           0           0           0 4.85282e-07           0           0           0           0           0           0           0           0           0           0           0           0           0           0           0           0
    0           0           0           0           0           0           0           0           0           0           0 0.000135135           0           0           0           0           0           0           0           0           0           0           0           0           0           0           0
    0           0           0           0           0           0           0           0           0           0           0           0    0.965551           0           0           0           0           0           0           0           0           0           0           0           0           0           0
    0           0           0           0           0           0           0           0           0           0           0           0           0 0.000604135           0           0           0           0           0           0           0           0           0           0           0           0           0
    0           0           0           0           0           0           0           0           0           0           0           0           0           0    0.407301           0           0           0           0           0           0           0           0           0           0           0           0
    0           0           0           0           0           0           0           0           0           0           0           0           0           0           0 0.000560613           0           0           0           0           0           0           0           0           0           0           0
    0           0           0           0           0           0           0           0           0           0           0           0           0           0           0           0 0.000297539           0           0           0           0           0           0           0           0           0           0
    0           0           0           0           0           0           0           0           0           0           0           0           0           0           0           0           0 0.000182652           0           0           0           0           0           0           0           0           0
    0           0           0           0           0           0           0           0           0           0           0           0           0           0           0           0           0           0     9.77442           0           0           0           0           0           0           0           0
    0           0           0           0           0           0           0           0           0           0           0           0           0           0           0           0           0           0           0 5.26265e-07           0           0           0           0           0           0           0
    0           0           0           0           0           0           0           0           0           0           0           0           0           0           0           0           0           0           0           0 9.94073e-05           0           0           0           0           0           0
    0           0           0           0           0           0           0           0           0           0           0           0           0           0           0           0           0           0           0           0           0     3.59849           0           0           0           0           0
    0           0           0           0           0           0           0           0           0           0           0           0           0           0           0           0           0           0           0           0           0           0 9.88449e-05           0           0           0           0
    0           0           0           0           0           0           0           0           0           0           0           0           0           0           0           0           0           0           0           0           0           0           0 0.000259689           0           0           0
    0           0           0           0           0           0           0           0           0           0           0           0           0           0           0           0           0           0           0           0           0           0           0           0     2.39796           0           0
    0           0           0           0           0           0           0           0           0           0           0           0           0           0           0           0           0           0           0           0           0           0           0           0           0     1.80808           0
    0           0           0           0           0           0           0           0           0           0           0           0           0           0           0           0           0           0           0           0           0           0           0           0           0           0 5.34029e-05