PSO_S_ODE_NonLinear
using alpha:0.2
PSO using 27 moments.
Sample Size:5000 Nparts:300 Nsteps:40
mu: 80 120  85
covarMat:
 50   0   0
  0 100   0
  0   0  50

Yt: 31.1139 0.542396   48.822  1.33994  15.1949  69.6562  1028.63 0.340958  2397.92  6.85737  301.293  4880.84  15.4596  1505.96  40.0764  487.867  2148.86  26.9048 0.776729  7.76368  38.3763  67.4456  724.244  3421.08  9.90009  95.9964  1033.75
seedk:  0.496061 0.00751274   0.152603   0.960307   0.131037  0.0504406| cost:1.75684e+07
Xt:   53.001  0.167456   26.9352    11.189   3.63215   81.3883   2861.09 0.0289095   728.973   211.766   31.4417   6655.89   8.68373   1424.11   598.426   192.511   4303.15   4.54352   1.82114  0.607842   13.7289   295.885   97.7034   2202.72   15.3815   893.483   295.412
PSO begins!
underflow!8.38374e-05
pos   0.451012  0.00251527     0.15216    0.869422    0.111993 8.38374e-05
underflow!0.000148898
pos   0.451061 0.000148898    0.183064    0.820633   0.0233078   0.0417435
underflow!0.000302473
pos   0.421398   0.0295209    0.112522    0.914243 0.000302473   0.0246218
underflow!0.000937107
pos   0.596944 0.000937107    0.199342    0.849129   0.0848601    0.110656
underflow!0.000458037
pos   0.426495 0.000458037   0.0590653    0.834389   0.0315229   0.0596188
underflow!0.000867808
pos   0.307681 0.000867808     0.16766    0.935156     0.01123   0.0392958
underflow!0.000941775
pos   0.428671 0.000941775    0.102067    0.988381   0.0561249    0.141823
underflow!0.000929303
pos    0.39472 0.000929303      0.0387    0.956888   0.0217115   0.0264574
underflow!0.000586982
pos   0.771962 0.000586982   0.0389715    0.724037    0.229361   0.0012239
underflow!0.000490654
pos   0.396111 0.000490654    0.162354    0.926204   0.0425468   0.0115282
underflow!0.000792229
pos   0.231714 0.000792229      0.1819    0.938441    0.118144   0.0313548
underflow!0.000844591
pos   0.348885 0.000844591  0.00223512    0.961471    0.423078    0.001242
underflow!0.000741939
pos   0.293784 0.000741939   0.0510168    0.871804   0.0176837  0.00229503
GBMAT from first PSO:

   0.496061  0.00751274    0.152603    0.960307    0.131037   0.0504406 1.75684e+07
   0.506375   0.0712072    0.102334    0.887861    0.057072   0.0689278     56315.3
    0.56197   0.0224565   0.0792186    0.926755   0.0199593   0.0566262     32606.6
   0.553553   0.0529852    0.104371    0.920801   0.0501769   0.0740738     15928.4
   0.441391   0.0112564   0.0603537    0.923036   0.0453315   0.0408382     3501.31
    0.46255  0.00529229   0.0433177    0.956905   0.0734595   0.0267949     3474.34
   0.424677    0.012296   0.0453514    0.960379   0.0758117   0.0285813     3085.65
   0.362932  0.00907552   0.0409454    0.853422   0.0653262   0.0246891     2872.11
   0.355006   0.0111034   0.0420902    0.890726   0.0929051   0.0257845     2863.07
   0.345519   0.0105628   0.0419345    0.897772   0.0890134   0.0255567     2459.76
   0.458766   0.0290058   0.0506508    0.958316   0.0830034   0.0332093     2193.48
   0.541571   0.0150429   0.0753588    0.949312   0.0569554   0.0522851     2041.81
   0.535134    0.015513   0.0720717    0.948241   0.0579733   0.0498084     2036.17
   0.487613   0.0154358   0.0656901    0.919286     0.05164   0.0451248     2012.76
   0.508715   0.0148761    0.067808    0.930848   0.0525478   0.0466792      2008.1
   0.506858   0.0163163   0.0699305    0.929808   0.0562327   0.0482843     2006.26
   0.490369   0.0155303   0.0671693    0.910029   0.0539095   0.0462157      1995.4
    0.53378   0.0164133   0.0663154    0.910615   0.0543288   0.0455891      1990.2
    0.49653  0.00855964    0.068682    0.912458   0.0549903   0.0473548     1983.49
   0.496329  0.00868887   0.0686102      0.9127    0.055014   0.0473041     1983.47
   0.522095   0.0101555   0.0695993    0.913048   0.0527934   0.0480374     1978.39
   0.526933  0.00996899   0.0702746    0.915354   0.0534214   0.0485338     1978.19
   0.519757  0.00825688   0.0703578    0.914879    0.051966   0.0486103     1977.29
   0.520418   0.0087171   0.0703355    0.913935   0.0523572   0.0485897      1976.6

truk 0.515996 0.0603199  0.103199  0.896801   0.05516 0.0722394
total difference b/w truk and final GBVEC0.00462317
CODE FINISHED RUNNING IN 9395 s TIME!
Job Statistics for 1487878:
           JobID       User               Start                 End    Elapsed     MaxRSS   TotalCPU      State Exit        NodeList                                  ReqTRES 
---------------- ---------- ------------------- ------------------- ---------- ---------- ---------- ---------- ---- --------------- ---------------------------------------- 
         1487878   rsjxw007 2021-07-28T16:07:16 2021-07-28T18:43:52   02:36:36              02:36:04  COMPLETED  0:0   r1pl-hpcf-n21         billing=1,cpu=1,mem=7812M,node=1 
   1487878.batch            2021-07-28T16:07:16 2021-07-28T18:43:52   02:36:36      1.57M   02:36:04  COMPLETED  0:0   r1pl-hpcf-n21                                          
  1487878.extern            2021-07-28T16:07:16 2021-07-28T18:43:52   02:36:36          0  00:00.001  COMPLETED  0:0   r1pl-hpcf-n21                                          
CPU Efficiency: 99.66% of 02:36:36 core-walltime
