PSO_S_ODE_NonLinear
note: this run is using beta distribution of updating and is ran in srl and is init rand!
sample size:10000 Nparts:300 Nsteps:40
mu: 80 120  85
covarMat:
 50   0   0
  0 100   0
  0   0  50

Yt:  31.396 0.538999  48.6255  1.28468  15.7173  69.3771   1048.9  0.36021  2378.97  6.80006  318.373  4842.42  15.3976  1512.76  38.8423  508.619  2158.63  26.6668 0.745099  7.97958  38.0305  64.3679  746.623   3394.1   9.8604  91.5943   1065.7
seedk:0.849245 0.814898 0.624879 0.939958 0.089968 0.472711| cost:573684
Xt:30.7742 2.95291 49.2856 2.56551 19.8433 65.1508 1007.08 9.88501 2442.61 10.6419 458.501  4268.3 83.5569 1504.94 76.9649  622.51 1989.39  147.54 7.91147 56.6611 195.033 128.998 963.695  3228.9 39.0007 170.523 1273.91
PSO begins!
underflow!4.56097e-05
pos4.56097e-05    0.664691    0.780839    0.722845    0.875741    0.850643
GBMAT from first PSO:

 0.849245  0.814898  0.624879  0.939958  0.089968  0.472711    573684
 0.578943  0.930445  0.575109  0.809785 0.0350142  0.399335    401412
 0.884572   0.50324  0.765461   0.72628 0.0921973  0.526634    356911
 0.661736  0.816088  0.625067  0.788497 0.0503422  0.432557    352663
 0.786426  0.816088  0.522371  0.788497 0.0839448  0.376797    320407
 0.891748  0.240535  0.414493  0.890968  0.476958  0.286731    259669
 0.860759  0.545926  0.433991  0.828873  0.122614  0.302746    140469
 0.924284  0.482346  0.344091  0.693868  0.117236  0.241936    117262
 0.872394  0.451418  0.365388  0.747356  0.100594  0.255097    102984
 0.630219  0.236108  0.329975  0.933794  0.053825  0.228031   47877.9
  0.87307  0.113762 0.0960174  0.892809 0.0530097 0.0677678   3482.32
 0.799594  0.134941  0.155761  0.873322  0.037597   0.10984   1743.02
 0.886949 0.0800042  0.179929  0.948547  0.037681  0.125524   1655.31
 0.861702 0.0813394  0.145411  0.911749 0.0429322  0.101988   418.809
  0.82855 0.0813394  0.145411  0.911749 0.0411866  0.101988   355.071
 0.802493  0.100183  0.142377  0.907537 0.0417648  0.100038   288.308
 0.816511 0.0900455  0.144009  0.909803 0.0414537  0.101087   275.843
 0.817321 0.0977991  0.145779  0.908107 0.0428464  0.102268   219.588
 0.820266  0.118352  0.142787  0.912511 0.0400751  0.100281   203.128
 0.845771  0.138706   0.15237  0.911575 0.0393541  0.106859   195.184
 0.821087  0.160967  0.135314  0.922131  0.035934 0.0949304   162.419
 0.826666  0.150023  0.141499  0.915733 0.0383305 0.0991888   145.652
 0.826857  0.149748  0.142158  0.914696 0.0387548 0.0997036   130.914
 0.824363  0.150255  0.142026   0.91263 0.0376658 0.0996328   129.945
 0.826777  0.149003  0.143189  0.917118 0.0362764   0.10043   127.998
 0.827222  0.148039  0.142779  0.916609 0.0367882  0.100156   126.537
 0.826719  0.145032  0.142853  0.911085 0.0359159  0.100204   125.957
  0.82621  0.145213  0.143066  0.911187 0.0361024  0.100356   125.745

truk 0.515996 0.0603199  0.103199  0.896801   0.05516 0.0722394
total difference b/w truk and final GBVEC0.10639
CODE FINISHED RUNNING IN 19379 s TIME!
Job Statistics for 1463222:
           JobID       User               Start                 End    Elapsed     MaxRSS   TotalCPU      State Exit        NodeList                                  ReqTRES 
---------------- ---------- ------------------- ------------------- ---------- ---------- ---------- ---------- ---- --------------- ---------------------------------------- 
         1463222   rsjxw007 2021-07-28T10:44:30 2021-07-28T16:07:31   05:23:01              05:21:05  COMPLETED  0:0   r1pl-hpcf-n21         billing=1,cpu=1,mem=7812M,node=1 
   1463222.batch            2021-07-28T10:44:30 2021-07-28T16:07:31   05:23:01      2.08M   05:21:05  COMPLETED  0:0   r1pl-hpcf-n21                                          
  1463222.extern            2021-07-28T10:44:30 2021-07-28T16:07:31   05:23:01          0  00:00.001  COMPLETED  0:0   r1pl-hpcf-n21                                          
CPU Efficiency: 99.40% of 05:23:01 core-walltime
