PSO_S_ODE_NonLinear
Using two part PSOSample Size:100 with:27 moments.
Using Record Time:29.07
Bounds for Uniform Distribution (0,1)
Blind PSO --> nParts:300 Nsteps:15
Targeted PSO --> nParts:20 Nsteps:200
mu: 80 120  85
covarMat:
 50   0   0
  0 100   0
  0   0  50

Yt:  3.79859   2.96187   2.50048  0.123432   5.58579   3.33108   48.8876   40.9256   13.3436 0.0182359   72.7685   23.8985  0.783393   9.73029  0.647505   11.1612   13.5346   8.76658  0.139806    49.832   11.0702  0.334173   22.4443   17.8419  0.492215  0.453101   29.3652
seedk:0.227901 0.758728  0.59563  0.71974 0.287624  0.33435| cost:15781.5
Xt: 4.30726  5.04106  1.55827  0.39756  6.99689  2.77595  52.6036  99.5961  7.76467 0.211917  150.446  24.6408  9.26045  9.31997  2.75185  21.3323  16.6031  19.2495  1.36631  120.212  34.2908 0.820677  27.8348  13.8321   2.3989  1.46199  49.5849
PSO begins!
GBMAT from targeted PSO:

 0.227901  0.758728   0.59563   0.71974  0.287624   0.33435   15781.5
 0.227901  0.758728   0.59563   0.71974  0.287624   0.33435   15781.5
 0.761174  0.623195  0.563695  0.833291   0.90611   0.19131   3975.34
 0.790289 0.0868429  0.415706  0.420332  0.864274  0.152114   3881.55
 0.726044  0.100942  0.507335  0.387169  0.864474  0.175283   3799.84
 0.726044  0.100942  0.507335  0.387169  0.864474  0.175283   3799.84
 0.726044  0.100942  0.507335  0.387169  0.864474  0.175283   3799.84
 0.715027  0.134133  0.514149  0.446672  0.877884   0.17492   3795.13
 0.715027  0.134133  0.514149  0.446672  0.877884   0.17492   3795.13
 0.817187  0.101826  0.473681  0.494604  0.818991  0.165494   3777.83
 0.825385  0.106805  0.386331   0.45342  0.820129  0.132933   3767.75
 0.810409 0.0833883  0.454372   0.43168  0.834783  0.157015    3764.5
 0.850907 0.0979614  0.437866  0.440633  0.828701  0.150108   3760.03
 0.850269 0.0768092  0.431519  0.433096  0.851663  0.149218   3757.59
 0.874578 0.0616208  0.443637  0.471469  0.878861  0.152076   3752.05
  0.88218 0.0551838   0.43353  0.439144  0.855022  0.149666   3749.15

truk:  0.515996 0.0603199  0.103199  0.896801   0.05516 0.0722394
total difference b/w truk and final GBVEC1.09846

targeted PSO has started!
Updating Weight Matrix!
GBVEC AND COST:  0.88218 0.0551838   0.43353  0.439144  0.855022  0.149666   3749.15
Chkpt reached!
new weight matrix:
  0.0115211           0           0           0           0           0           0           0           0           0           0           0           0           0           0           0           0           0           0           0           0           0           0           0           0           0           0
          0    0.012028           0           0           0           0           0           0           0           0           0           0           0           0           0           0           0           0           0           0           0           0           0           0           0           0           0
          0           0   0.0823041           0           0           0           0           0           0           0           0           0           0           0           0           0           0           0           0           0           0           0           0           0           0           0           0
          0           0           0      1.4605           0           0           0           0           0           0           0           0           0           0           0           0           0           0           0           0           0           0           0           0           0           0           0
          0           0           0           0  0.00886336           0           0           0           0           0           0           0           0           0           0           0           0           0           0           0           0           0           0           0           0           0           0
          0           0           0           0           0   0.0184484           0           0           0           0           0           0           0           0           0           0           0           0           0           0           0           0           0           0           0           0           0
          0           0           0           0           0           0 1.23761e-05           0           0           0           0           0           0           0           0           0           0           0           0           0           0           0           0           0           0           0           0
          0           0           0           0           0           0           0 1.47182e-05           0           0           0           0           0           0           0           0           0           0           0           0           0           0           0           0           0           0           0
          0           0           0           0           0           0           0           0  0.00027247           0           0           0           0           0           0           0           0           0           0           0           0           0           0           0           0           0           0
          0           0           0           0           0           0           0           0           0   0.0879671           0           0           0           0           0           0           0           0           0           0           0           0           0           0           0           0           0
          0           0           0           0           0           0           0           0           0           0 6.02405e-06           0           0           0           0           0           0           0           0           0           0           0           0           0           0           0           0
          0           0           0           0           0           0           0           0           0           0           0 9.24969e-06           0           0           0           0           0           0           0           0           0           0           0           0           0           0           0
          0           0           0           0           0           0           0           0           0           0           0           0    0.445846           0           0           0           0           0           0           0           0           0           0           0           0           0           0
          0           0           0           0           0           0           0           0           0           0           0           0           0  0.00112551           0           0           0           0           0           0           0           0           0           0           0           0           0
          0           0           0           0           0           0           0           0           0           0           0           0           0           0  0.00360202           0           0           0           0           0           0           0           0           0           0           0           0
          0           0           0           0           0           0           0           0           0           0           0           0           0           0           0  0.00052466           0           0           0           0           0           0           0           0           0           0           0
          0           0           0           0           0           0           0           0           0           0           0           0           0           0           0           0 0.000215845           0           0           0           0           0           0           0           0           0           0
          0           0           0           0           0           0           0           0           0           0           0           0           0           0           0           0           0 0.000234277           0           0           0           0           0           0           0           0           0
          0           0           0           0           0           0           0           0           0           0           0           0           0           0           0           0           0           0   0.0149911           0           0           0           0           0           0           0           0
          0           0           0           0           0           0           0           0           0           0           0           0           0           0           0           0           0           0           0  1.0222e-05           0           0           0           0           0           0           0
          0           0           0           0           0           0           0           0           0           0           0           0           0           0           0           0           0           0           0           0  3.2782e-05           0           0           0           0           0           0
          0           0           0           0           0           0           0           0           0           0           0           0           0           0           0           0           0           0           0           0           0   0.0221966           0           0           0           0           0
          0           0           0           0           0           0           0           0           0           0           0           0           0           0           0           0           0           0           0           0           0           0  7.1576e-05           0           0           0           0
          0           0           0           0           0           0           0           0           0           0           0           0           0           0           0           0           0           0           0           0           0           0           0 6.12738e-05           0           0           0
          0           0           0           0           0           0           0           0           0           0           0           0           0           0           0           0           0           0           0           0           0           0           0           0  0.00452888           0           0
          0           0           0           0           0           0           0           0           0           0           0           0           0           0           0           0           0           0           0           0           0           0           0           0           0  0.00269287           0
          0           0           0           0           0           0           0           0           0           0           0           0           0           0           0           0           0           0           0           0           0           0           0           0           0           0  1.0869e-05

New PBMAT:
   0.827902     0.60208    0.739315    0.652855    0.994923    0.567848     4.58494
   0.966386 3.11525e-06    0.402942    0.255906    0.746038   0.0154177     39.9238
   0.989658  4.4971e-06    0.328852    0.290293     0.94521    0.304493     4.99777
   0.999991   0.0155899    0.258594    0.523008    0.984925   0.0281857     13.1476
   0.775441   0.0413229    0.477735    0.387027    0.612412    0.080498     9.64879
   0.821289 4.62749e-08    0.141003    0.509156    0.672331   0.0365332     3.51411
   0.992253 8.17553e-07    0.461158    0.217126    0.963081    0.128146     25.5785
   0.802341  0.00619174    0.556558    0.496607    0.755727    0.118874     7.45226
   0.998985 2.37488e-07    0.414244    0.569305    0.903022    0.338729     1.99546
   0.870559 8.38165e-10      0.2274    0.461177    0.578726    0.244582     1.17788
   0.702705  2.3882e-14   0.0605506    0.391788    0.943254     0.55217     1.67455
   0.839045  0.00320325    0.436416    0.727429    0.629034    0.238734     1.25711
   0.992441   0.0093943    0.295793    0.339475    0.831977   0.0412771     17.2145
   0.832103 4.75666e-11    0.522482    0.640367    0.568281    0.118336     3.55146
   0.834321  0.00047255    0.396405    0.481304    0.915682    0.161902     4.92993
   0.802238 4.97019e-08     0.48654    0.317761    0.995159   0.0777019     24.2257
   0.756334  0.00732636    0.563492    0.250636    0.895151    0.151863     19.4653
   0.984422   0.0435347    0.225818     0.63103    0.997441    0.248657     1.31216
   0.976113    0.303905    0.469438    0.284578    0.936142   0.0965637     20.7529
   0.873256 1.01586e-08     0.48198    0.471108    0.656655    0.306143     2.41852

underflow!4.4971e-06
pos  0.989658 4.4971e-06   0.328852   0.290293    0.94521   0.304493
underflow!4.62749e-08
pos   0.821289 4.62749e-08    0.141003    0.509156    0.672331   0.0365332
underflow!8.17553e-07
pos   0.992253 8.17553e-07    0.461158    0.217126    0.963081    0.128146
underflow!2.37488e-07
pos   0.998985 2.37488e-07    0.414244    0.569305    0.903022    0.338729
underflow!2.3882e-14
pos  0.702705 2.3882e-14  0.0605506   0.391788   0.943254    0.55217
underflow!4.97019e-08
pos   0.802238 4.97019e-08     0.48654    0.317761    0.995159   0.0777019
underflow!-0.098594
pos 0.837872 0.0745959  0.237039  0.604263 -0.098594  0.171554
underflow!-0.0391315
pos  0.792617  0.0735231   0.241982   0.651144 -0.0391315   0.111776
underflow!-0.019257
pos 0.860357 0.0815731  0.227468  0.668266 -0.019257  0.119976
underflow!-0.0328415
pos  0.791061  0.0726609   0.231766   0.654722 -0.0328415   0.112728
underflow!-0.0232236
pos  0.793054  0.0724415   0.236051   0.655494 -0.0232236   0.113376
overflow!
underflow!-0.0380381
pos  0.778636  0.0728396   0.232096   0.619829 -0.0380381   0.108246
underflow!-0.0579641
pos  0.764136  0.0754691   0.253664   0.646206 -0.0579641   0.108706
underflow!-0.194426
pos -1.99617  0.142234 -0.194426  -1.90795  0.309535 -0.177761
underflow!-0.177761
pos -1.99617  0.142234 -0.194426  -1.90795  0.309535 -0.177761
underflow!-0.0350359
pos  0.804153  0.0731396   0.244955   0.640309 -0.0350359   0.114096
underflow!-0.0491163
pos  0.767493  0.0742752   0.219375   0.648398 -0.0491163    0.13239
underflow!-0.0312686
pos  0.692646  0.0246952 0.00524409   0.654315 -0.0312686   0.166337
underflow!-0.0706317
pos    0.8059  0.0981487   0.233774    0.63778 -0.0706317   0.104725
underflow!-0.145199
pos 0.792308 0.0999626  0.243315   0.71982 -0.145199  0.108173
underflow!-0.0243766
pos  0.806564  0.0737563   0.231825   0.674368 -0.0243766   0.115469
overflow!
underflow!-0.167607
pos   1.9038 0.0441067  0.321144   1.65363 -0.167607  0.160416
underflow!-0.0863128
pos  0.793566  0.0769362   0.414991   0.792529 -0.0863128  0.0992082
underflow!-0.0453601
pos  0.794552  0.0747141   0.227628   0.653201 -0.0453601   0.121565
underflow!-0.0436121
pos  0.801276  0.0749213   0.228955   0.647245 -0.0436121   0.114166
underflow!-0.0415465
pos  0.799634  0.0746384     0.2297   0.650291 -0.0415465   0.118304
underflow!-0.0325018
pos  0.801558  0.0733956   0.232824   0.652479 -0.0325018   0.133651
overflow!
underflow!-0.139903
pos   1.40816 -0.0295403   0.374171   0.648325  -0.139903 -0.0155384
underflow!-0.0235958
pos  0.770615  0.0719858   0.230081   0.660561 -0.0235958   0.114074
underflow!-0.0429706
pos  0.800884  0.0749189   0.229202   0.649627 -0.0429706   0.113768
underflow!-0.0110316
pos  0.820421  0.0804498   0.460218   0.420632 -0.0110316   0.105913
underflow!-0.0198206
pos   1.20874 -0.0198206  0.0792962   0.589486 -0.0288968    0.27468
underflow!-0.216174
pos  0.58381 0.0739811  0.472254  0.384325 -0.216174  0.239537
underflow!-0.0429987
pos  0.817326  0.0749305   0.229183   0.649646 -0.0429987  0.0943789
underflow!-0.0511271
pos  0.765787  0.0747316   0.274339   0.699943 -0.0511271  0.0818618
underflow!-1.22478
pos  -1.22478   0.149981  0.0454719 0.00555308 -0.0743641  0.0362957
underflow!-0.0325629
pos  0.755816 -0.0540885   0.245724   0.554784 -0.0325629   0.126227
underflow!-0.0325642
pos  0.757616  0.0616693   0.238362   0.566959 -0.0325642   0.140136
underflow!-0.0773297
pos  0.600222   0.067486   0.447138   0.650111 -0.0773297  -0.385016
underflow!-0.048397
pos 0.792969 0.0745489  0.223077  0.630187 -0.048397  0.122211
underflow!-0.0480568
pos  0.804978  0.0683847   0.225193   0.643919 -0.0480568   0.110939
underflow!-0.0415604
pos   0.52664   0.118893   0.394594   0.754256 -0.0415604  -0.129869
underflow!-0.129869
pos   0.52664   0.118893   0.394594   0.754256 -0.0415604  -0.129869
underflow!-0.0729629
pos  0.694657  0.0619603   0.200499    0.60482 -0.0729629   0.135585
underflow!-0.03435
pos 0.996848 0.0575433  0.272085  0.792329  -0.03435  0.132341
underflow!-0.627484
pos-0.627484  -3.37533  -5.43597  -12.9831   1.34344  0.466047
underflow!-5.43597
pos-0.627484  -3.37533  -5.43597  -12.9831   1.34344  0.466047
overflow!
underflow!-0.0444348
pos  0.807518  0.0532315   0.230503   0.660257 -0.0444348   0.126088
underflow!-0.0442053
pos  0.806088  0.0666124   0.230172   0.642371 -0.0442053   0.113877
underflow!-0.0283314
pos  0.813002  0.0353074   0.161929   0.755469 -0.0283314   0.134766
underflow!-0.0413895
pos  0.799937   0.068904   0.228426   0.646254 -0.0413895   0.119414
underflow!-0.0408802
pos  0.807162   0.100293   0.303394    0.68784 -0.0408802 -0.0401921
underflow!-0.0832374
pos  0.842173 -0.0832374   0.220094   0.626013   0.013475    0.40232
underflow!-0.0442451
pos  0.789512  0.0660311   0.230159   0.642236 -0.0442451    0.17086
underflow!-0.0430239
pos  0.803947  0.0689232   0.229631   0.644697 -0.0430239   0.119202
underflow!-0.0654693
pos  0.787903  0.0666896   0.234843   0.800756 -0.0654693   0.113749
underflow!-0.0386065
pos   0.74848  0.0708561   0.298182   0.630959 -0.0386065   0.148354
underflow!-0.181936
pos 0.794717 0.0438819    0.2279  0.566332 -0.181936  0.146003
underflow!-0.354916
pos   2.2405   6.46813  0.727817   27.1328  -2.05982 -0.354916
underflow!-0.0446604
pos  0.807098   0.256491   0.230789    2.31135 -0.0446604   0.111801
underflow!-0.32101
pos0.621924 0.105645 0.232449 0.641534 -0.32101 0.227128
underflow!-0.0756284
pos   1.22601  0.0732375   0.327694   0.642372 -0.0756284  0.0182426
underflow!-0.0463896
pos   0.80525  0.0744969   0.194946   0.633367 -0.0463896   0.113262
underflow!-0.0422839
pos  0.721397  0.0955743   0.177228   0.698769 -0.0422839   0.113796
underflow!-0.0564419
pos  0.759642  0.0664611   0.249027   0.598067 -0.0564419    0.12549
underflow!-0.000948149
pos    0.640072    0.0583123    0.0137952     0.282493 -0.000948149     0.137238
overflow!
underflow!-18.7191
pos-0.185967  -4.65256  0.145513  -18.7191   1.43529    0.1915
underflow!-4.65256
pos-0.185967  -4.65256  0.145513  -18.7191   1.43529    0.1915
underflow!-0.0305417
pos  0.874079  0.0459172   0.245095   0.651788 -0.0305417  0.0881778
underflow!-0.140484
pos 0.872462  -0.32512   0.49544  -2.74202 -0.140484 0.0346053
underflow!-0.32512
pos 0.872462  -0.32512   0.49544  -2.74202 -0.140484 0.0346053
underflow!-0.0631958
pos  0.738554  0.0760173   0.332294   0.872807 -0.0631958  0.0420218
overflow!
underflow!-0.185827
pos  1.48667 0.0645605  0.371863  0.118816 -0.185827 -0.121909
overflow!
underflow!-0.037063
pos 0.837269 0.0713152   0.24016  0.669939 -0.037063  0.116119
underflow!-0.0470953
pos  0.831195  0.0697351   0.242696   0.662932 -0.0470953   0.117531
underflow!-0.0419345
pos  0.854761  0.0708775   0.269636   0.721464 -0.0419345   0.153309
underflow!-0.0303465
pos   0.76835   0.110697   0.380997   0.675964 -0.0303465   0.142224
underflow!-0.0438259
pos  0.860288  0.0607827   0.242066   0.688554 -0.0438259   0.117399
underflow!-0.246547
pos   3.02689 0.00678016   0.463332    1.99522   -2.38925  -0.246547
underflow!-0.0564993
pos  0.802072  0.0878245   0.234912    1.62863 -0.0564993   0.138921
overflow!
underflow!-0.0956688
pos  0.844858  0.0626174 -0.0884669   0.414523 -0.0956688   0.202776
underflow!-0.0443516
pos  0.777064  0.0754815   0.240367   0.651596 -0.0443516   0.116643
underflow!-0.0420589
pos  0.845871  0.0658469   0.251085   0.669483 -0.0420589   0.122398
underflow!-0.0438751
pos  0.847898   0.069275   0.196494   0.643029 -0.0438751   0.116667
underflow!-0.0575516
pos  0.802354  0.0692112   0.238887    0.68011 -0.0575516   0.113288
underflow!-0.0982044
pos  0.626283   0.166682    0.19036   0.591806 -0.0982044  0.0632519
underflow!-0.129383
pos  0.962686  0.0366287  -0.129383   0.671288 -0.0848019  0.0931569
underflow!-0.214228
pos-0.214228 0.0772777  0.132997 0.0239233    1.0837  0.174154
underflow!-1.70579
pos-0.119936     2.695   -6.8358  -2.31057  -1.70579   1.19126
underflow!-2.31057
pos-0.119936     2.695   -6.8358  -2.31057  -1.70579   1.19126
underflow!-6.8358
pos-0.119936     2.695   -6.8358  -2.31057  -1.70579   1.19126
overflow!
overflow!
overflow!
overflow!
underflow!-3.20035
pos-4.73515  3.78689 -12.1863  -16.305 -3.20035  1.61678
underflow!-16.305
pos-4.73515  3.78689 -12.1863  -16.305 -3.20035  1.61678
overflow!
underflow!-0.0440202
pos  0.836363  0.0700255    0.24835   0.667219 -0.0440202   0.112614
underflow!-0.0424074
pos  0.889517  -0.108767   0.343239   0.921379 -0.0424074   0.150377
overflow!
underflow!-0.00744622
pos   0.845636   0.0697091    0.239523      0.6763 -0.00744622    0.486076
underflow!-0.0438756
pos  0.849302  0.0715007   0.141002   0.675953 -0.0438756   0.116224
underflow!-0.0452954
pos  0.841411  0.0737083   0.267452     0.6992 -0.0452954   0.143543
underflow!-0.0412997
pos  0.815016  0.0764123   0.283154   0.671107 -0.0412997   0.118517
overflow!
underflow!-0.836675
pos  1.44256  0.104844  0.314261   1.07185 -0.836675   0.17258
underflow!-0.0364495
pos  0.908848  0.0867687   0.239842   0.699313 -0.0364495  0.0969013
underflow!-0.066955
pos-0.390385   3.43587 -0.066955 -0.189073 0.0123972   1.24939
underflow!-0.473288
pos  4.07471 -0.473288   7.48419  0.976954 -0.047419 -0.398825
overflow!
underflow!-0.047419
pos  4.07471 -0.473288   7.48419  0.976954 -0.047419 -0.398825
overflow!
underflow!-0.0339326
pos  0.831567 -0.0589144   0.191946   0.625986 -0.0339326   0.198894
underflow!-0.139431
pos 0.785701    0.3281 0.0880144  0.323528 -0.107203 -0.139431
underflow!-0.107203
pos 0.785701    0.3281 0.0880144  0.323528 -0.107203 -0.139431
overflow!
underflow!-0.140809
pos  0.843557  -0.140809   0.232634   0.682918 -0.0448614   0.123038
underflow!-1.36197
pos  1.28925 0.0113083  -1.36197 0.0213557  -0.13672  0.336781
overflow!
underflow!-0.0560771
pos  0.831227  0.0689741   0.236557   0.607198 -0.0560771  0.0580788
underflow!-0.0431656
pos   0.84987  0.0689393   0.242382   0.567378 -0.0431656   0.117947
underflow!-0.0429143
pos  0.792877   0.149895 -0.0429143    1.10955   0.279762  -0.243209
overflow!
underflow!-0.0555061
pos  0.780003  0.0465755  -0.297626   0.466142 -0.0555061  0.0379102
underflow!-0.0410452
pos  0.851676  0.0791809   0.254207   0.675136 -0.0410452   0.114604
overflow!
underflow!-0.0233594
pos  0.457042     1.2245     0.1683   0.406526 -0.0233594   0.508686
underflow!-0.0869727
pos  0.867335   0.200574   0.292222   0.729394 -0.0869727  0.0341385
underflow!-0.0476644
pos  0.887083  0.0991334  0.0123627   0.180549  0.0175026 -0.0476644
overflow!
underflow!-0.0419087
pos  0.873484  0.0707073    0.21727   0.684299 -0.0419087  0.0880507
underflow!-0.983192
pos  1.23156  0.211905 -0.983192 -0.068134    1.2104   1.82515
overflow!
underflow!-0.0391467
pos  0.750986 -0.0468465 -0.0391467   0.932516 -0.0653777 -0.0207606
underflow!-0.0207606
pos  0.750986 -0.0468465 -0.0391467   0.932516 -0.0653777 -0.0207606
underflow!-0.0653777
pos  0.750986 -0.0468465 -0.0391467   0.932516 -0.0653777 -0.0207606
overflow!
slurmstepd: error: *** JOB 1523066 ON r1pl-hpcf-n21 CANCELLED AT 2021-08-05T09:13:40 ***
Job Statistics for 1523066:
           JobID       User               Start                 End    Elapsed     MaxRSS   TotalCPU      State Exit        NodeList                                  ReqTRES 
---------------- ---------- ------------------- ------------------- ---------- ---------- ---------- ---------- ---- --------------- ---------------------------------------- 
         1523066   rsjxw007 2021-08-05T08:57:42 2021-08-05T09:13:40   00:15:58             15:26.037 CANCELLED+  0:0   r1pl-hpcf-n21         billing=1,cpu=1,mem=7812M,node=1 
   1523066.batch            2021-08-05T08:57:42 2021-08-05T09:13:42   00:16:00      1.18M  15:26.035  CANCELLED 0:15   r1pl-hpcf-n21                                          
  1523066.extern            2021-08-05T08:57:42 2021-08-05T09:13:40   00:15:58          0  00:00.001  COMPLETED  0:0   r1pl-hpcf-n21                                          
CPU Efficiency: 96.66% of 00:15:58 core-walltime
