PSO_S_ODE_NonLinear
Using two part PSOSample Size:100 with:27 moments.
Using Record Time:38.76
Bounds for Uniform Distribution (0,1)
Blind PSO --> nParts:300 Nsteps:5
Targeted PSO --> nParts:20 Nsteps:20
mu: 80 120  85
covarMat:
 50   0   0
  0 100   0
  0   0  50

Yt:  3.82376   2.87693   2.47531  0.125707   5.47794   3.43893   49.0986   39.5763   12.9946 0.0187632   70.3053   25.2911  0.781948   9.79928  0.655994   11.2372    13.908   8.38039  0.139629   48.0963   11.3028  0.337822   21.7128    18.124  0.496214  0.473689   29.9005
seedk:0.727601 0.664679 0.300376 0.104524 0.156905 0.168843| cost:10772.9
Xt:4.14269 3.51113 1.72284 1.47791 6.71188 3.06096 53.0556 80.8364 9.07883 2.74265 140.423 28.6728 2.28503 8.43686 8.13768 18.8596 15.0075 17.0808 3.36049 101.278 30.3282 3.44121 29.6009 16.1343 9.54435 6.11775 52.5802
PSO begins!
underflow!0.000789858
pos   0.723166    0.307609 0.000789858    0.593915    0.800328     0.12305
GBMAT from targeted PSO:

 0.727601  0.664679  0.300376  0.104524  0.156905  0.168843   10772.9
 0.727601  0.664679  0.300376  0.104524  0.156905  0.168843   10772.9
 0.449078   0.35516  0.181418  0.165089  0.396076 0.0496247   3988.99
 0.481646  0.415124   0.33547   0.18176  0.481439  0.105697   3944.87
 0.514518  0.384862  0.259619  0.228226  0.475515 0.0790096   3905.62
 0.662283  0.324918  0.382936  0.199437  0.341341  0.125381   3823.76

truk:  0.515996 0.0603199  0.103199  0.896801   0.05516 0.0722394
total difference b/w truk and final GBVEC0.740704

targeted PSO has started!
Updating Weight Matrix!
GBVEC AND COST:0.662283 0.324918 0.382936 0.199437 0.341341 0.125381  3823.76
Chkpt reached!
new weight matrix:
  0.0114979           0           0           0           0           0           0           0           0           0           0           0           0           0           0           0           0           0           0           0           0           0           0           0           0           0           0
          0   0.0125883           0           0           0           0           0           0           0           0           0           0           0           0           0           0           0           0           0           0           0           0           0           0           0           0           0
          0           0   0.0858054           0           0           0           0           0           0           0           0           0           0           0           0           0           0           0           0           0           0           0           0           0           0           0           0
          0           0           0       1.433           0           0           0           0           0           0           0           0           0           0           0           0           0           0           0           0           0           0           0           0           0           0           0
          0           0           0           0  0.00925144           0           0           0           0           0           0           0           0           0           0           0           0           0           0           0           0           0           0           0           0           0           0
          0           0           0           0           0   0.0173689           0           0           0           0           0           0           0           0           0           0           0           0           0           0           0           0           0           0           0           0           0
          0           0           0           0           0           0 1.22917e-05           0           0           0           0           0           0           0           0           0           0           0           0           0           0           0           0           0           0           0           0
          0           0           0           0           0           0           0 1.57819e-05           0           0           0           0           0           0           0           0           0           0           0           0           0           0           0           0           0           0           0
          0           0           0           0           0           0           0           0  0.00029684           0           0           0           0           0           0           0           0           0           0           0           0           0           0           0           0           0           0
          0           0           0           0           0           0           0           0           0   0.0834865           0           0           0           0           0           0           0           0           0           0           0           0           0           0           0           0           0
          0           0           0           0           0           0           0           0           0           0 6.66559e-06           0           0           0           0           0           0           0           0           0           0           0           0           0           0           0           0
          0           0           0           0           0           0           0           0           0           0           0 7.95671e-06           0           0           0           0           0           0           0           0           0           0           0           0           0           0           0
          0           0           0           0           0           0           0           0           0           0           0           0     0.16169           0           0           0           0           0           0           0           0           0           0           0           0           0           0
          0           0           0           0           0           0           0           0           0           0           0           0           0  0.00115066           0           0           0           0           0           0           0           0           0           0           0           0           0
          0           0           0           0           0           0           0           0           0           0           0           0           0           0  0.00337447           0           0           0           0           0           0           0           0           0           0           0           0
          0           0           0           0           0           0           0           0           0           0           0           0           0           0           0 0.000514664           0           0           0           0           0           0           0           0           0           0           0
          0           0           0           0           0           0           0           0           0           0           0           0           0           0           0           0 0.000206641           0           0           0           0           0           0           0           0           0           0
          0           0           0           0           0           0           0           0           0           0           0           0           0           0           0           0           0 0.000275875           0           0           0           0           0           0           0           0           0
          0           0           0           0           0           0           0           0           0           0           0           0           0           0           0           0           0           0   0.0140261           0           0           0           0           0           0           0           0
          0           0           0           0           0           0           0           0           0           0           0           0           0           0           0           0           0           0           0 1.11665e-05           0           0           0           0           0           0           0
          0           0           0           0           0           0           0           0           0           0           0           0           0           0           0           0           0           0           0           0  3.4712e-05           0           0           0           0           0           0
          0           0           0           0           0           0           0           0           0           0           0           0           0           0           0           0           0           0           0           0           0   0.0208377           0           0           0           0           0
          0           0           0           0           0           0           0           0           0           0           0           0           0           0           0           0           0           0           0           0           0           0 8.04559e-05           0           0           0           0
          0           0           0           0           0           0           0           0           0           0           0           0           0           0           0           0           0           0           0           0           0           0           0 5.96434e-05           0           0           0
          0           0           0           0           0           0           0           0           0           0           0           0           0           0           0           0           0           0           0           0           0           0           0           0  0.00407471           0           0
          0           0           0           0           0           0           0           0           0           0           0           0           0           0           0           0           0           0           0           0           0           0           0           0           0  0.00225965           0
          0           0           0           0           0           0           0           0           0           0           0           0           0           0           0           0           0           0           0           0           0           0           0           0           0           0 1.09336e-05



new GBMAT with step:0
 0.727601  0.664679  0.300376  0.104524  0.156905  0.168843   10772.9
 0.727601  0.664679  0.300376  0.104524  0.156905  0.168843   10772.9
 0.449078   0.35516  0.181418  0.165089  0.396076 0.0496247   3988.99
 0.481646  0.415124   0.33547   0.18176  0.481439  0.105697   3944.87
 0.514518  0.384862  0.259619  0.228226  0.475515 0.0790096   3905.62
 0.662283  0.324918  0.382936  0.199437  0.341341  0.125381   3823.76
 0.662283  0.324918  0.382936  0.199437  0.341341  0.125381   5.97381
 0.662283  0.324918  0.382936  0.199437  0.341341  0.125381   5.97381
New PBMAT:
  0.742196   0.285941   0.415931   0.606846   0.299751   0.636085    1.41579
  0.591817   0.267961   0.660196   0.216515   0.177951  0.0303452    10.3018
  0.530917   0.432212   0.549066   0.082088   0.304628  0.0984605    31.2959
  0.601809    0.26742   0.533005   0.264032   0.564473  0.0166818    29.3214
  0.557144   0.190314   0.513897  0.0508223   0.307016  0.0307166    98.5376
  0.735034   0.323301   0.608596   0.198457   0.397808  0.0426293    22.9167
  0.582087   0.234757   0.481863   0.452452   0.352912 0.00224933    12.1431
  0.694295   0.220971   0.296722   0.197297   0.397589   0.311661    2.98553
  0.551531   0.308586    0.45601  0.0535644   0.347289  0.0886788    62.8922
  0.794219   0.434666   0.294999  0.0286775    0.44608  0.0787712    146.528
  0.703971   0.109032   0.432434   0.157294   0.624192  0.0158224    60.0406
  0.457424   0.442448    0.61052   0.132829    0.25223   0.156497    10.5517
  0.712012   0.265526   0.301844  0.0652264   0.263597  0.0164349    51.9659
  0.677776   0.285883   0.237051   0.230867    0.28685  0.0267208    7.91182
  0.608841   0.624688   0.251468   0.183996   0.428896  0.0180992     19.405
  0.737721     0.5191   0.519941   0.153021   0.291759   0.185418      7.963
  0.500419   0.412361   0.465261   0.053022   0.362972   0.809269    20.2095
  0.748723   0.173335   0.173831     0.3797   0.289268   0.114227   0.836202
  0.408919   0.420339    0.66313   0.177612   0.332381   0.261579    7.67862
  0.883487   0.229428   0.408705   0.190098   0.230893   0.157754    4.22156



new GBMAT with step:1
 0.727601  0.664679  0.300376  0.104524  0.156905  0.168843   10772.9
 0.727601  0.664679  0.300376  0.104524  0.156905  0.168843   10772.9
 0.449078   0.35516  0.181418  0.165089  0.396076 0.0496247   3988.99
 0.481646  0.415124   0.33547   0.18176  0.481439  0.105697   3944.87
 0.514518  0.384862  0.259619  0.228226  0.475515 0.0790096   3905.62
 0.662283  0.324918  0.382936  0.199437  0.341341  0.125381   3823.76
 0.662283  0.324918  0.382936  0.199437  0.341341  0.125381   5.97381
 0.662283  0.324918  0.382936  0.199437  0.341341  0.125381   5.97381
 0.671082  0.302748  0.247643  0.438893  0.310393 0.0550517   2.23035


new GBMAT with step:2
 0.727601  0.664679  0.300376  0.104524  0.156905  0.168843   10772.9
 0.727601  0.664679  0.300376  0.104524  0.156905  0.168843   10772.9
 0.449078   0.35516  0.181418  0.165089  0.396076 0.0496247   3988.99
 0.481646  0.415124   0.33547   0.18176  0.481439  0.105697   3944.87
 0.514518  0.384862  0.259619  0.228226  0.475515 0.0790096   3905.62
 0.662283  0.324918  0.382936  0.199437  0.341341  0.125381   3823.76
 0.662283  0.324918  0.382936  0.199437  0.341341  0.125381   5.97381
 0.662283  0.324918  0.382936  0.199437  0.341341  0.125381   5.97381
 0.671082  0.302748  0.247643  0.438893  0.310393 0.0550517   2.23035
 0.704477  0.279741   0.32613  0.476414  0.302955  0.372008   1.15369


new GBMAT with step:3
 0.727601  0.664679  0.300376  0.104524  0.156905  0.168843   10772.9
 0.727601  0.664679  0.300376  0.104524  0.156905  0.168843   10772.9
 0.449078   0.35516  0.181418  0.165089  0.396076 0.0496247   3988.99
 0.481646  0.415124   0.33547   0.18176  0.481439  0.105697   3944.87
 0.514518  0.384862  0.259619  0.228226  0.475515 0.0790096   3905.62
 0.662283  0.324918  0.382936  0.199437  0.341341  0.125381   3823.76
 0.662283  0.324918  0.382936  0.199437  0.341341  0.125381   5.97381
 0.662283  0.324918  0.382936  0.199437  0.341341  0.125381   5.97381
 0.671082  0.302748  0.247643  0.438893  0.310393 0.0550517   2.23035
 0.704477  0.279741   0.32613  0.476414  0.302955  0.372008   1.15369
 0.704477  0.279741   0.32613  0.476414  0.302955  0.372008   1.15369


new GBMAT with step:4
 0.727601  0.664679  0.300376  0.104524  0.156905  0.168843   10772.9
 0.727601  0.664679  0.300376  0.104524  0.156905  0.168843   10772.9
 0.449078   0.35516  0.181418  0.165089  0.396076 0.0496247   3988.99
 0.481646  0.415124   0.33547   0.18176  0.481439  0.105697   3944.87
 0.514518  0.384862  0.259619  0.228226  0.475515 0.0790096   3905.62
 0.662283  0.324918  0.382936  0.199437  0.341341  0.125381   3823.76
 0.662283  0.324918  0.382936  0.199437  0.341341  0.125381   5.97381
 0.662283  0.324918  0.382936  0.199437  0.341341  0.125381   5.97381
 0.671082  0.302748  0.247643  0.438893  0.310393 0.0550517   2.23035
 0.704477  0.279741   0.32613  0.476414  0.302955  0.372008   1.15369
 0.704477  0.279741   0.32613  0.476414  0.302955  0.372008   1.15369
 0.753289  0.257368  0.327479  0.599429  0.319673  0.257754  0.777043


new GBMAT with step:5
 0.727601  0.664679  0.300376  0.104524  0.156905  0.168843   10772.9
 0.727601  0.664679  0.300376  0.104524  0.156905  0.168843   10772.9
 0.449078   0.35516  0.181418  0.165089  0.396076 0.0496247   3988.99
 0.481646  0.415124   0.33547   0.18176  0.481439  0.105697   3944.87
 0.514518  0.384862  0.259619  0.228226  0.475515 0.0790096   3905.62
 0.662283  0.324918  0.382936  0.199437  0.341341  0.125381   3823.76
 0.662283  0.324918  0.382936  0.199437  0.341341  0.125381   5.97381
 0.662283  0.324918  0.382936  0.199437  0.341341  0.125381   5.97381
 0.671082  0.302748  0.247643  0.438893  0.310393 0.0550517   2.23035
 0.704477  0.279741   0.32613  0.476414  0.302955  0.372008   1.15369
 0.704477  0.279741   0.32613  0.476414  0.302955  0.372008   1.15369
 0.753289  0.257368  0.327479  0.599429  0.319673  0.257754  0.777043
 0.743098  0.220206   0.32268  0.590362  0.277961  0.271146  0.733377


new GBMAT with step:6
 0.727601  0.664679  0.300376  0.104524  0.156905  0.168843   10772.9
 0.727601  0.664679  0.300376  0.104524  0.156905  0.168843   10772.9
 0.449078   0.35516  0.181418  0.165089  0.396076 0.0496247   3988.99
 0.481646  0.415124   0.33547   0.18176  0.481439  0.105697   3944.87
 0.514518  0.384862  0.259619  0.228226  0.475515 0.0790096   3905.62
 0.662283  0.324918  0.382936  0.199437  0.341341  0.125381   3823.76
 0.662283  0.324918  0.382936  0.199437  0.341341  0.125381   5.97381
 0.662283  0.324918  0.382936  0.199437  0.341341  0.125381   5.97381
 0.671082  0.302748  0.247643  0.438893  0.310393 0.0550517   2.23035
 0.704477  0.279741   0.32613  0.476414  0.302955  0.372008   1.15369
 0.704477  0.279741   0.32613  0.476414  0.302955  0.372008   1.15369
 0.753289  0.257368  0.327479  0.599429  0.319673  0.257754  0.777043
 0.743098  0.220206   0.32268  0.590362  0.277961  0.271146  0.733377
 0.743098  0.220206   0.32268  0.590362  0.277961  0.271146  0.733377


new GBMAT with step:7
 0.727601  0.664679  0.300376  0.104524  0.156905  0.168843   10772.9
 0.727601  0.664679  0.300376  0.104524  0.156905  0.168843   10772.9
 0.449078   0.35516  0.181418  0.165089  0.396076 0.0496247   3988.99
 0.481646  0.415124   0.33547   0.18176  0.481439  0.105697   3944.87
 0.514518  0.384862  0.259619  0.228226  0.475515 0.0790096   3905.62
 0.662283  0.324918  0.382936  0.199437  0.341341  0.125381   3823.76
 0.662283  0.324918  0.382936  0.199437  0.341341  0.125381   5.97381
 0.662283  0.324918  0.382936  0.199437  0.341341  0.125381   5.97381
 0.671082  0.302748  0.247643  0.438893  0.310393 0.0550517   2.23035
 0.704477  0.279741   0.32613  0.476414  0.302955  0.372008   1.15369
 0.704477  0.279741   0.32613  0.476414  0.302955  0.372008   1.15369
 0.753289  0.257368  0.327479  0.599429  0.319673  0.257754  0.777043
 0.743098  0.220206   0.32268  0.590362  0.277961  0.271146  0.733377
 0.743098  0.220206   0.32268  0.590362  0.277961  0.271146  0.733377
 0.714232  0.223815    0.3169  0.601065  0.281868   0.22995  0.684365


new GBMAT with step:8
 0.727601  0.664679  0.300376  0.104524  0.156905  0.168843   10772.9
 0.727601  0.664679  0.300376  0.104524  0.156905  0.168843   10772.9
 0.449078   0.35516  0.181418  0.165089  0.396076 0.0496247   3988.99
 0.481646  0.415124   0.33547   0.18176  0.481439  0.105697   3944.87
 0.514518  0.384862  0.259619  0.228226  0.475515 0.0790096   3905.62
 0.662283  0.324918  0.382936  0.199437  0.341341  0.125381   3823.76
 0.662283  0.324918  0.382936  0.199437  0.341341  0.125381   5.97381
 0.662283  0.324918  0.382936  0.199437  0.341341  0.125381   5.97381
 0.671082  0.302748  0.247643  0.438893  0.310393 0.0550517   2.23035
 0.704477  0.279741   0.32613  0.476414  0.302955  0.372008   1.15369
 0.704477  0.279741   0.32613  0.476414  0.302955  0.372008   1.15369
 0.753289  0.257368  0.327479  0.599429  0.319673  0.257754  0.777043
 0.743098  0.220206   0.32268  0.590362  0.277961  0.271146  0.733377
 0.743098  0.220206   0.32268  0.590362  0.277961  0.271146  0.733377
 0.714232  0.223815    0.3169  0.601065  0.281868   0.22995  0.684365
 0.706764  0.232033   0.25074  0.762797  0.306047  0.177843  0.499453


new GBMAT with step:9
 0.727601  0.664679  0.300376  0.104524  0.156905  0.168843   10772.9
 0.727601  0.664679  0.300376  0.104524  0.156905  0.168843   10772.9
 0.449078   0.35516  0.181418  0.165089  0.396076 0.0496247   3988.99
 0.481646  0.415124   0.33547   0.18176  0.481439  0.105697   3944.87
 0.514518  0.384862  0.259619  0.228226  0.475515 0.0790096   3905.62
 0.662283  0.324918  0.382936  0.199437  0.341341  0.125381   3823.76
 0.662283  0.324918  0.382936  0.199437  0.341341  0.125381   5.97381
 0.662283  0.324918  0.382936  0.199437  0.341341  0.125381   5.97381
 0.671082  0.302748  0.247643  0.438893  0.310393 0.0550517   2.23035
 0.704477  0.279741   0.32613  0.476414  0.302955  0.372008   1.15369
 0.704477  0.279741   0.32613  0.476414  0.302955  0.372008   1.15369
 0.753289  0.257368  0.327479  0.599429  0.319673  0.257754  0.777043
 0.743098  0.220206   0.32268  0.590362  0.277961  0.271146  0.733377
 0.743098  0.220206   0.32268  0.590362  0.277961  0.271146  0.733377
 0.714232  0.223815    0.3169  0.601065  0.281868   0.22995  0.684365
 0.706764  0.232033   0.25074  0.762797  0.306047  0.177843  0.499453
 0.698247  0.179171  0.217617  0.772174  0.257577  0.152363  0.388639
overflow!
overflow!
underflow!-0.37023
pos 0.737256  0.395727  -0.37023    1.0189   1.01767 0.0908047
underflow!-0.420237
pos  0.64559  0.460478 -0.420237   1.34489  0.550394 -0.290169
underflow!-0.290169
pos  0.64559  0.460478 -0.420237   1.34489  0.550394 -0.290169
underflow!-0.00899391
pos    1.83678    0.243146    0.138115    0.998414  -0.0898531 -0.00899391


new GBMAT with step:10
 0.727601  0.664679  0.300376  0.104524  0.156905  0.168843   10772.9
 0.727601  0.664679  0.300376  0.104524  0.156905  0.168843   10772.9
 0.449078   0.35516  0.181418  0.165089  0.396076 0.0496247   3988.99
 0.481646  0.415124   0.33547   0.18176  0.481439  0.105697   3944.87
 0.514518  0.384862  0.259619  0.228226  0.475515 0.0790096   3905.62
 0.662283  0.324918  0.382936  0.199437  0.341341  0.125381   3823.76
 0.662283  0.324918  0.382936  0.199437  0.341341  0.125381   5.97381
 0.662283  0.324918  0.382936  0.199437  0.341341  0.125381   5.97381
 0.671082  0.302748  0.247643  0.438893  0.310393 0.0550517   2.23035
 0.704477  0.279741   0.32613  0.476414  0.302955  0.372008   1.15369
 0.704477  0.279741   0.32613  0.476414  0.302955  0.372008   1.15369
 0.753289  0.257368  0.327479  0.599429  0.319673  0.257754  0.777043
 0.743098  0.220206   0.32268  0.590362  0.277961  0.271146  0.733377
 0.743098  0.220206   0.32268  0.590362  0.277961  0.271146  0.733377
 0.714232  0.223815    0.3169  0.601065  0.281868   0.22995  0.684365
 0.706764  0.232033   0.25074  0.762797  0.306047  0.177843  0.499453
 0.698247  0.179171  0.217617  0.772174  0.257577  0.152363  0.388639
 0.697561  0.159329  0.197197  0.862076 0.0298341 0.0808508  0.155009
underflow!-0.00931154
pos   0.697492    0.156317    0.191308    0.879733 -0.00931154   0.0669203
underflow!-0.0193628
pos  0.556341   0.157057  0.0527214   0.793727  -0.073056 -0.0193628
underflow!-0.0618884
pos  0.511276   0.142925   0.209409   0.833234  0.0578586 -0.0618884


new GBMAT with step:11
 0.727601  0.664679  0.300376  0.104524  0.156905  0.168843   10772.9
 0.727601  0.664679  0.300376  0.104524  0.156905  0.168843   10772.9
 0.449078   0.35516  0.181418  0.165089  0.396076 0.0496247   3988.99
 0.481646  0.415124   0.33547   0.18176  0.481439  0.105697   3944.87
 0.514518  0.384862  0.259619  0.228226  0.475515 0.0790096   3905.62
 0.662283  0.324918  0.382936  0.199437  0.341341  0.125381   3823.76
 0.662283  0.324918  0.382936  0.199437  0.341341  0.125381   5.97381
 0.662283  0.324918  0.382936  0.199437  0.341341  0.125381   5.97381
 0.671082  0.302748  0.247643  0.438893  0.310393 0.0550517   2.23035
 0.704477  0.279741   0.32613  0.476414  0.302955  0.372008   1.15369
 0.704477  0.279741   0.32613  0.476414  0.302955  0.372008   1.15369
 0.753289  0.257368  0.327479  0.599429  0.319673  0.257754  0.777043
 0.743098  0.220206   0.32268  0.590362  0.277961  0.271146  0.733377
 0.743098  0.220206   0.32268  0.590362  0.277961  0.271146  0.733377
 0.714232  0.223815    0.3169  0.601065  0.281868   0.22995  0.684365
 0.706764  0.232033   0.25074  0.762797  0.306047  0.177843  0.499453
 0.698247  0.179171  0.217617  0.772174  0.257577  0.152363  0.388639
 0.697561  0.159329  0.197197  0.862076 0.0298341 0.0808508  0.155009
 0.697561  0.159329  0.197197  0.862076 0.0298341 0.0808508  0.155009
overflow!
underflow!-0.426526
pos  0.45461   1.21446   1.10481   1.05244 -0.426526  0.739029
overflow!
overflow!
underflow!-2.5265
pos 0.649384   1.66873   6.86688   -2.5265  -5.24891 -0.203825
underflow!-0.203825
pos 0.649384   1.66873   6.86688   -2.5265  -5.24891 -0.203825
underflow!-0.0308689
pos  0.728649   0.386891   0.596428    1.07758  -0.364385 -0.0308689
underflow!-0.424297
pos 0.697554  0.159052  0.259658  0.950005 -0.424297  0.079569
underflow!-0.163201
pos 0.577065 -0.378512  0.235646  0.659341  0.353786 -0.163201
underflow!-0.378512
pos 0.577065 -0.378512  0.235646  0.659341  0.353786 -0.163201


new GBMAT with step:12
 0.727601  0.664679  0.300376  0.104524  0.156905  0.168843   10772.9
 0.727601  0.664679  0.300376  0.104524  0.156905  0.168843   10772.9
 0.449078   0.35516  0.181418  0.165089  0.396076 0.0496247   3988.99
 0.481646  0.415124   0.33547   0.18176  0.481439  0.105697   3944.87
 0.514518  0.384862  0.259619  0.228226  0.475515 0.0790096   3905.62
 0.662283  0.324918  0.382936  0.199437  0.341341  0.125381   3823.76
 0.662283  0.324918  0.382936  0.199437  0.341341  0.125381   5.97381
 0.662283  0.324918  0.382936  0.199437  0.341341  0.125381   5.97381
 0.671082  0.302748  0.247643  0.438893  0.310393 0.0550517   2.23035
 0.704477  0.279741   0.32613  0.476414  0.302955  0.372008   1.15369
 0.704477  0.279741   0.32613  0.476414  0.302955  0.372008   1.15369
 0.753289  0.257368  0.327479  0.599429  0.319673  0.257754  0.777043
 0.743098  0.220206   0.32268  0.590362  0.277961  0.271146  0.733377
 0.743098  0.220206   0.32268  0.590362  0.277961  0.271146  0.733377
 0.714232  0.223815    0.3169  0.601065  0.281868   0.22995  0.684365
 0.706764  0.232033   0.25074  0.762797  0.306047  0.177843  0.499453
 0.698247  0.179171  0.217617  0.772174  0.257577  0.152363  0.388639
 0.697561  0.159329  0.197197  0.862076 0.0298341 0.0808508  0.155009
 0.697561  0.159329  0.197197  0.862076 0.0298341 0.0808508  0.155009
 0.697561  0.159329  0.197197  0.862076 0.0298341 0.0808508  0.155009
underflow!-10.7944
pos0.652861 -5.60372 -2.79099     -nan -33.9503 -10.7944
underflow!-33.9503
pos0.652861 -5.60372 -2.79099     -nan -33.9503 -10.7944
underflow!-2.79099
pos0.652861 -5.60372 -2.79099     -nan -33.9503 -10.7944
overflow!
overflow!
underflow!-8.49904
pos0.791001 -1.80334 -8.49904     -nan  6.97618     -nan
underflow!-0.0410673
pos  0.698701   0.133625   0.237232    0.98694 -0.0410673   0.119376
underflow!-0.00310966
pos   0.667219        -nan    0.288931    0.931597 -0.00310966    0.136828
underflow!-0.354297
pos  0.38931   1.53668  -1.83907 -0.354297  0.280588   1.25143
overflow!
overflow!
underflow!-1.83907
pos  0.38931   1.53668  -1.83907 -0.354297  0.280588   1.25143


new GBMAT with step:13
 0.727601  0.664679  0.300376  0.104524  0.156905  0.168843   10772.9
 0.727601  0.664679  0.300376  0.104524  0.156905  0.168843   10772.9
 0.449078   0.35516  0.181418  0.165089  0.396076 0.0496247   3988.99
 0.481646  0.415124   0.33547   0.18176  0.481439  0.105697   3944.87
 0.514518  0.384862  0.259619  0.228226  0.475515 0.0790096   3905.62
 0.662283  0.324918  0.382936  0.199437  0.341341  0.125381   3823.76
 0.662283  0.324918  0.382936  0.199437  0.341341  0.125381   5.97381
 0.662283  0.324918  0.382936  0.199437  0.341341  0.125381   5.97381
 0.671082  0.302748  0.247643  0.438893  0.310393 0.0550517   2.23035
 0.704477  0.279741   0.32613  0.476414  0.302955  0.372008   1.15369
 0.704477  0.279741   0.32613  0.476414  0.302955  0.372008   1.15369
 0.753289  0.257368  0.327479  0.599429  0.319673  0.257754  0.777043
 0.743098  0.220206   0.32268  0.590362  0.277961  0.271146  0.733377
 0.743098  0.220206   0.32268  0.590362  0.277961  0.271146  0.733377
 0.714232  0.223815    0.3169  0.601065  0.281868   0.22995  0.684365
 0.706764  0.232033   0.25074  0.762797  0.306047  0.177843  0.499453
 0.698247  0.179171  0.217617  0.772174  0.257577  0.152363  0.388639
 0.697561  0.159329  0.197197  0.862076 0.0298341 0.0808508  0.155009
 0.697561  0.159329  0.197197  0.862076 0.0298341 0.0808508  0.155009
 0.697561  0.159329  0.197197  0.862076 0.0298341 0.0808508  0.155009
 0.751572  0.182649  0.191652  0.881114 0.0311442 0.0888321  0.148816
overflow!
underflow!-1.72187
pos  1.34759   -2.8161  -1.72187   2.82937      -nan -0.574721
underflow!-0.574721
pos  1.34759   -2.8161  -1.72187   2.82937      -nan -0.574721
underflow!-2.8161
pos  1.34759   -2.8161  -1.72187   2.82937      -nan -0.574721
overflow!
overflow!
underflow!-4.37769
pos0.578846  1.44002     -nan     -nan -4.37769     -nan
underflow!-0.327041
pos 0.697718 0.0548214   0.20274  0.875212 -0.327041 0.0861844
underflow!-0.0458502
pos  0.727497   0.199472    0.26658   0.909709  0.0468633 -0.0458502
underflow!-26.6135
pos -7.04154  -26.6135  -6.36988  -7.57599      -nan -0.368778
underflow!-6.36988
pos -7.04154  -26.6135  -6.36988  -7.57599      -nan -0.368778
underflow!-0.074232
pos   0.78207  -0.074232   0.291457   0.800351 0.00394828   0.123711
underflow!-0.0831757
pos  0.814302       -nan       -nan       -nan -0.0831757       -nan
underflow!-0.0179375
pos   1.10603   0.154316   0.215547    1.34059 -0.0957642 -0.0179375
overflow!
underflow!-0.0957642
pos   1.10603   0.154316   0.215547    1.34059 -0.0957642 -0.0179375


new GBMAT with step:14
 0.727601  0.664679  0.300376  0.104524  0.156905  0.168843   10772.9
 0.727601  0.664679  0.300376  0.104524  0.156905  0.168843   10772.9
 0.449078   0.35516  0.181418  0.165089  0.396076 0.0496247   3988.99
 0.481646  0.415124   0.33547   0.18176  0.481439  0.105697   3944.87
 0.514518  0.384862  0.259619  0.228226  0.475515 0.0790096   3905.62
 0.662283  0.324918  0.382936  0.199437  0.341341  0.125381   3823.76
 0.662283  0.324918  0.382936  0.199437  0.341341  0.125381   5.97381
 0.662283  0.324918  0.382936  0.199437  0.341341  0.125381   5.97381
 0.671082  0.302748  0.247643  0.438893  0.310393 0.0550517   2.23035
 0.704477  0.279741   0.32613  0.476414  0.302955  0.372008   1.15369
 0.704477  0.279741   0.32613  0.476414  0.302955  0.372008   1.15369
 0.753289  0.257368  0.327479  0.599429  0.319673  0.257754  0.777043
 0.743098  0.220206   0.32268  0.590362  0.277961  0.271146  0.733377
 0.743098  0.220206   0.32268  0.590362  0.277961  0.271146  0.733377
 0.714232  0.223815    0.3169  0.601065  0.281868   0.22995  0.684365
 0.706764  0.232033   0.25074  0.762797  0.306047  0.177843  0.499453
 0.698247  0.179171  0.217617  0.772174  0.257577  0.152363  0.388639
 0.697561  0.159329  0.197197  0.862076 0.0298341 0.0808508  0.155009
 0.697561  0.159329  0.197197  0.862076 0.0298341 0.0808508  0.155009
 0.697561  0.159329  0.197197  0.862076 0.0298341 0.0808508  0.155009
 0.751572  0.182649  0.191652  0.881114 0.0311442 0.0888321  0.148816
 0.751572  0.182649  0.191652  0.881114 0.0311442 0.0888321  0.148816
overflow!
underflow!-0.962049
pos-0.450714 -0.665287   0.43813 -0.962049   2.54678  -1.12435
underflow!-0.450714
pos-0.450714 -0.665287   0.43813 -0.962049   2.54678  -1.12435
underflow!-1.12435
pos-0.450714 -0.665287   0.43813 -0.962049   2.54678  -1.12435
underflow!-0.615775
pos  1.78134  0.653172  0.669657  -1.20954 -0.615775   14.6934
overflow!
underflow!-1.20954
pos  1.78134  0.653172  0.669657  -1.20954 -0.615775   14.6934
overflow!
overflow!
underflow!-13.3198
pos  9.14918  -10.3446  -13.3198  -14.0485 -0.218313   35.2821
underflow!-10.3446
pos  9.14918  -10.3446  -13.3198  -14.0485 -0.218313   35.2821
overflow!
underflow!-4.39532
pos 0.751572  -4.39532  0.191652  0.881114 0.0311442 0.0888321
underflow!-2.66994
pos 11.2286   6.5537     -nan  2.89452 -2.66994     -nan
overflow!
overflow!
overflow!
overflow!


new GBMAT with step:15
 0.727601  0.664679  0.300376  0.104524  0.156905  0.168843   10772.9
 0.727601  0.664679  0.300376  0.104524  0.156905  0.168843   10772.9
 0.449078   0.35516  0.181418  0.165089  0.396076 0.0496247   3988.99
 0.481646  0.415124   0.33547   0.18176  0.481439  0.105697   3944.87
 0.514518  0.384862  0.259619  0.228226  0.475515 0.0790096   3905.62
 0.662283  0.324918  0.382936  0.199437  0.341341  0.125381   3823.76
 0.662283  0.324918  0.382936  0.199437  0.341341  0.125381   5.97381
 0.662283  0.324918  0.382936  0.199437  0.341341  0.125381   5.97381
 0.671082  0.302748  0.247643  0.438893  0.310393 0.0550517   2.23035
 0.704477  0.279741   0.32613  0.476414  0.302955  0.372008   1.15369
 0.704477  0.279741   0.32613  0.476414  0.302955  0.372008   1.15369
 0.753289  0.257368  0.327479  0.599429  0.319673  0.257754  0.777043
 0.743098  0.220206   0.32268  0.590362  0.277961  0.271146  0.733377
 0.743098  0.220206   0.32268  0.590362  0.277961  0.271146  0.733377
 0.714232  0.223815    0.3169  0.601065  0.281868   0.22995  0.684365
 0.706764  0.232033   0.25074  0.762797  0.306047  0.177843  0.499453
 0.698247  0.179171  0.217617  0.772174  0.257577  0.152363  0.388639
 0.697561  0.159329  0.197197  0.862076 0.0298341 0.0808508  0.155009
 0.697561  0.159329  0.197197  0.862076 0.0298341 0.0808508  0.155009
 0.697561  0.159329  0.197197  0.862076 0.0298341 0.0808508  0.155009
 0.751572  0.182649  0.191652  0.881114 0.0311442 0.0888321  0.148816
 0.751572  0.182649  0.191652  0.881114 0.0311442 0.0888321  0.148816
 0.751572  0.182649  0.191652  0.881114 0.0311442 0.0888321  0.148816
underflow!-14.7425
pos  1.2447 -14.7425     -nan     -nan     -nan     -nan
overflow!
underflow!-0.217237
pos 0.452749 -0.217237      -nan      -nan 0.0848234     0.151
underflow!-0.468692
pos 0.490992  0.814718 -0.468692   1.17117      -nan  0.532659
underflow!-0.860494
pos     -nan  0.489465 0.0788843      -nan -0.860494      -nan
overflow!
underflow!-0.077162
pos 0.620112      -nan  0.303879  0.886136  0.915702 -0.077162
underflow!-0.933668
pos   2.00006       -nan       -nan       -nan -0.0721135  -0.933668
underflow!-0.0721135
pos   2.00006       -nan       -nan       -nan -0.0721135  -0.933668


new GBMAT with step:16
 0.727601  0.664679  0.300376  0.104524  0.156905  0.168843   10772.9
 0.727601  0.664679  0.300376  0.104524  0.156905  0.168843   10772.9
 0.449078   0.35516  0.181418  0.165089  0.396076 0.0496247   3988.99
 0.481646  0.415124   0.33547   0.18176  0.481439  0.105697   3944.87
 0.514518  0.384862  0.259619  0.228226  0.475515 0.0790096   3905.62
 0.662283  0.324918  0.382936  0.199437  0.341341  0.125381   3823.76
 0.662283  0.324918  0.382936  0.199437  0.341341  0.125381   5.97381
 0.662283  0.324918  0.382936  0.199437  0.341341  0.125381   5.97381
 0.671082  0.302748  0.247643  0.438893  0.310393 0.0550517   2.23035
 0.704477  0.279741   0.32613  0.476414  0.302955  0.372008   1.15369
 0.704477  0.279741   0.32613  0.476414  0.302955  0.372008   1.15369
 0.753289  0.257368  0.327479  0.599429  0.319673  0.257754  0.777043
 0.743098  0.220206   0.32268  0.590362  0.277961  0.271146  0.733377
 0.743098  0.220206   0.32268  0.590362  0.277961  0.271146  0.733377
 0.714232  0.223815    0.3169  0.601065  0.281868   0.22995  0.684365
 0.706764  0.232033   0.25074  0.762797  0.306047  0.177843  0.499453
 0.698247  0.179171  0.217617  0.772174  0.257577  0.152363  0.388639
 0.697561  0.159329  0.197197  0.862076 0.0298341 0.0808508  0.155009
 0.697561  0.159329  0.197197  0.862076 0.0298341 0.0808508  0.155009
 0.697561  0.159329  0.197197  0.862076 0.0298341 0.0808508  0.155009
 0.751572  0.182649  0.191652  0.881114 0.0311442 0.0888321  0.148816
 0.751572  0.182649  0.191652  0.881114 0.0311442 0.0888321  0.148816
 0.751572  0.182649  0.191652  0.881114 0.0311442 0.0888321  0.148816
 0.751572  0.182649  0.191652  0.881114 0.0311442 0.0888321  0.148816
overflow!
underflow!-0.543356
pos     -nan -0.543356      -nan      -nan      -nan      -nan
underflow!-0.69105
pos  5.0201 -4.19772 -2.96559  3.17979 -0.69105  0.11695
underflow!-34.4079
pos    -nan     -nan     -nan -34.4079     -nan -1.88009
underflow!-1.88009
pos    -nan     -nan     -nan -34.4079     -nan -1.88009
underflow!-0.395066
pos 0.797129      -nan 0.0132225   0.88649 -0.395066 -0.241122
overflow!
underflow!-7.40432
pos-40.5127 -17.6415 -1.65546     -nan -30.9255 -7.40432
underflow!-30.9255
pos-40.5127 -17.6415 -1.65546     -nan -30.9255 -7.40432


new GBMAT with step:17
 0.727601  0.664679  0.300376  0.104524  0.156905  0.168843   10772.9
 0.727601  0.664679  0.300376  0.104524  0.156905  0.168843   10772.9
 0.449078   0.35516  0.181418  0.165089  0.396076 0.0496247   3988.99
 0.481646  0.415124   0.33547   0.18176  0.481439  0.105697   3944.87
 0.514518  0.384862  0.259619  0.228226  0.475515 0.0790096   3905.62
 0.662283  0.324918  0.382936  0.199437  0.341341  0.125381   3823.76
 0.662283  0.324918  0.382936  0.199437  0.341341  0.125381   5.97381
 0.662283  0.324918  0.382936  0.199437  0.341341  0.125381   5.97381
 0.671082  0.302748  0.247643  0.438893  0.310393 0.0550517   2.23035
 0.704477  0.279741   0.32613  0.476414  0.302955  0.372008   1.15369
 0.704477  0.279741   0.32613  0.476414  0.302955  0.372008   1.15369
 0.753289  0.257368  0.327479  0.599429  0.319673  0.257754  0.777043
 0.743098  0.220206   0.32268  0.590362  0.277961  0.271146  0.733377
 0.743098  0.220206   0.32268  0.590362  0.277961  0.271146  0.733377
 0.714232  0.223815    0.3169  0.601065  0.281868   0.22995  0.684365
 0.706764  0.232033   0.25074  0.762797  0.306047  0.177843  0.499453
 0.698247  0.179171  0.217617  0.772174  0.257577  0.152363  0.388639
 0.697561  0.159329  0.197197  0.862076 0.0298341 0.0808508  0.155009
 0.697561  0.159329  0.197197  0.862076 0.0298341 0.0808508  0.155009
 0.697561  0.159329  0.197197  0.862076 0.0298341 0.0808508  0.155009
 0.751572  0.182649  0.191652  0.881114 0.0311442 0.0888321  0.148816
 0.751572  0.182649  0.191652  0.881114 0.0311442 0.0888321  0.148816
 0.751572  0.182649  0.191652  0.881114 0.0311442 0.0888321  0.148816
 0.751572  0.182649  0.191652  0.881114 0.0311442 0.0888321  0.148816
 0.751572  0.182649  0.191652  0.881114 0.0311442 0.0888321  0.148816
overflow!
underflow!-0.131625
pos 0.758263 -0.131625  0.189601      -nan 0.0309283  0.172675
overflow!
underflow!-6.6971
pos  -6.6971    7.8336   5.70266  -3.12867      -nan 0.0409427
overflow!
underflow!-1.00307
pos-1.00307     -nan     -nan  3.81362 0.289002     -nan
overflow!
underflow!-1.19827
pos-1.19827     -nan     -nan     -nan     -nan     -nan
underflow!-144.912
pos-144.912     -nan     -nan     -nan  -109.54     -nan
overflow!
overflow!


new GBMAT with step:18
 0.727601  0.664679  0.300376  0.104524  0.156905  0.168843   10772.9
 0.727601  0.664679  0.300376  0.104524  0.156905  0.168843   10772.9
 0.449078   0.35516  0.181418  0.165089  0.396076 0.0496247   3988.99
 0.481646  0.415124   0.33547   0.18176  0.481439  0.105697   3944.87
 0.514518  0.384862  0.259619  0.228226  0.475515 0.0790096   3905.62
 0.662283  0.324918  0.382936  0.199437  0.341341  0.125381   3823.76
 0.662283  0.324918  0.382936  0.199437  0.341341  0.125381   5.97381
 0.662283  0.324918  0.382936  0.199437  0.341341  0.125381   5.97381
 0.671082  0.302748  0.247643  0.438893  0.310393 0.0550517   2.23035
 0.704477  0.279741   0.32613  0.476414  0.302955  0.372008   1.15369
 0.704477  0.279741   0.32613  0.476414  0.302955  0.372008   1.15369
 0.753289  0.257368  0.327479  0.599429  0.319673  0.257754  0.777043
 0.743098  0.220206   0.32268  0.590362  0.277961  0.271146  0.733377
 0.743098  0.220206   0.32268  0.590362  0.277961  0.271146  0.733377
 0.714232  0.223815    0.3169  0.601065  0.281868   0.22995  0.684365
 0.706764  0.232033   0.25074  0.762797  0.306047  0.177843  0.499453
 0.698247  0.179171  0.217617  0.772174  0.257577  0.152363  0.388639
 0.697561  0.159329  0.197197  0.862076 0.0298341 0.0808508  0.155009
 0.697561  0.159329  0.197197  0.862076 0.0298341 0.0808508  0.155009
 0.697561  0.159329  0.197197  0.862076 0.0298341 0.0808508  0.155009
 0.751572  0.182649  0.191652  0.881114 0.0311442 0.0888321  0.148816
 0.751572  0.182649  0.191652  0.881114 0.0311442 0.0888321  0.148816
 0.751572  0.182649  0.191652  0.881114 0.0311442 0.0888321  0.148816
 0.751572  0.182649  0.191652  0.881114 0.0311442 0.0888321  0.148816
 0.751572  0.182649  0.191652  0.881114 0.0311442 0.0888321  0.148816
 0.751572  0.182649  0.191652  0.881114 0.0311442 0.0888321  0.148816
overflow!
overflow!
underflow!-2.06552
pos   20.8329   -5.06273       -nan -0.0437116   -2.06552   -1.55098
underflow!-0.0437116
pos   20.8329   -5.06273       -nan -0.0437116   -2.06552   -1.55098
underflow!-1.55098
pos   20.8329   -5.06273       -nan -0.0437116   -2.06552   -1.55098
overflow!
overflow!
underflow!-0.118176
pos  0.43378  -2.10714 -0.118176      -nan  0.157252  0.307739
underflow!-2.10714
pos  0.43378  -2.10714 -0.118176      -nan  0.157252  0.307739
underflow!-0.10224
pos    -nan     -nan     -nan     -nan -0.10224     -nan
underflow!-1.68022
pos0.146086     -nan  3.62428 -1.68022     -nan  1.67489
underflow!-0.323146
pos-0.323146      -nan      -nan      -nan -0.163803      -nan
underflow!-0.163803
pos-0.323146      -nan      -nan      -nan -0.163803      -nan
underflow!-5.50123
pos-5.50123     -nan     -nan     -nan     -nan     -nan


new GBMAT with step:19
 0.727601  0.664679  0.300376  0.104524  0.156905  0.168843   10772.9
 0.727601  0.664679  0.300376  0.104524  0.156905  0.168843   10772.9
 0.449078   0.35516  0.181418  0.165089  0.396076 0.0496247   3988.99
 0.481646  0.415124   0.33547   0.18176  0.481439  0.105697   3944.87
 0.514518  0.384862  0.259619  0.228226  0.475515 0.0790096   3905.62
 0.662283  0.324918  0.382936  0.199437  0.341341  0.125381   3823.76
 0.662283  0.324918  0.382936  0.199437  0.341341  0.125381   5.97381
 0.662283  0.324918  0.382936  0.199437  0.341341  0.125381   5.97381
 0.671082  0.302748  0.247643  0.438893  0.310393 0.0550517   2.23035
 0.704477  0.279741   0.32613  0.476414  0.302955  0.372008   1.15369
 0.704477  0.279741   0.32613  0.476414  0.302955  0.372008   1.15369
 0.753289  0.257368  0.327479  0.599429  0.319673  0.257754  0.777043
 0.743098  0.220206   0.32268  0.590362  0.277961  0.271146  0.733377
 0.743098  0.220206   0.32268  0.590362  0.277961  0.271146  0.733377
 0.714232  0.223815    0.3169  0.601065  0.281868   0.22995  0.684365
 0.706764  0.232033   0.25074  0.762797  0.306047  0.177843  0.499453
 0.698247  0.179171  0.217617  0.772174  0.257577  0.152363  0.388639
 0.697561  0.159329  0.197197  0.862076 0.0298341 0.0808508  0.155009
 0.697561  0.159329  0.197197  0.862076 0.0298341 0.0808508  0.155009
 0.697561  0.159329  0.197197  0.862076 0.0298341 0.0808508  0.155009
 0.751572  0.182649  0.191652  0.881114 0.0311442 0.0888321  0.148816
 0.751572  0.182649  0.191652  0.881114 0.0311442 0.0888321  0.148816
 0.751572  0.182649  0.191652  0.881114 0.0311442 0.0888321  0.148816
 0.751572  0.182649  0.191652  0.881114 0.0311442 0.0888321  0.148816
 0.751572  0.182649  0.191652  0.881114 0.0311442 0.0888321  0.148816
 0.751572  0.182649  0.191652  0.881114 0.0311442 0.0888321  0.148816
 0.751572  0.182649  0.191652  0.881114 0.0311442 0.0888321  0.148816
GBMAT after targeted PSO:
 0.727601  0.664679  0.300376  0.104524  0.156905  0.168843   10772.9
 0.727601  0.664679  0.300376  0.104524  0.156905  0.168843   10772.9
 0.449078   0.35516  0.181418  0.165089  0.396076 0.0496247   3988.99
 0.481646  0.415124   0.33547   0.18176  0.481439  0.105697   3944.87
 0.514518  0.384862  0.259619  0.228226  0.475515 0.0790096   3905.62
 0.662283  0.324918  0.382936  0.199437  0.341341  0.125381   3823.76
 0.662283  0.324918  0.382936  0.199437  0.341341  0.125381   5.97381
 0.662283  0.324918  0.382936  0.199437  0.341341  0.125381   5.97381
 0.671082  0.302748  0.247643  0.438893  0.310393 0.0550517   2.23035
 0.704477  0.279741   0.32613  0.476414  0.302955  0.372008   1.15369
 0.704477  0.279741   0.32613  0.476414  0.302955  0.372008   1.15369
 0.753289  0.257368  0.327479  0.599429  0.319673  0.257754  0.777043
 0.743098  0.220206   0.32268  0.590362  0.277961  0.271146  0.733377
 0.743098  0.220206   0.32268  0.590362  0.277961  0.271146  0.733377
 0.714232  0.223815    0.3169  0.601065  0.281868   0.22995  0.684365
 0.706764  0.232033   0.25074  0.762797  0.306047  0.177843  0.499453
 0.698247  0.179171  0.217617  0.772174  0.257577  0.152363  0.388639
 0.697561  0.159329  0.197197  0.862076 0.0298341 0.0808508  0.155009
 0.697561  0.159329  0.197197  0.862076 0.0298341 0.0808508  0.155009
 0.697561  0.159329  0.197197  0.862076 0.0298341 0.0808508  0.155009
 0.751572  0.182649  0.191652  0.881114 0.0311442 0.0888321  0.148816
 0.751572  0.182649  0.191652  0.881114 0.0311442 0.0888321  0.148816
 0.751572  0.182649  0.191652  0.881114 0.0311442 0.0888321  0.148816
 0.751572  0.182649  0.191652  0.881114 0.0311442 0.0888321  0.148816
 0.751572  0.182649  0.191652  0.881114 0.0311442 0.0888321  0.148816
 0.751572  0.182649  0.191652  0.881114 0.0311442 0.0888321  0.148816
 0.751572  0.182649  0.191652  0.881114 0.0311442 0.0888321  0.148816
truk:  0.515996 0.0603199  0.103199  0.896801   0.05516 0.0722394
total difference b/w truk and final GBVEC:0.0793825
CODE FINISHED RUNNING IN 78 s TIME!
Job Statistics for 1523078:
           JobID       User               Start                 End    Elapsed     MaxRSS   TotalCPU      State Exit        NodeList                                  ReqTRES 
---------------- ---------- ------------------- ------------------- ---------- ---------- ---------- ---------- ---- --------------- ---------------------------------------- 
         1523078   rsjxw007 2021-08-05T11:11:26 2021-08-05T11:12:46   00:01:20             01:18.605  COMPLETED  0:0   r1pl-hpcf-n21         billing=1,cpu=1,mem=7812M,node=1 
   1523078.batch            2021-08-05T11:11:26 2021-08-05T11:12:46   00:01:20      1.18M  01:18.603  COMPLETED  0:0   r1pl-hpcf-n21                                          
  1523078.extern            2021-08-05T11:11:26 2021-08-05T11:12:46   00:01:20          0  00:00.001  COMPLETED  0:0   r1pl-hpcf-n21                                          
CPU Efficiency: 98.75% of 00:01:20 core-walltime
