PSO_S_ODE_NonLinear
Using two part PSO Sample Size:15000 with:12 moments.
Using Record Time:38.76
Bounds for Uniform Distribution (0,1)
Blind PSO --> nParts:900 Nsteps:15
Targeted PSO --> nParts:25 Nsteps:500
mu: 80 120  85
covarMat:
 50   0   0
  0 100   0
  0   0  50

Yt:  3.93719   3.51471   2.36204  0.127157    6.0039   3.27859    53.103   97.7749   10.6952 0.0190743   135.074   20.5274
seedk: 0.82812 0.497988 0.366507 0.946366  0.52696 0.564423| cost:3517.58
Xt: 3.73897  4.69874   2.5804 0.349969  7.62911  1.67557  48.4852   128.66  13.2753  0.14855  183.096  5.59755
PSO begins!
underflow!0.000660627
pos   0.431574     0.53653    0.761078    0.688069 0.000660627   0.0660092
GBMAT from blind PSO:

  0.82812  0.497988  0.366507  0.946366   0.52696  0.564423   3517.58
  0.82812  0.497988  0.366507  0.946366   0.52696  0.564423   3517.58
  0.91413  0.324509  0.190622  0.350892  0.371232   0.11373   43.2532
 0.902808  0.270781  0.293639  0.586704  0.519853  0.176684   38.7327
 0.939553  0.372927  0.243681  0.460362  0.224992   0.14403   36.7768
 0.736271  0.345916  0.264799   0.61228  0.242022  0.157062   36.2916
 0.730727  0.186164   0.24912  0.556749  0.245456  0.154063   33.8733
 0.706952  0.152239  0.203483  0.466604  0.159294  0.125057   31.3978
 0.814438  0.172139  0.221431   0.56888   0.21201  0.136511   30.6763
 0.783549  0.126482  0.231165  0.598885  0.187646  0.142066   30.2888
 0.788718  0.108849  0.228366  0.621202  0.174341  0.141509     29.87
  0.87187  0.118133  0.229235  0.580546  0.139519  0.142347   29.6736
 0.826539 0.0979972  0.231543  0.593003  0.227844   0.14407    29.463
 0.919092  0.100181  0.234584  0.561873  0.194797  0.146394   29.0045
 0.890524 0.0647259  0.241712  0.720996  0.242311  0.151224   28.8074
 0.888986 0.0536516  0.233169  0.681546  0.250084  0.146038   28.6527

truk:  0.515996 0.0603199  0.103199  0.896801   0.05516 0.0722394
total difference b/w truk and final GBVEC0.245835

targeted PSO has started!
Updating Weight Matrix!
GBVEC AND COST: 0.888986 0.0536516  0.233169  0.681546  0.250084  0.146038   28.6527
Chkpt reached!
new weight matrix:
  0.0130502           0           0           0           0           0           0           0           0           0           0           0
          0  0.00566996           0           0           0           0           0           0           0           0           0           0
          0           0    0.100548           0           0           0           0           0           0           0           0           0
          0           0           0     24.2961           0           0           0           0           0           0           0           0
          0           0           0           0  0.00492739           0           0           0           0           0           0           0
          0           0           0           0           0   0.0453618           0           0           0           0           0           0
          0           0           0           0           0           0 7.54653e-06           0           0           0           0           0
          0           0           0           0           0           0           0  6.5274e-07           0           0           0           0
          0           0           0           0           0           0           0           0  0.00056255           0           0           0
          0           0           0           0           0           0           0           0           0     33.1425           0           0
          0           0           0           0           0           0           0           0           0           0 5.36891e-07           0
          0           0           0           0           0           0           0           0           0           0           0 0.000113197

New PBMAT:
   0.830371    0.212648    0.239445    0.785607    0.118958    0.210855    0.586628
    0.94167   0.0794038    0.124274    0.682358    0.116542   0.0952958    0.429556
   0.911734    0.107848    0.311537    0.703912     0.33245    0.163925     12.4359
   0.894835 0.000138246    0.247094    0.591295    0.124359    0.191651      2.3494
   0.889541   0.0797614    0.307122    0.813176    0.181935   0.0828859     9.00179
   0.656518   0.0304306    0.248768    0.714667    0.380151   0.0812173     30.2358
   0.854605   0.0158997    0.197738    0.643206     0.31624    0.172297     4.65155
   0.749862   0.0203045    0.172482    0.589294    0.164573    0.222498    0.996308
   0.982906 0.000404066    0.351017    0.538654    0.314272   0.0937072     69.7401
   0.992205   0.0641262    0.348589    0.638676     0.27833   0.0873488     39.7816
   0.756993   0.0481906    0.114111    0.727173    0.256587    0.187329     0.46574
   0.956928 1.47224e-05    0.287154    0.588543    0.334967    0.105576     36.2935
   0.919561  0.00488626    0.142618     0.74212    0.333013    0.290124      0.7138
   0.915706    0.221222    0.206314    0.687035    0.165121    0.128125     2.03677
   0.899396   0.0302901      0.2153    0.688651    0.283859    0.178895     3.71136
   0.951355 0.000287072    0.203091    0.632085    0.197457   0.0258651     39.9476
   0.984258   0.0362326    0.328407    0.702447    0.338093    0.120307     25.2527
   0.899733   0.0235261    0.338479    0.697825    0.302975    0.041906     89.9485
   0.855011    0.270317    0.402488     0.61379    0.349093    0.174021     27.3083
   0.980512    0.382248    0.134854    0.611571    0.262187   0.0845291     4.13358
   0.950123    0.083367    0.195202    0.534694    0.357873    0.272094     4.16912
   0.893002   0.0456819    0.307967    0.839344    0.261103    0.202715     3.77326
   0.940142 2.38821e-05    0.150842    0.748287     0.20355   0.0314614     13.6922
   0.922146   0.0250042    0.212425    0.615445    0.153725   0.0804102     6.56239
   0.938379   0.0634245    0.206068    0.518512     0.19871    0.240728     2.71766

underflow!1.47224e-05
pos   0.956928 1.47224e-05    0.287154    0.588543    0.334967    0.105576
Updating Weight Matrix!
GBVEC AND COST:  0.983486  0.0924123  0.0666953   0.712112  0.0479767  0.0416754 0.00068821
Chkpt reached!
new weight matrix:
  0.0130911           0           0           0           0           0           0           0           0           0           0           0
          0   0.0054857           0           0           0           0           0           0           0           0           0           0
          0           0   0.0959595           0           0           0           0           0           0           0           0           0
          0           0           0     170.077           0           0           0           0           0           0           0           0
          0           0           0           0  0.00474329           0           0           0           0           0           0           0
          0           0           0           0           0   0.0505217           0           0           0           0           0           0
          0           0           0           0           0           0  7.6281e-06           0           0           0           0           0
          0           0           0           0           0           0           0 6.33212e-07           0           0           0           0
          0           0           0           0           0           0           0           0 0.000510157           0           0           0
          0           0           0           0           0           0           0           0           0     3729.56           0           0
          0           0           0           0           0           0           0           0           0           0 5.19825e-07           0
          0           0           0           0           0           0           0           0           0           0           0 0.000143317

underflow!0.000109717
pos   0.996271   0.0384179   0.0221169    0.697027 0.000109717 2.29318e-05
underflow!2.29318e-05
pos   0.996271   0.0384179   0.0221169    0.697027 0.000109717 2.29318e-05
underflow!7.37211e-06
pos          1    0.152482    0.124989    0.732879 7.37211e-06  0.00558116
underflow!3.62801e-05
pos          1    0.100458   0.0505617    0.712235 1.18688e-06 3.62801e-05
underflow!1.18688e-06
pos          1    0.100458   0.0505617    0.712235 1.18688e-06 3.62801e-05
underflow!1.52876e-05
pos          1   0.0754939    0.221686    0.682428 1.52876e-05 5.20342e-05
Updating Weight Matrix!
GBVEC AND COST:   0.988646   0.0987815   0.0591413    0.692408   0.0514084   0.0359696 0.000529474
Chkpt reached!
new weight matrix:
  0.0130852           0           0           0           0           0           0           0           0           0           0           0
          0  0.00545953           0           0           0           0           0           0           0           0           0           0
          0           0   0.0954033           0           0           0           0           0           0           0           0           0
          0           0           0     167.497           0           0           0           0           0           0           0           0
          0           0           0           0  0.00471779           0           0           0           0           0           0           0
          0           0           0           0           0   0.0515834           0           0           0           0           0           0
          0           0           0           0           0           0 7.62883e-06           0           0           0           0           0
          0           0           0           0           0           0           0 6.30317e-07           0           0           0           0
          0           0           0           0           0           0           0           0 0.000503756           0           0           0
          0           0           0           0           0           0           0           0           0     3655.72           0           0
          0           0           0           0           0           0           0           0           0           0 5.17227e-07           0
          0           0           0           0           0           0           0           0           0           0           0  0.00014968

underflow!0.000839867
pos          1    0.266841   0.0135479    0.812671 0.000839867   0.0208865
underflow!0.000688677
pos          1    0.022414  0.00636431    0.460547  0.00258112 0.000688677
underflow!3.19701e-05
pos          1   0.0401033  0.00226311    0.807873  0.00130126 3.19701e-05
Updating Weight Matrix!
GBVEC AND COST:   0.989038    0.110067   0.0574339    0.683275   0.0504107   0.0336589 0.000399375
Chkpt reached!
new weight matrix:
  0.0130682           0           0           0           0           0           0           0           0           0           0           0
          0  0.00546363           0           0           0           0           0           0           0           0           0           0
          0           0   0.0959012           0           0           0           0           0           0           0           0           0
          0           0           0     167.439           0           0           0           0           0           0           0           0
          0           0           0           0  0.00472035           0           0           0           0           0           0           0
          0           0           0           0           0   0.0512735           0           0           0           0           0           0
          0           0           0           0           0           0 7.61475e-06           0           0           0           0           0
          0           0           0           0           0           0           0 6.30747e-07           0           0           0           0
          0           0           0           0           0           0           0           0 0.000508001           0           0           0
          0           0           0           0           0           0           0           0           0     3657.55           0           0
          0           0           0           0           0           0           0           0           0           0 5.17613e-07           0
          0           0           0           0           0           0           0           0           0           0           0 0.000148052

underflow!1.6419e-05
pos         1  0.0600031  0.0269029   0.675614  0.0097995 1.6419e-05
underflow!0.000220418
pos          1    0.133309    0.029653    0.756924 6.66708e-07 0.000220418
underflow!0.000345945
pos   0.996196   0.0541966    0.057721    0.723638 0.000345945 8.83251e-08
underflow!8.83251e-08
pos   0.996196   0.0541966    0.057721    0.723638 0.000345945 8.83251e-08
underflow!1.28378e-05
pos   0.638041     0.16417   0.0409039    0.697106 1.28378e-05 5.56396e-06
underflow!5.70689e-05
pos          1    0.114398  0.00190601    0.685006 5.70689e-05  0.00520849
Updating Weight Matrix!
GBVEC AND COST:   0.989229    0.113048   0.0560673    0.676449   0.0506753   0.0324943 0.000360833
Chkpt reached!
new weight matrix:
  0.0130656           0           0           0           0           0           0           0           0           0           0           0
          0  0.00545929           0           0           0           0           0           0           0           0           0           0
          0           0   0.0958474           0           0           0           0           0           0           0           0           0
          0           0           0     166.737           0           0           0           0           0           0           0           0
          0           0           0           0  0.00471593           0           0           0           0           0           0           0
          0           0           0           0           0   0.0514474           0           0           0           0           0           0
          0           0           0           0           0           0 7.61344e-06           0           0           0           0           0
          0           0           0           0           0           0           0 6.30257e-07           0           0           0           0
          0           0           0           0           0           0           0           0 0.000507226           0           0           0
          0           0           0           0           0           0           0           0           0     3633.59           0           0
          0           0           0           0           0           0           0           0           0           0 5.17173e-07           0
          0           0           0           0           0           0           0           0           0           0           0 0.000149112

underflow!0.000391514
pos          1   0.0762419   0.0828232    0.657262    0.113953 0.000391514
underflow!3.05372e-05
pos          1   0.0566331   0.0232587    0.530213 3.05372e-05 1.02142e-06
underflow!1.02142e-06
pos          1   0.0566331   0.0232587    0.530213 3.05372e-05 1.02142e-06
underflow!0.00027272
pos          1    0.340128  0.00027272    0.627123 0.000239979   0.0056804
underflow!0.000239979
pos          1    0.340128  0.00027272    0.627123 0.000239979   0.0056804
underflow!0.00020579
pos          1   0.0681162   0.0017764    0.683896  0.00020579 0.000336357
underflow!0.000828019
pos   0.999742      0.2439  0.00137642    0.699776   0.0167744 0.000828019
Updating Weight Matrix!
GBVEC AND COST:   0.989229    0.113048   0.0560673    0.676449   0.0506753   0.0324943 0.000360615
Chkpt reached!
new weight matrix:
  0.0130656           0           0           0           0           0           0           0           0           0           0           0
          0  0.00545929           0           0           0           0           0           0           0           0           0           0
          0           0   0.0958474           0           0           0           0           0           0           0           0           0
          0           0           0     166.737           0           0           0           0           0           0           0           0
          0           0           0           0  0.00471593           0           0           0           0           0           0           0
          0           0           0           0           0   0.0514474           0           0           0           0           0           0
          0           0           0           0           0           0 7.61344e-06           0           0           0           0           0
          0           0           0           0           0           0           0 6.30257e-07           0           0           0           0
          0           0           0           0           0           0           0           0 0.000507226           0           0           0
          0           0           0           0           0           0           0           0           0     3633.59           0           0
          0           0           0           0           0           0           0           0           0           0 5.17173e-07           0
          0           0           0           0           0           0           0           0           0           0           0 0.000149112

underflow!0.000211934
pos   0.871703   0.0953762    0.203008    0.754443   0.0617732 0.000211934
underflow!3.04773e-05
pos   0.944989   0.0492645   0.0340077    0.663637   0.0641461 3.04773e-05
underflow!2.27652e-06
pos   0.999885   0.0610885   0.0459872    0.698195    0.172483 2.27652e-06
underflow!0.000741592
pos    0.64708   0.0558698   0.0018661    0.645966   0.0179084 0.000741592
underflow!1.43087e-05
pos   0.999954    0.167998 1.43087e-05    0.779054   0.0321886 8.26567e-09
underflow!8.26567e-09
pos   0.999954    0.167998 1.43087e-05    0.779054   0.0321886 8.26567e-09
underflow!4.64391e-06
pos   0.999628     0.31532  0.00190042    0.607728   0.0303297 4.64391e-06
underflow!4.05277e-06
pos   0.959541    0.105231   0.0213996    0.813765    0.153838 4.05277e-06
underflow!3.62858e-05
pos          1   0.0716659   0.0405059    0.607294 3.62858e-05 5.49821e-07
Updating Weight Matrix!
GBVEC AND COST:   0.989726    0.123846    0.055257    0.671335   0.0506096   0.0314336 0.000331182
Chkpt reached!
new weight matrix:
  0.0130593           0           0           0           0           0           0           0           0           0           0           0
          0  0.00546089           0           0           0           0           0           0           0           0           0           0
          0           0   0.0961042           0           0           0           0           0           0           0           0           0
          0           0           0     166.038           0           0           0           0           0           0           0           0
          0           0           0           0  0.00471664           0           0           0           0           0           0           0
          0           0           0           0           0   0.0513548           0           0           0           0           0           0
          0           0           0           0           0           0 7.60699e-06           0           0           0           0           0
          0           0           0           0           0           0           0 6.30386e-07           0           0           0           0
          0           0           0           0           0           0           0           0  0.00050943           0           0           0
          0           0           0           0           0           0           0           0           0     3603.89           0           0
          0           0           0           0           0           0           0           0           0           0 5.17291e-07           0
          0           0           0           0           0           0           0           0           0           0           0 0.000148636

underflow!5.59711e-13
pos          1    0.101148   0.0169659    0.580748   0.0154355 5.59711e-13
underflow!5.93679e-07
pos          1     0.14553  0.00522324     0.76257 0.000620378 5.93679e-07
underflow!0.000121773
pos          1    0.110854   0.0934975    0.617756 0.000121773 6.06209e-17
underflow!3.70106e-11
pos          1    0.211633   0.0351958    0.714945    0.001476 3.70106e-11
underflow!9.03169e-05
pos          1    0.207801  0.00773086    0.479962   0.0852958 9.03169e-05
underflow!1.16999e-06
pos          1   0.0579877   0.0467126    0.677032  0.00552833 1.16999e-06
Updating Weight Matrix!
GBVEC AND COST:   0.990297     0.12587   0.0543447    0.652082   0.0488485   0.0306913 0.000311195
Chkpt reached!
new weight matrix:
  0.0130584           0           0           0           0           0           0           0           0           0           0           0
          0  0.00545736           0           0           0           0           0           0           0           0           0           0
          0           0   0.0960357           0           0           0           0           0           0           0           0           0
          0           0           0     165.828           0           0           0           0           0           0           0           0
          0           0           0           0  0.00471311           0           0           0           0           0           0           0
          0           0           0           0           0   0.0515071           0           0           0           0           0           0
          0           0           0           0           0           0 7.60676e-06           0           0           0           0           0
          0           0           0           0           0           0           0 6.29987e-07           0           0           0           0
          0           0           0           0           0           0           0           0 0.000508606           0           0           0
          0           0           0           0           0           0           0           0           0     3596.84           0           0
          0           0           0           0           0           0           0           0           0           0 5.16933e-07           0
          0           0           0           0           0           0           0           0           0           0           0 0.000149548

underflow!0.000340115
pos          1    0.246788   0.0638956    0.607795    0.157378 0.000340115
underflow!0.000111283
pos          1    0.132994    0.229951     0.57386  0.00392855 0.000111283
underflow!7.7309e-05
pos         1  0.0584851  0.0259914   0.768563   0.218565 7.7309e-05
underflow!3.68827e-05
pos   0.962178    0.231523  0.00108674    0.689848  0.00318329 3.68827e-05
underflow!0.000626296
pos          1   0.0484717 0.000626296    0.558837    0.184674 0.000827941
underflow!0.000827941
pos          1   0.0484717 0.000626296    0.558837    0.184674 0.000827941
underflow!5.26468e-07
pos   0.999996    0.164498    0.117469    0.632859  0.00292711 5.26468e-07
underflow!5.83651e-05
pos          1    0.109997   0.0218767     0.65792   0.0435549 5.83651e-05
Updating Weight Matrix!
GBVEC AND COST:   0.991711    0.126349   0.0537684    0.631848   0.0465384   0.0301395 0.000307596
Chkpt reached!
new weight matrix:
  0.0130559           0           0           0           0           0           0           0           0           0           0           0
          0   0.0054559           0           0           0           0           0           0           0           0           0           0
          0           0     0.09603           0           0           0           0           0           0           0           0           0
          0           0           0     165.845           0           0           0           0           0           0           0           0
          0           0           0           0  0.00471157           0           0           0           0           0           0           0
          0           0           0           0           0   0.0515478           0           0           0           0           0           0
          0           0           0           0           0           0 7.60537e-06           0           0           0           0           0
          0           0           0           0           0           0           0  6.2983e-07           0           0           0           0
          0           0           0           0           0           0           0           0 0.000508421           0           0           0
          0           0           0           0           0           0           0           0           0     3597.55           0           0
          0           0           0           0           0           0           0           0           0           0 5.16791e-07           0
          0           0           0           0           0           0           0           0           0           0           0 0.000149819

underflow!0.000655575
pos          1    0.125116  0.00780017    0.497678 0.000655575   0.0528744
underflow!1.1223e-06
pos         1   0.119643 0.00603689   0.619778  0.0179856 1.1223e-06
underflow!1.08708e-05
pos          1    0.153231   0.0398051    0.610039   0.0505333 1.08708e-05
underflow!0.000242709
pos          1   0.0472531   0.0697932     0.64969    0.254086 0.000242709
underflow!6.00484e-05
pos          1   0.0194425    0.331663    0.662426    0.178033 6.00484e-05
underflow!1.47215e-06
pos          1    0.139921  0.00209781    0.649285   0.0358702 1.47215e-06
underflow!0.000676561
pos          1    0.134292    0.102807    0.591064 0.000676561  0.00183164
underflow!3.22982e-05
pos          1    0.182844 3.22982e-05    0.528199   0.0689191   0.0476245
underflow!0.000315558
pos   0.989475     0.25164   0.0753063    0.660838 0.000315558    0.127968
Updating Weight Matrix!
GBVEC AND COST:   0.991723     0.12625   0.0537277    0.631524    0.046533   0.0301067 0.000307437
Chkpt reached!
new weight matrix:
  0.0130558           0           0           0           0           0           0           0           0           0           0           0
          0  0.00545572           0           0           0           0           0           0           0           0           0           0
          0           0   0.0960248           0           0           0           0           0           0           0           0           0
          0           0           0     165.818           0           0           0           0           0           0           0           0
          0           0           0           0  0.00471141           0           0           0           0           0           0           0
          0           0           0           0           0   0.0515544           0           0           0           0           0           0
          0           0           0           0           0           0 7.60537e-06           0           0           0           0           0
          0           0           0           0           0           0           0 6.29811e-07           0           0           0           0
          0           0           0           0           0           0           0           0 0.000508364           0           0           0
          0           0           0           0           0           0           0           0           0      3596.6           0           0
          0           0           0           0           0           0           0           0           0           0 5.16774e-07           0
          0           0           0           0           0           0           0           0           0           0           0 0.000149859

underflow!1.5286e-11
pos  0.996898   0.289183  0.0389814   0.692179  0.0140054 1.5286e-11
underflow!1.56653e-12
pos          1    0.141514    0.113624    0.685861   0.0579213 1.56653e-12
underflow!0.000196823
pos          1   0.0779853   0.0992326     0.71464   0.0277762 0.000196823
underflow!0.000257714
pos          1   0.0365212   0.0184573    0.681285     0.16109 0.000257714
underflow!3.7451e-06
pos         1   0.144801 0.00616969    0.79779 3.7451e-06  0.0707925
underflow!0.000299967
pos          1   0.0219734   0.0264796    0.649161 0.000299967  0.00075907
underflow!0.00075907
pos          1   0.0219734   0.0264796    0.649161 0.000299967  0.00075907
underflow!0.000122106
pos          1    0.163512    0.122445    0.637996    0.180836 0.000122106
underflow!0.000145708
pos          1   0.0475954   0.0474731    0.611265   0.0290238 0.000145708
underflow!8.27859e-05
pos          1     0.20063   0.0117057    0.703322 5.65381e-05 8.27859e-05
GBMAT after targeted PSO:
    0.82812    0.497988    0.366507    0.946366     0.52696    0.564423     3517.58
    0.82812    0.497988    0.366507    0.946366     0.52696    0.564423     3517.58
    0.91413    0.324509    0.190622    0.350892    0.371232     0.11373     43.2532
   0.902808    0.270781    0.293639    0.586704    0.519853    0.176684     38.7327
   0.939553    0.372927    0.243681    0.460362    0.224992     0.14403     36.7768
   0.736271    0.345916    0.264799     0.61228    0.242022    0.157062     36.2916
   0.730727    0.186164     0.24912    0.556749    0.245456    0.154063     33.8733
   0.706952    0.152239    0.203483    0.466604    0.159294    0.125057     31.3978
   0.814438    0.172139    0.221431     0.56888     0.21201    0.136511     30.6763
   0.783549    0.126482    0.231165    0.598885    0.187646    0.142066     30.2888
   0.788718    0.108849    0.228366    0.621202    0.174341    0.141509       29.87
    0.87187    0.118133    0.229235    0.580546    0.139519    0.142347     29.6736
   0.826539   0.0979972    0.231543    0.593003    0.227844     0.14407      29.463
   0.919092    0.100181    0.234584    0.561873    0.194797    0.146394     29.0045
   0.890524   0.0647259    0.241712    0.720996    0.242311    0.151224     28.8074
   0.888986   0.0536516    0.233169    0.681546    0.250084    0.146038     28.6527
   0.888986   0.0536516    0.233169    0.681546    0.250084    0.146038     5.21534
   0.888986   0.0536516    0.233169    0.681546    0.250084    0.146038     5.21534
   0.918045   0.0332738    0.085766    0.768806    0.152491   0.0862978    0.179148
   0.923826   0.0417152   0.0877276    0.852714    0.144214   0.0882616    0.105327
   0.923826   0.0417152   0.0877276    0.852714    0.144214   0.0882616    0.105327
   0.923826   0.0417152   0.0877276    0.852714    0.144214   0.0882616    0.105327
   0.953737   0.0639921   0.0681055    0.797918   0.0902438    0.081232    0.101633
   0.922345   0.0270501    0.106874    0.689351   0.0632769    0.090898   0.0649704
   0.985426   0.0127981    0.127723    0.846707   0.0514992    0.110538   0.0242729
   0.975246    0.127703   0.0779331     0.74289   0.0552032   0.0666172   0.0185775
   0.981845   0.0505103    0.110208    0.807215   0.0419773    0.086383   0.0060935
   0.981845   0.0505103    0.110208    0.807215   0.0419773    0.086383   0.0060935
   0.981845   0.0505103    0.110208    0.807215   0.0419773    0.086383   0.0060935
   0.981845   0.0505103    0.110208    0.807215   0.0419773    0.086383   0.0060935
   0.981845   0.0505103    0.110208    0.807215   0.0419773    0.086383   0.0060935
   0.981845   0.0505103    0.110208    0.807215   0.0419773    0.086383   0.0060935
   0.981845   0.0505103    0.110208    0.807215   0.0419773    0.086383   0.0060935
   0.992342    0.125532    0.073647    0.793548   0.0570513   0.0500094 0.000712944
   0.992342    0.125532    0.073647    0.793548   0.0570513   0.0500094 0.000712944
   0.992342    0.125532    0.073647    0.793548   0.0570513   0.0500094 0.000712944
   0.992342    0.125532    0.073647    0.793548   0.0570513   0.0500094 0.000712944
   0.992342    0.125532    0.073647    0.793548   0.0570513   0.0500094 0.000712944
   0.992342    0.125532    0.073647    0.793548   0.0570513   0.0500094 0.000712944
   0.992342    0.125532    0.073647    0.793548   0.0570513   0.0500094 0.000712944
   0.992342    0.125532    0.073647    0.793548   0.0570513   0.0500094 0.000712944
   0.992342    0.125532    0.073647    0.793548   0.0570513   0.0500094 0.000712944
   0.992342    0.125532    0.073647    0.793548   0.0570513   0.0500094 0.000712944
   0.992342    0.125532    0.073647    0.793548   0.0570513   0.0500094 0.000712944
   0.992342    0.125532    0.073647    0.793548   0.0570513   0.0500094 0.000712944
   0.992342    0.125532    0.073647    0.793548   0.0570513   0.0500094 0.000712944
   0.992342    0.125532    0.073647    0.793548   0.0570513   0.0500094 0.000712944
   0.992342    0.125532    0.073647    0.793548   0.0570513   0.0500094 0.000712944
   0.992342    0.125532    0.073647    0.793548   0.0570513   0.0500094 0.000712944
   0.992342    0.125532    0.073647    0.793548   0.0570513   0.0500094 0.000712944
   0.992342    0.125532    0.073647    0.793548   0.0570513   0.0500094 0.000712944
   0.992342    0.125532    0.073647    0.793548   0.0570513   0.0500094 0.000712944
   0.991701    0.184025   0.0700424    0.617449     0.03673   0.0435926 0.000706966
   0.991701    0.184025   0.0700424    0.617449     0.03673   0.0435926 0.000706966
   0.991701    0.184025   0.0700424    0.617449     0.03673   0.0435926 0.000706966
   0.991701    0.184025   0.0700424    0.617449     0.03673   0.0435926 0.000706966
   0.983486   0.0924123   0.0666953    0.712112   0.0479767   0.0416754  0.00068821
   0.983486   0.0924123   0.0666953    0.712112   0.0479767   0.0416754  0.00068821
   0.983486   0.0924123   0.0666953    0.712112   0.0479767   0.0416754  0.00068821
   0.983486   0.0924123   0.0666953    0.712112   0.0479767   0.0416754  0.00068821
   0.983486   0.0924123   0.0666953    0.712112   0.0479767   0.0416754  0.00068821
   0.983486   0.0924123   0.0666953    0.712112   0.0479767   0.0416754  0.00068821
   0.983486   0.0924123   0.0666953    0.712112   0.0479767   0.0416754  0.00068821
   0.983486   0.0924123   0.0666953    0.712112   0.0479767   0.0416754  0.00068821
   0.983486   0.0924123   0.0666953    0.712112   0.0479767   0.0416754  0.00068821
   0.983486   0.0924123   0.0666953    0.712112   0.0479767   0.0416754  0.00068821
   0.983486   0.0924123   0.0666953    0.712112   0.0479767   0.0416754  0.00068821
   0.983486   0.0924123   0.0666953    0.712112   0.0479767   0.0416754  0.00083117
   0.983486   0.0924123   0.0666953    0.712112   0.0479767   0.0416754  0.00083117
   0.983486   0.0924123   0.0666953    0.712112   0.0479767   0.0416754  0.00083117
   0.983486   0.0924123   0.0666953    0.712112   0.0479767   0.0416754  0.00083117
   0.983486   0.0924123   0.0666953    0.712112   0.0479767   0.0416754  0.00083117
   0.983486   0.0924123   0.0666953    0.712112   0.0479767   0.0416754  0.00083117
   0.983486   0.0924123   0.0666953    0.712112   0.0479767   0.0416754  0.00083117
   0.983486   0.0924123   0.0666953    0.712112   0.0479767   0.0416754  0.00083117
   0.983486   0.0924123   0.0666953    0.712112   0.0479767   0.0416754  0.00083117
   0.983486   0.0924123   0.0666953    0.712112   0.0479767   0.0416754  0.00083117
   0.983486   0.0924123   0.0666953    0.712112   0.0479767   0.0416754  0.00083117
   0.983486   0.0924123   0.0666953    0.712112   0.0479767   0.0416754  0.00083117
   0.983486   0.0924123   0.0666953    0.712112   0.0479767   0.0416754  0.00083117
   0.983486   0.0924123   0.0666953    0.712112   0.0479767   0.0416754  0.00083117
   0.983486   0.0924123   0.0666953    0.712112   0.0479767   0.0416754  0.00083117
   0.983486   0.0924123   0.0666953    0.712112   0.0479767   0.0416754  0.00083117
   0.983486   0.0924123   0.0666953    0.712112   0.0479767   0.0416754  0.00083117
   0.983486   0.0924123   0.0666953    0.712112   0.0479767   0.0416754  0.00083117
   0.983486   0.0924123   0.0666953    0.712112   0.0479767   0.0416754  0.00083117
   0.983486   0.0924123   0.0666953    0.712112   0.0479767   0.0416754  0.00083117
   0.983486   0.0924123   0.0666953    0.712112   0.0479767   0.0416754  0.00083117
   0.983486   0.0924123   0.0666953    0.712112   0.0479767   0.0416754  0.00083117
   0.983486   0.0924123   0.0666953    0.712112   0.0479767   0.0416754  0.00083117
   0.983486   0.0924123   0.0666953    0.712112   0.0479767   0.0416754  0.00083117
   0.983486   0.0924123   0.0666953    0.712112   0.0479767   0.0416754  0.00083117
   0.988646   0.0987815   0.0591413    0.692408   0.0514084   0.0359696 0.000529474
   0.988646   0.0987815   0.0591413    0.692408   0.0514084   0.0359696 0.000529474
   0.988646   0.0987815   0.0591413    0.692408   0.0514084   0.0359696 0.000529474
   0.988646   0.0987815   0.0591413    0.692408   0.0514084   0.0359696 0.000529474
   0.988646   0.0987815   0.0591413    0.692408   0.0514084   0.0359696 0.000529474
   0.988646   0.0987815   0.0591413    0.692408   0.0514084   0.0359696 0.000529474
   0.988646   0.0987815   0.0591413    0.692408   0.0514084   0.0359696 0.000529474
   0.988646   0.0987815   0.0591413    0.692408   0.0514084   0.0359696 0.000529474
   0.988646   0.0987815   0.0591413    0.692408   0.0514084   0.0359696 0.000529474
   0.988646   0.0987815   0.0591413    0.692408   0.0514084   0.0359696 0.000529474
   0.988646   0.0987815   0.0591413    0.692408   0.0514084   0.0359696 0.000529474
   0.988646   0.0987815   0.0591413    0.692408   0.0514084   0.0359696 0.000529474
   0.988646   0.0987815   0.0591413    0.692408   0.0514084   0.0359696 0.000529474
   0.988646   0.0987815   0.0591413    0.692408   0.0514084   0.0359696 0.000529474
   0.988646   0.0987815   0.0591413    0.692408   0.0514084   0.0359696 0.000529474
   0.988646   0.0987815   0.0591413    0.692408   0.0514084   0.0359696 0.000529474
   0.988646   0.0987815   0.0591413    0.692408   0.0514084   0.0359696 0.000529474
   0.988646   0.0987815   0.0591413    0.692408   0.0514084   0.0359696 0.000529474
   0.988646   0.0987815   0.0591413    0.692408   0.0514084   0.0359696 0.000529474
   0.988646   0.0987815   0.0591413    0.692408   0.0514084   0.0359696 0.000529474
   0.988646   0.0987815   0.0591413    0.692408   0.0514084   0.0359696 0.000529474
   0.988646   0.0987815   0.0591413    0.692408   0.0514084   0.0359696 0.000529474
   0.988646   0.0987815   0.0591413    0.692408   0.0514084   0.0359696 0.000529474
   0.988646   0.0987815   0.0591413    0.692408   0.0514084   0.0359696 0.000529474
   0.988646   0.0987815   0.0591413    0.692408   0.0514084   0.0359696 0.000529474
   0.988646   0.0987815   0.0591413    0.692408   0.0514084   0.0359696 0.000529474
   0.988646   0.0987815   0.0591413    0.692408   0.0514084   0.0359696 0.000525705
   0.988646   0.0987815   0.0591413    0.692408   0.0514084   0.0359696 0.000525705
   0.988646   0.0987815   0.0591413    0.692408   0.0514084   0.0359696 0.000525705
   0.988646   0.0987815   0.0591413    0.692408   0.0514084   0.0359696 0.000525705
   0.988646   0.0987815   0.0591413    0.692408   0.0514084   0.0359696 0.000525705
   0.988646   0.0987815   0.0591413    0.692408   0.0514084   0.0359696 0.000525705
   0.988646   0.0987815   0.0591413    0.692408   0.0514084   0.0359696 0.000525705
   0.988646   0.0987815   0.0591413    0.692408   0.0514084   0.0359696 0.000525705
   0.988646   0.0987815   0.0591413    0.692408   0.0514084   0.0359696 0.000525705
   0.988646   0.0987815   0.0591413    0.692408   0.0514084   0.0359696 0.000525705
   0.988646   0.0987815   0.0591413    0.692408   0.0514084   0.0359696 0.000525705
   0.988646   0.0987815   0.0591413    0.692408   0.0514084   0.0359696 0.000525705
   0.988646   0.0987815   0.0591413    0.692408   0.0514084   0.0359696 0.000525705
   0.988646   0.0987815   0.0591413    0.692408   0.0514084   0.0359696 0.000525705
   0.988646   0.0987815   0.0591413    0.692408   0.0514084   0.0359696 0.000525705
   0.988646   0.0987815   0.0591413    0.692408   0.0514084   0.0359696 0.000525705
   0.988646   0.0987815   0.0591413    0.692408   0.0514084   0.0359696 0.000525705
   0.988646   0.0987815   0.0591413    0.692408   0.0514084   0.0359696 0.000525705
   0.988646   0.0987815   0.0591413    0.692408   0.0514084   0.0359696 0.000525705
   0.988646   0.0987815   0.0591413    0.692408   0.0514084   0.0359696 0.000525705
   0.988646   0.0987815   0.0591413    0.692408   0.0514084   0.0359696 0.000525705
   0.988646   0.0987815   0.0591413    0.692408   0.0514084   0.0359696 0.000525705
   0.988646   0.0987815   0.0591413    0.692408   0.0514084   0.0359696 0.000525705
   0.988646   0.0987815   0.0591413    0.692408   0.0514084   0.0359696 0.000525705
   0.988646   0.0987815   0.0591413    0.692408   0.0514084   0.0359696 0.000525705
   0.988646   0.0987815   0.0591413    0.692408   0.0514084   0.0359696 0.000525705
   0.988646   0.0987815   0.0591413    0.692408   0.0514084   0.0359696 0.000525705
   0.988646   0.0987815   0.0591413    0.692408   0.0514084   0.0359696 0.000525705
   0.988646   0.0987815   0.0591413    0.692408   0.0514084   0.0359696 0.000525705
   0.988646   0.0987815   0.0591413    0.692408   0.0514084   0.0359696 0.000525705
   0.988646   0.0987815   0.0591413    0.692408   0.0514084   0.0359696 0.000525705
   0.988646   0.0987815   0.0591413    0.692408   0.0514084   0.0359696 0.000525705
   0.988646   0.0987815   0.0591413    0.692408   0.0514084   0.0359696 0.000525705
   0.988646   0.0987815   0.0591413    0.692408   0.0514084   0.0359696 0.000525705
   0.988646   0.0987815   0.0591413    0.692408   0.0514084   0.0359696 0.000525705
   0.988646   0.0987815   0.0591413    0.692408   0.0514084   0.0359696 0.000525705
   0.988646   0.0987815   0.0591413    0.692408   0.0514084   0.0359696 0.000525705
   0.988646   0.0987815   0.0591413    0.692408   0.0514084   0.0359696 0.000525705
   0.988646   0.0987815   0.0591413    0.692408   0.0514084   0.0359696 0.000525705
   0.988646   0.0987815   0.0591413    0.692408   0.0514084   0.0359696 0.000525705
   0.988646   0.0987815   0.0591413    0.692408   0.0514084   0.0359696 0.000525705
   0.988646   0.0987815   0.0591413    0.692408   0.0514084   0.0359696 0.000525705
   0.989038    0.110067   0.0574339    0.683275   0.0504107   0.0336589 0.000399375
   0.989038    0.110067   0.0574339    0.683275   0.0504107   0.0336589 0.000399375
   0.989038    0.110067   0.0574339    0.683275   0.0504107   0.0336589 0.000399375
   0.989038    0.110067   0.0574339    0.683275   0.0504107   0.0336589 0.000399375
   0.989038    0.110067   0.0574339    0.683275   0.0504107   0.0336589 0.000399375
   0.989038    0.110067   0.0574339    0.683275   0.0504107   0.0336589 0.000399375
   0.989038    0.110067   0.0574339    0.683275   0.0504107   0.0336589 0.000399375
   0.989038    0.110067   0.0574339    0.683275   0.0504107   0.0336589 0.000399375
   0.989038    0.110067   0.0574339    0.683275   0.0504107   0.0336589 0.000399375
   0.989038    0.110067   0.0574339    0.683275   0.0504107   0.0336589 0.000399387
   0.989038    0.110067   0.0574339    0.683275   0.0504107   0.0336589 0.000399387
   0.989038    0.110067   0.0574339    0.683275   0.0504107   0.0336589 0.000399387
   0.989038    0.110067   0.0574339    0.683275   0.0504107   0.0336589 0.000399387
   0.989038    0.110067   0.0574339    0.683275   0.0504107   0.0336589 0.000399387
   0.989038    0.110067   0.0574339    0.683275   0.0504107   0.0336589 0.000399387
   0.989038    0.110067   0.0574339    0.683275   0.0504107   0.0336589 0.000399387
   0.989038    0.110067   0.0574339    0.683275   0.0504107   0.0336589 0.000399387
   0.989038    0.110067   0.0574339    0.683275   0.0504107   0.0336589 0.000399387
   0.989038    0.110067   0.0574339    0.683275   0.0504107   0.0336589 0.000399387
   0.989038    0.110067   0.0574339    0.683275   0.0504107   0.0336589 0.000399387
   0.989038    0.110067   0.0574339    0.683275   0.0504107   0.0336589 0.000399387
   0.989038    0.110067   0.0574339    0.683275   0.0504107   0.0336589 0.000399387
   0.989038    0.110067   0.0574339    0.683275   0.0504107   0.0336589 0.000399387
   0.989038    0.110067   0.0574339    0.683275   0.0504107   0.0336589 0.000399387
   0.989038    0.110067   0.0574339    0.683275   0.0504107   0.0336589 0.000399387
   0.989038    0.110067   0.0574339    0.683275   0.0504107   0.0336589 0.000399387
   0.989038    0.110067   0.0574339    0.683275   0.0504107   0.0336589 0.000399387
   0.989038    0.110067   0.0574339    0.683275   0.0504107   0.0336589 0.000399387
   0.989038    0.110067   0.0574339    0.683275   0.0504107   0.0336589 0.000399387
   0.989038    0.110067   0.0574339    0.683275   0.0504107   0.0336589 0.000399387
   0.989038    0.110067   0.0574339    0.683275   0.0504107   0.0336589 0.000399387
   0.989038    0.110067   0.0574339    0.683275   0.0504107   0.0336589 0.000399387
   0.989038    0.110067   0.0574339    0.683275   0.0504107   0.0336589 0.000399387
   0.989038    0.110067   0.0574339    0.683275   0.0504107   0.0336589 0.000399387
   0.989038    0.110067   0.0574339    0.683275   0.0504107   0.0336589 0.000399387
   0.989038    0.110067   0.0574339    0.683275   0.0504107   0.0336589 0.000399387
   0.989038    0.110067   0.0574339    0.683275   0.0504107   0.0336589 0.000399387
   0.989038    0.110067   0.0574339    0.683275   0.0504107   0.0336589 0.000399387
   0.989038    0.110067   0.0574339    0.683275   0.0504107   0.0336589 0.000399387
   0.989038    0.110067   0.0574339    0.683275   0.0504107   0.0336589 0.000399387
   0.989038    0.110067   0.0574339    0.683275   0.0504107   0.0336589 0.000399387
   0.989038    0.110067   0.0574339    0.683275   0.0504107   0.0336589 0.000399387
   0.989038    0.110067   0.0574339    0.683275   0.0504107   0.0336589 0.000399387
   0.989038    0.110067   0.0574339    0.683275   0.0504107   0.0336589 0.000399387
   0.989038    0.110067   0.0574339    0.683275   0.0504107   0.0336589 0.000399387
   0.989038    0.110067   0.0574339    0.683275   0.0504107   0.0336589 0.000399387
   0.989038    0.110067   0.0574339    0.683275   0.0504107   0.0336589 0.000399387
   0.989038    0.110067   0.0574339    0.683275   0.0504107   0.0336589 0.000399387
   0.989038    0.110067   0.0574339    0.683275   0.0504107   0.0336589 0.000399387
   0.989038    0.110067   0.0574339    0.683275   0.0504107   0.0336589 0.000399387
   0.989038    0.110067   0.0574339    0.683275   0.0504107   0.0336589 0.000399387
   0.989038    0.110067   0.0574339    0.683275   0.0504107   0.0336589 0.000399387
    0.98918    0.114538   0.0559318    0.675399   0.0514055   0.0327917 0.000395866
    0.98918    0.114538   0.0559318    0.675399   0.0514055   0.0327917 0.000395866
    0.98918    0.114538   0.0559318    0.675399   0.0514055   0.0327917 0.000395866
    0.98918    0.114538   0.0559318    0.675399   0.0514055   0.0327917 0.000395866
   0.989229    0.113048   0.0560673    0.676449   0.0506753   0.0324943 0.000360833
   0.989229    0.113048   0.0560673    0.676449   0.0506753   0.0324943 0.000360833
   0.989229    0.113048   0.0560673    0.676449   0.0506753   0.0324943 0.000360833
   0.989229    0.113048   0.0560673    0.676449   0.0506753   0.0324943 0.000360833
   0.989229    0.113048   0.0560673    0.676449   0.0506753   0.0324943 0.000360615
   0.989229    0.113048   0.0560673    0.676449   0.0506753   0.0324943 0.000360615
   0.989229    0.113048   0.0560673    0.676449   0.0506753   0.0324943 0.000360615
   0.989229    0.113048   0.0560673    0.676449   0.0506753   0.0324943 0.000360615
   0.989229    0.113048   0.0560673    0.676449   0.0506753   0.0324943 0.000360615
   0.989229    0.113048   0.0560673    0.676449   0.0506753   0.0324943 0.000360615
   0.989229    0.113048   0.0560673    0.676449   0.0506753   0.0324943 0.000360615
   0.989229    0.113048   0.0560673    0.676449   0.0506753   0.0324943 0.000360615
   0.989229    0.113048   0.0560673    0.676449   0.0506753   0.0324943 0.000360615
   0.989229    0.113048   0.0560673    0.676449   0.0506753   0.0324943 0.000360615
   0.989229    0.113048   0.0560673    0.676449   0.0506753   0.0324943 0.000360615
   0.989229    0.113048   0.0560673    0.676449   0.0506753   0.0324943 0.000360615
   0.989229    0.113048   0.0560673    0.676449   0.0506753   0.0324943 0.000360615
   0.989229    0.113048   0.0560673    0.676449   0.0506753   0.0324943 0.000360615
   0.989229    0.113048   0.0560673    0.676449   0.0506753   0.0324943 0.000360615
   0.989229    0.113048   0.0560673    0.676449   0.0506753   0.0324943 0.000360615
   0.989229    0.113048   0.0560673    0.676449   0.0506753   0.0324943 0.000360615
   0.989229    0.113048   0.0560673    0.676449   0.0506753   0.0324943 0.000360615
   0.989229    0.113048   0.0560673    0.676449   0.0506753   0.0324943 0.000360615
   0.989229    0.113048   0.0560673    0.676449   0.0506753   0.0324943 0.000360615
   0.989229    0.113048   0.0560673    0.676449   0.0506753   0.0324943 0.000360615
   0.989229    0.113048   0.0560673    0.676449   0.0506753   0.0324943 0.000360615
   0.989229    0.113048   0.0560673    0.676449   0.0506753   0.0324943 0.000360615
   0.989229    0.113048   0.0560673    0.676449   0.0506753   0.0324943 0.000360615
   0.989229    0.113048   0.0560673    0.676449   0.0506753   0.0324943 0.000360615
   0.989229    0.113048   0.0560673    0.676449   0.0506753   0.0324943 0.000360615
   0.989229    0.113048   0.0560673    0.676449   0.0506753   0.0324943 0.000360615
   0.989229    0.113048   0.0560673    0.676449   0.0506753   0.0324943 0.000360615
   0.989229    0.113048   0.0560673    0.676449   0.0506753   0.0324943 0.000360615
   0.989229    0.113048   0.0560673    0.676449   0.0506753   0.0324943 0.000360615
   0.989229    0.113048   0.0560673    0.676449   0.0506753   0.0324943 0.000360615
   0.989229    0.113048   0.0560673    0.676449   0.0506753   0.0324943 0.000360615
   0.989229    0.113048   0.0560673    0.676449   0.0506753   0.0324943 0.000360615
   0.989229    0.113048   0.0560673    0.676449   0.0506753   0.0324943 0.000360615
   0.989229    0.113048   0.0560673    0.676449   0.0506753   0.0324943 0.000360615
   0.989229    0.113048   0.0560673    0.676449   0.0506753   0.0324943 0.000360615
   0.989229    0.113048   0.0560673    0.676449   0.0506753   0.0324943 0.000360615
   0.989229    0.113048   0.0560673    0.676449   0.0506753   0.0324943 0.000360615
   0.989229    0.113048   0.0560673    0.676449   0.0506753   0.0324943 0.000360615
   0.989229    0.113048   0.0560673    0.676449   0.0506753   0.0324943 0.000360615
   0.989229    0.113048   0.0560673    0.676449   0.0506753   0.0324943 0.000360615
   0.989229    0.113048   0.0560673    0.676449   0.0506753   0.0324943 0.000360615
   0.989229    0.113048   0.0560673    0.676449   0.0506753   0.0324943 0.000360615
   0.989229    0.113048   0.0560673    0.676449   0.0506753   0.0324943 0.000360615
   0.989229    0.113048   0.0560673    0.676449   0.0506753   0.0324943 0.000360615
   0.989229    0.113048   0.0560673    0.676449   0.0506753   0.0324943 0.000360615
   0.989229    0.113048   0.0560673    0.676449   0.0506753   0.0324943 0.000360615
   0.989229    0.113048   0.0560673    0.676449   0.0506753   0.0324943 0.000360615
   0.989229    0.113048   0.0560673    0.676449   0.0506753   0.0324943 0.000360615
   0.989229    0.113048   0.0560673    0.676449   0.0506753   0.0324943 0.000360615
   0.989229    0.113048   0.0560673    0.676449   0.0506753   0.0324943 0.000360615
   0.989229    0.113048   0.0560673    0.676449   0.0506753   0.0324943 0.000360615
   0.989229    0.113048   0.0560673    0.676449   0.0506753   0.0324943 0.000360615
   0.989229    0.113048   0.0560673    0.676449   0.0506753   0.0324943 0.000360615
   0.989229    0.113048   0.0560673    0.676449   0.0506753   0.0324943 0.000360615
   0.989229    0.113048   0.0560673    0.676449   0.0506753   0.0324943 0.000360615
   0.989229    0.113048   0.0560673    0.676449   0.0506753   0.0324943 0.000360615
   0.989229    0.113048   0.0560673    0.676449   0.0506753   0.0324943 0.000360615
   0.989229    0.113048   0.0560673    0.676449   0.0506753   0.0324943 0.000360615
   0.989229    0.113048   0.0560673    0.676449   0.0506753   0.0324943 0.000360615
   0.989229    0.113048   0.0560673    0.676449   0.0506753   0.0324943 0.000360615
   0.989229    0.113048   0.0560673    0.676449   0.0506753   0.0324943 0.000360615
   0.989229    0.113048   0.0560673    0.676449   0.0506753   0.0324943 0.000360615
   0.989229    0.113048   0.0560673    0.676449   0.0506753   0.0324943 0.000360615
   0.989229    0.113048   0.0560673    0.676449   0.0506753   0.0324943 0.000360615
   0.989229    0.113048   0.0560673    0.676449   0.0506753   0.0324943 0.000360615
   0.989229    0.113048   0.0560673    0.676449   0.0506753   0.0324943 0.000360615
   0.989229    0.113048   0.0560673    0.676449   0.0506753   0.0324943 0.000360615
   0.989229    0.113048   0.0560673    0.676449   0.0506753   0.0324943 0.000360615
   0.989229    0.113048   0.0560673    0.676449   0.0506753   0.0324943 0.000360615
   0.989229    0.113048   0.0560673    0.676449   0.0506753   0.0324943 0.000360615
   0.989229    0.113048   0.0560673    0.676449   0.0506753   0.0324943 0.000360615
   0.989229    0.113048   0.0560673    0.676449   0.0506753   0.0324943 0.000360615
   0.989229    0.113048   0.0560673    0.676449   0.0506753   0.0324943 0.000360615
   0.989229    0.113048   0.0560673    0.676449   0.0506753   0.0324943 0.000360615
   0.989798    0.126456   0.0554129    0.667255   0.0501503   0.0315234 0.000360406
   0.989798    0.126456   0.0554129    0.667255   0.0501503   0.0315234 0.000360406
   0.989798    0.126456   0.0554129    0.667255   0.0501503   0.0315234 0.000360406
   0.989798    0.126456   0.0554129    0.667255   0.0501503   0.0315234 0.000360406
   0.989798    0.126456   0.0554129    0.667255   0.0501503   0.0315234 0.000360406
   0.989798    0.126456   0.0554129    0.667255   0.0501503   0.0315234 0.000360406
   0.989798    0.126456   0.0554129    0.667255   0.0501503   0.0315234 0.000360406
   0.989751    0.123846   0.0552311    0.671233   0.0504736   0.0314639  0.00035016
   0.989751    0.123846   0.0552311    0.671233   0.0504736   0.0314639  0.00035016
   0.989751    0.123846   0.0552311    0.671233   0.0504736   0.0314639  0.00035016
   0.989751    0.123846   0.0552311    0.671233   0.0504736   0.0314639  0.00035016
   0.989751    0.123846   0.0552311    0.671233   0.0504736   0.0314639  0.00035016
   0.989751    0.123846   0.0552311    0.671233   0.0504736   0.0314639  0.00035016
   0.989726    0.123846    0.055257    0.671335   0.0506096   0.0314336 0.000331182
   0.989726    0.123846    0.055257    0.671335   0.0506096   0.0314336 0.000331182
   0.989726    0.123846    0.055257    0.671335   0.0506096   0.0314336 0.000331182
   0.989726    0.123846    0.055257    0.671335   0.0506096   0.0314336 0.000331182
   0.989726    0.123846    0.055257    0.671335   0.0506096   0.0314336 0.000331182
   0.989726    0.123846    0.055257    0.671335   0.0506096   0.0314336 0.000331182
   0.989726    0.123846    0.055257    0.671335   0.0506096   0.0314336 0.000331182
   0.989726    0.123846    0.055257    0.671335   0.0506096   0.0314336 0.000331182
   0.989726    0.123846    0.055257    0.671335   0.0506096   0.0314336 0.000331182
   0.989726    0.123846    0.055257    0.671335   0.0506096   0.0314336 0.000331182
   0.989726    0.123846    0.055257    0.671335   0.0506096   0.0314336 0.000331182
   0.989726    0.123846    0.055257    0.671335   0.0506096   0.0314336 0.000331182
   0.989726    0.123846    0.055257    0.671335   0.0506096   0.0314336 0.000331182
   0.989726    0.123846    0.055257    0.671335   0.0506096   0.0314336 0.000331182
   0.989726    0.123846    0.055257    0.671335   0.0506096   0.0314336 0.000330886
   0.989726    0.123846    0.055257    0.671335   0.0506096   0.0314336 0.000330886
   0.989726    0.123846    0.055257    0.671335   0.0506096   0.0314336 0.000330886
   0.989726    0.123846    0.055257    0.671335   0.0506096   0.0314336 0.000330886
   0.989726    0.123846    0.055257    0.671335   0.0506096   0.0314336 0.000330886
   0.989726    0.123846    0.055257    0.671335   0.0506096   0.0314336 0.000330886
   0.989726    0.123846    0.055257    0.671335   0.0506096   0.0314336 0.000330886
   0.989726    0.123846    0.055257    0.671335   0.0506096   0.0314336 0.000330886
   0.989726    0.123846    0.055257    0.671335   0.0506096   0.0314336 0.000330886
   0.989726    0.123846    0.055257    0.671335   0.0506096   0.0314336 0.000330886
   0.989726    0.123846    0.055257    0.671335   0.0506096   0.0314336 0.000330886
   0.989726    0.123846    0.055257    0.671335   0.0506096   0.0314336 0.000330886
   0.989726    0.123846    0.055257    0.671335   0.0506096   0.0314336 0.000330886
   0.989726    0.123846    0.055257    0.671335   0.0506096   0.0314336 0.000330886
   0.989726    0.123846    0.055257    0.671335   0.0506096   0.0314336 0.000330886
   0.989726    0.123846    0.055257    0.671335   0.0506096   0.0314336 0.000330886
   0.989726    0.123846    0.055257    0.671335   0.0506096   0.0314336 0.000330886
   0.989726    0.123846    0.055257    0.671335   0.0506096   0.0314336 0.000330886
   0.989726    0.123846    0.055257    0.671335   0.0506096   0.0314336 0.000330886
   0.989726    0.123846    0.055257    0.671335   0.0506096   0.0314336 0.000330886
   0.989726    0.123846    0.055257    0.671335   0.0506096   0.0314336 0.000330886
   0.989726    0.123846    0.055257    0.671335   0.0506096   0.0314336 0.000330886
   0.989726    0.123846    0.055257    0.671335   0.0506096   0.0314336 0.000330886
   0.989726    0.123846    0.055257    0.671335   0.0506096   0.0314336 0.000330886
   0.989726    0.123846    0.055257    0.671335   0.0506096   0.0314336 0.000330886
   0.989726    0.123846    0.055257    0.671335   0.0506096   0.0314336 0.000330886
   0.989726    0.123846    0.055257    0.671335   0.0506096   0.0314336 0.000330886
   0.989726    0.123846    0.055257    0.671335   0.0506096   0.0314336 0.000330886
   0.989726    0.123846    0.055257    0.671335   0.0506096   0.0314336 0.000330886
   0.989726    0.123846    0.055257    0.671335   0.0506096   0.0314336 0.000330886
   0.989726    0.123846    0.055257    0.671335   0.0506096   0.0314336 0.000330886
   0.989726    0.123846    0.055257    0.671335   0.0506096   0.0314336 0.000330886
   0.989726    0.123846    0.055257    0.671335   0.0506096   0.0314336 0.000330886
   0.989726    0.123846    0.055257    0.671335   0.0506096   0.0314336 0.000330886
   0.989726    0.123846    0.055257    0.671335   0.0506096   0.0314336 0.000330886
   0.989726    0.123846    0.055257    0.671335   0.0506096   0.0314336 0.000330886
   0.989726    0.123846    0.055257    0.671335   0.0506096   0.0314336 0.000330886
   0.989924    0.125155   0.0548546    0.665421   0.0501977   0.0311204 0.000318661
   0.989924    0.125155   0.0548546    0.665421   0.0501977   0.0311204 0.000318661
   0.989924    0.125155   0.0548546    0.665421   0.0501977   0.0311204 0.000318661
   0.989924    0.125155   0.0548546    0.665421   0.0501977   0.0311204 0.000318661
   0.989924    0.125155   0.0548546    0.665421   0.0501977   0.0311204 0.000318661
   0.989924    0.125155   0.0548546    0.665421   0.0501977   0.0311204 0.000318661
   0.989924    0.125155   0.0548546    0.665421   0.0501977   0.0311204 0.000318661
   0.989924    0.125155   0.0548546    0.665421   0.0501977   0.0311204 0.000318661
   0.989924    0.125155   0.0548546    0.665421   0.0501977   0.0311204 0.000318661
   0.990297     0.12587   0.0543447    0.652082   0.0488485   0.0306913 0.000311195
   0.990297     0.12587   0.0543447    0.652082   0.0488485   0.0306913 0.000311195
   0.990297     0.12587   0.0543447    0.652082   0.0488485   0.0306913 0.000311195
   0.990297     0.12587   0.0543447    0.652082   0.0488485   0.0306913 0.000311195
   0.990297     0.12587   0.0543447    0.652082   0.0488485   0.0306913 0.000311195
   0.990297     0.12587   0.0543447    0.652082   0.0488485   0.0306913 0.000311083
   0.990297     0.12587   0.0543447    0.652082   0.0488485   0.0306913 0.000311083
   0.990297     0.12587   0.0543447    0.652082   0.0488485   0.0306913 0.000311083
   0.990297     0.12587   0.0543447    0.652082   0.0488485   0.0306913 0.000311083
   0.990297     0.12587   0.0543447    0.652082   0.0488485   0.0306913 0.000311083
   0.990297     0.12587   0.0543447    0.652082   0.0488485   0.0306913 0.000311083
   0.990297     0.12587   0.0543447    0.652082   0.0488485   0.0306913 0.000311083
   0.990297     0.12587   0.0543447    0.652082   0.0488485   0.0306913 0.000311083
   0.990297     0.12587   0.0543447    0.652082   0.0488485   0.0306913 0.000311083
   0.990297     0.12587   0.0543447    0.652082   0.0488485   0.0306913 0.000311083
   0.990297     0.12587   0.0543447    0.652082   0.0488485   0.0306913 0.000311083
   0.990297     0.12587   0.0543447    0.652082   0.0488485   0.0306913 0.000311083
   0.990297     0.12587   0.0543447    0.652082   0.0488485   0.0306913 0.000311083
   0.990297     0.12587   0.0543447    0.652082   0.0488485   0.0306913 0.000311083
   0.990297     0.12587   0.0543447    0.652082   0.0488485   0.0306913 0.000311083
   0.990297     0.12587   0.0543447    0.652082   0.0488485   0.0306913 0.000311083
   0.990297     0.12587   0.0543447    0.652082   0.0488485   0.0306913 0.000311083
   0.990297     0.12587   0.0543447    0.652082   0.0488485   0.0306913 0.000311083
   0.990297     0.12587   0.0543447    0.652082   0.0488485   0.0306913 0.000311083
   0.990297     0.12587   0.0543447    0.652082   0.0488485   0.0306913 0.000311083
   0.990297     0.12587   0.0543447    0.652082   0.0488485   0.0306913 0.000311083
   0.990297     0.12587   0.0543447    0.652082   0.0488485   0.0306913 0.000311083
   0.990297     0.12587   0.0543447    0.652082   0.0488485   0.0306913 0.000311083
   0.990297     0.12587   0.0543447    0.652082   0.0488485   0.0306913 0.000311083
   0.990297     0.12587   0.0543447    0.652082   0.0488485   0.0306913 0.000311083
   0.990297     0.12587   0.0543447    0.652082   0.0488485   0.0306913 0.000311083
   0.990297     0.12587   0.0543447    0.652082   0.0488485   0.0306913 0.000311083
   0.990297     0.12587   0.0543447    0.652082   0.0488485   0.0306913 0.000311083
   0.990297     0.12587   0.0543447    0.652082   0.0488485   0.0306913 0.000311083
   0.990297     0.12587   0.0543447    0.652082   0.0488485   0.0306913 0.000311083
   0.990297     0.12587   0.0543447    0.652082   0.0488485   0.0306913 0.000311083
   0.990297     0.12587   0.0543447    0.652082   0.0488485   0.0306913 0.000311083
   0.990297     0.12587   0.0543447    0.652082   0.0488485   0.0306913 0.000311083
   0.990297     0.12587   0.0543447    0.652082   0.0488485   0.0306913 0.000311083
   0.990297     0.12587   0.0543447    0.652082   0.0488485   0.0306913 0.000311083
   0.990297     0.12587   0.0543447    0.652082   0.0488485   0.0306913 0.000311083
   0.990297     0.12587   0.0543447    0.652082   0.0488485   0.0306913 0.000311083
   0.990297     0.12587   0.0543447    0.652082   0.0488485   0.0306913 0.000311083
   0.991711    0.126349   0.0537684    0.631848   0.0465384   0.0301395 0.000307596
   0.991711    0.126349   0.0537684    0.631848   0.0465384   0.0301395 0.000307596
   0.991711    0.126349   0.0537684    0.631848   0.0465384   0.0301395 0.000307596
   0.991711    0.126349   0.0537684    0.631848   0.0465384   0.0301395 0.000307596
   0.991711    0.126349   0.0537684    0.631848   0.0465384   0.0301395 0.000307596
   0.991711    0.126349   0.0537684    0.631848   0.0465384   0.0301395 0.000307596
   0.991711    0.126349   0.0537684    0.631848   0.0465384   0.0301395 0.000307596
   0.991711    0.126349   0.0537684    0.631848   0.0465384   0.0301395 0.000307596
   0.991711    0.126349   0.0537684    0.631848   0.0465384   0.0301395 0.000307596
   0.991711    0.126349   0.0537684    0.631848   0.0465384   0.0301395 0.000307596
   0.991711    0.126349   0.0537684    0.631848   0.0465384   0.0301395 0.000307596
   0.991711    0.126349   0.0537684    0.631848   0.0465384   0.0301395 0.000307596
   0.991711    0.126349   0.0537684    0.631848   0.0465384   0.0301395 0.000307596
   0.991711    0.126349   0.0537684    0.631848   0.0465384   0.0301395 0.000307583
   0.991711    0.126349   0.0537684    0.631848   0.0465384   0.0301395 0.000307583
   0.991711    0.126349   0.0537684    0.631848   0.0465384   0.0301395 0.000307583
   0.991711    0.126349   0.0537684    0.631848   0.0465384   0.0301395 0.000307583
   0.991711    0.126349   0.0537684    0.631848   0.0465384   0.0301395 0.000307583
   0.991711    0.126349   0.0537684    0.631848   0.0465384   0.0301395 0.000307583
   0.991711    0.126349   0.0537684    0.631848   0.0465384   0.0301395 0.000307583
   0.991711    0.126349   0.0537684    0.631848   0.0465384   0.0301395 0.000307583
   0.991711    0.126349   0.0537684    0.631848   0.0465384   0.0301395 0.000307583
   0.991711    0.126349   0.0537684    0.631848   0.0465384   0.0301395 0.000307583
   0.991711    0.126349   0.0537684    0.631848   0.0465384   0.0301395 0.000307583
   0.991711    0.126349   0.0537684    0.631848   0.0465384   0.0301395 0.000307583
   0.991711    0.126349   0.0537684    0.631848   0.0465384   0.0301395 0.000307583
   0.991711    0.126349   0.0537684    0.631848   0.0465384   0.0301395 0.000307583
   0.991711    0.126349   0.0537684    0.631848   0.0465384   0.0301395 0.000307583
   0.991711    0.126349   0.0537684    0.631848   0.0465384   0.0301395 0.000307583
   0.991711    0.126349   0.0537684    0.631848   0.0465384   0.0301395 0.000307583
   0.991711    0.126349   0.0537684    0.631848   0.0465384   0.0301395 0.000307583
   0.991711    0.126349   0.0537684    0.631848   0.0465384   0.0301395 0.000307583
   0.991711    0.126349   0.0537684    0.631848   0.0465384   0.0301395 0.000307583
   0.991711    0.126349   0.0537684    0.631848   0.0465384   0.0301395 0.000307583
   0.991711    0.126349   0.0537684    0.631848   0.0465384   0.0301395 0.000307583
   0.991711    0.126349   0.0537684    0.631848   0.0465384   0.0301395 0.000307583
   0.991711    0.126349   0.0537684    0.631848   0.0465384   0.0301395 0.000307583
   0.991711    0.126349   0.0537684    0.631848   0.0465384   0.0301395 0.000307583
   0.991711    0.126349   0.0537684    0.631848   0.0465384   0.0301395 0.000307583
   0.991711    0.126349   0.0537684    0.631848   0.0465384   0.0301395 0.000307583
   0.991711    0.126349   0.0537684    0.631848   0.0465384   0.0301395 0.000307583
   0.991711    0.126349   0.0537684    0.631848   0.0465384   0.0301395 0.000307583
   0.991711    0.126349   0.0537684    0.631848   0.0465384   0.0301395 0.000307583
   0.991711    0.126349   0.0537684    0.631848   0.0465384   0.0301395 0.000307583
   0.991711    0.126349   0.0537684    0.631848   0.0465384   0.0301395 0.000307583
   0.991711    0.126349   0.0537684    0.631848   0.0465384   0.0301395 0.000307583
   0.991711    0.126349   0.0537684    0.631848   0.0465384   0.0301395 0.000307583
   0.991711    0.126349   0.0537684    0.631848   0.0465384   0.0301395 0.000307583
   0.991723     0.12625   0.0537277    0.631524    0.046533   0.0301067 0.000307437
   0.991723     0.12625   0.0537277    0.631524    0.046533   0.0301067 0.000307437
   0.991723     0.12625   0.0537277    0.631524    0.046533   0.0301067 0.000307437
   0.991723     0.12625   0.0537277    0.631524    0.046533   0.0301067 0.000307437
   0.991723     0.12625   0.0537277    0.631524    0.046533   0.0301067 0.000307437
   0.991723     0.12625   0.0537277    0.631524    0.046533   0.0301067 0.000307437
   0.991723     0.12625   0.0537277    0.631524    0.046533   0.0301067 0.000307437
   0.991723     0.12625   0.0537277    0.631524    0.046533   0.0301067 0.000307437
   0.991723     0.12625   0.0537277    0.631524    0.046533   0.0301067 0.000307437
   0.991723     0.12625   0.0537277    0.631524    0.046533   0.0301067 0.000307437
   0.991723     0.12625   0.0537277    0.631524    0.046533   0.0301067 0.000307437
   0.991723     0.12625   0.0537277    0.631524    0.046533   0.0301067 0.000307437
   0.991723     0.12625   0.0537277    0.631524    0.046533   0.0301067 0.000307437
   0.991723     0.12625   0.0537277    0.631524    0.046533   0.0301067 0.000307437
   0.991723     0.12625   0.0537277    0.631524    0.046533   0.0301067 0.000307437
   0.991723     0.12625   0.0537277    0.631524    0.046533   0.0301067 0.000307437
   0.991723     0.12625   0.0537277    0.631524    0.046533   0.0301067 0.000307422
   0.991723     0.12625   0.0537277    0.631524    0.046533   0.0301067 0.000307422
   0.991723     0.12625   0.0537277    0.631524    0.046533   0.0301067 0.000307422
   0.991723     0.12625   0.0537277    0.631524    0.046533   0.0301067 0.000307422
   0.991723     0.12625   0.0537277    0.631524    0.046533   0.0301067 0.000307422
   0.991723     0.12625   0.0537277    0.631524    0.046533   0.0301067 0.000307422
   0.991723     0.12625   0.0537277    0.631524    0.046533   0.0301067 0.000307422
   0.991723     0.12625   0.0537277    0.631524    0.046533   0.0301067 0.000307422
   0.991723     0.12625   0.0537277    0.631524    0.046533   0.0301067 0.000307422
   0.991723     0.12625   0.0537277    0.631524    0.046533   0.0301067 0.000307422
   0.991723     0.12625   0.0537277    0.631524    0.046533   0.0301067 0.000307422
   0.991742    0.126188   0.0536842    0.631515   0.0466366   0.0300982 0.000307317
   0.991742    0.126188   0.0536842    0.631515   0.0466366   0.0300982 0.000307317
   0.991742    0.126188   0.0536842    0.631515   0.0466366   0.0300982 0.000307317
   0.991742    0.126188   0.0536842    0.631515   0.0466366   0.0300982 0.000307317
   0.991742    0.126188   0.0536842    0.631515   0.0466366   0.0300982 0.000307317
   0.991742    0.126188   0.0536842    0.631515   0.0466366   0.0300982 0.000307317
   0.991742    0.126188   0.0536842    0.631515   0.0466366   0.0300982 0.000307317
   0.991742    0.126188   0.0536842    0.631515   0.0466366   0.0300982 0.000307317
   0.991742    0.126188   0.0536842    0.631515   0.0466366   0.0300982 0.000307317
   0.991742    0.126188   0.0536842    0.631515   0.0466366   0.0300982 0.000307317
   0.991743    0.126191   0.0536761     0.63149   0.0466312    0.030095 0.000306976
   0.991743    0.126191   0.0536761     0.63149   0.0466312    0.030095 0.000306976
   0.991743    0.126191   0.0536761     0.63149   0.0466312    0.030095 0.000306976
   0.991743    0.126191   0.0536761     0.63149   0.0466312    0.030095 0.000306976
   0.991744    0.126186   0.0536745    0.631509   0.0466277    0.030095 0.000306937
   0.991744    0.126186   0.0536745    0.631509   0.0466277    0.030095 0.000306937
   0.991744    0.126186   0.0536745    0.631509   0.0466277    0.030095 0.000306937
   0.991744    0.126186   0.0536745    0.631509   0.0466277    0.030095 0.000306937
   0.991744    0.126186   0.0536745    0.631509   0.0466277    0.030095 0.000306937
   0.991744    0.126186   0.0536745    0.631509   0.0466277    0.030095 0.000306937
   0.991744    0.126186   0.0536745    0.631509   0.0466277    0.030095 0.000306937
   0.991744    0.126186   0.0536745    0.631509   0.0466277    0.030095 0.000306937
   0.991744    0.126186   0.0536745    0.631509   0.0466277    0.030095 0.000306937
   0.991744    0.126186   0.0536745    0.631509   0.0466277    0.030095 0.000306937
   0.991744    0.126186   0.0536745    0.631509   0.0466277    0.030095 0.000306937
   0.991744    0.126186   0.0536745    0.631509   0.0466277    0.030095 0.000306937
   0.991744    0.126186   0.0536745    0.631509   0.0466277    0.030095 0.000306937
   0.991744    0.126186   0.0536745    0.631509   0.0466277    0.030095 0.000306937
   0.991744    0.126186   0.0536745    0.631509   0.0466277    0.030095 0.000306937
   0.991744    0.126186   0.0536745    0.631509   0.0466277    0.030095 0.000306937
   0.991744    0.126186   0.0536745    0.631509   0.0466277    0.030095 0.000306937
   0.991744    0.126186   0.0536745    0.631509   0.0466277    0.030095 0.000306937
   0.991744    0.126186   0.0536745    0.631509   0.0466277    0.030095 0.000306937
   0.991744    0.126186   0.0536745    0.631509   0.0466277    0.030095 0.000306937
   0.991744    0.126186   0.0536745    0.631509   0.0466277    0.030095 0.000306937
   0.991744    0.126186   0.0536745    0.631509   0.0466277    0.030095 0.000306937
   0.991744    0.126186   0.0536745    0.631509   0.0466277    0.030095 0.000306937
   0.991744    0.126186   0.0536745    0.631509   0.0466277    0.030095 0.000306937
   0.991744    0.126186   0.0536745    0.631509   0.0466277    0.030095 0.000306937
   0.991744    0.126186   0.0536745    0.631509   0.0466277    0.030095 0.000306937
truk:  0.515996 0.0603199  0.103199  0.896801   0.05516 0.0722394
total difference b/w truk and final GBVEC:0.305355
CODE FINISHED RUNNING IN 15168 s TIME!
Job Statistics for 1523910:
           JobID       User               Start                 End    Elapsed     MaxRSS   TotalCPU      State Exit        NodeList                                  ReqTRES 
---------------- ---------- ------------------- ------------------- ---------- ---------- ---------- ---------- ---- --------------- ---------------------------------------- 
         1523910   rsjxw007 2021-08-06T16:38:16 2021-08-06T20:51:05   04:12:49              04:11:26  COMPLETED  0:0   r1pl-hpcf-n21         billing=1,cpu=1,mem=7812M,node=1 
   1523910.batch            2021-08-06T16:38:16 2021-08-06T20:51:05   04:12:49      6.76M   04:11:26  COMPLETED  0:0   r1pl-hpcf-n21                                          
  1523910.extern            2021-08-06T16:38:16 2021-08-06T20:51:05   04:12:49          0  00:00.001  COMPLETED  0:0   r1pl-hpcf-n21                                          
CPU Efficiency: 99.46% of 04:12:49 core-walltime
