PSO_S_ODE_NonLinear
Using two part PSOSample Size:100 with:27 moments.
Using Record Time:29.07
Bounds for Uniform Distribution (0,1)
Blind PSO --> nParts:300 Nsteps:15
Targeted PSO --> nParts:20 Nsteps:200
mu: 80 120  85
covarMat:
 50   0   0
  0 100   0
  0   0  50

Yt:  3.79859   2.96187   2.50048  0.123432   5.58579   3.33108   48.8876   40.9256   13.3436 0.0182359   72.7685   23.8985  0.783393   9.73029  0.647505   11.1612   13.5346   8.76658  0.139806    49.832   11.0702  0.334173   22.4443   17.8419  0.492215  0.453101   29.3652
seedk:0.872187 0.881674  0.52802 0.795639 0.754647 0.734048| cost:37444.3
Xt: 3.44228  5.10265  2.42325 0.503834  8.02973  1.74311   42.264  128.511  15.4772  0.32234  203.474  8.00836  3.91664  10.6335  2.63633  17.1865  7.64896  26.6428  1.42549  156.579  19.1649  1.51365  43.6337  11.1331  3.26148  1.08881  31.3868
PSO begins!
GBMAT from targeted PSO:

 0.872187  0.881674   0.52802  0.795639  0.754647  0.734048   37444.3
 0.872187  0.881674   0.52802  0.795639  0.754647  0.734048   37444.3
 0.921521  0.186516  0.641403  0.227996  0.256611  0.240397   4006.42
 0.900969  0.245296  0.667651   0.28769  0.274883    0.2431   3933.43
 0.880027  0.299316  0.458262  0.465752  0.522261   0.15998   3846.77
 0.880027  0.299316  0.458262  0.465752  0.522261   0.15998   3846.77
 0.795813  0.225614  0.545223  0.367432  0.546353  0.187565   3810.66
 0.867483  0.225614  0.545223  0.367432  0.546353  0.187565   3796.15
 0.867483  0.225614  0.545223  0.367432  0.546353  0.187565   3796.15
 0.886496  0.185169  0.440865  0.350673  0.489535  0.150148   3784.58
  0.85644  0.156972   0.47078  0.311521  0.480379  0.160719   3774.71
 0.873706  0.145113  0.483679  0.282801  0.484414  0.166473   3768.64
 0.892662  0.114176  0.499222  0.271833  0.451405  0.171784   3761.95
 0.888834  0.121678  0.458473  0.278646  0.456543   0.15734   3760.64
 0.878245 0.0802375  0.491874  0.278912  0.453084  0.170627   3757.88
 0.894941 0.0448653  0.488434  0.293765  0.507341  0.168245   3749.23

truk:  0.515996 0.0603199  0.103199  0.896801   0.05516 0.0722394
total difference b/w truk and final GBVEC0.869582

targeted PSO has started!
Updating Weight Matrix!
GBVEC AND COST: 0.894941 0.0448653  0.488434  0.293765  0.507341  0.168245   3749.23
Chkpt reached!
new weight matrix:
  0.0115219           0           0           0           0           0           0           0           0           0           0           0           0           0           0           0           0           0           0           0           0           0           0           0           0           0           0
          0   0.0121004           0           0           0           0           0           0           0           0           0           0           0           0           0           0           0           0           0           0           0           0           0           0           0           0           0
          0           0   0.0824288           0           0           0           0           0           0           0           0           0           0           0           0           0           0           0           0           0           0           0           0           0           0           0           0
          0           0           0     1.46143           0           0           0           0           0           0           0           0           0           0           0           0           0           0           0           0           0           0           0           0           0           0           0
          0           0           0           0  0.00890778           0           0           0           0           0           0           0           0           0           0           0           0           0           0           0           0           0           0           0           0           0           0
          0           0           0           0           0   0.0183151           0           0           0           0           0           0           0           0           0           0           0           0           0           0           0           0           0           0           0           0           0
          0           0           0           0           0           0 1.23716e-05           0           0           0           0           0           0           0           0           0           0           0           0           0           0           0           0           0           0           0           0
          0           0           0           0           0           0           0 1.48763e-05           0           0           0           0           0           0           0           0           0           0           0           0           0           0           0           0           0           0           0
          0           0           0           0           0           0           0           0 0.000273264           0           0           0           0           0           0           0           0           0           0           0           0           0           0           0           0           0           0
          0           0           0           0           0           0           0           0           0   0.0874122           0           0           0           0           0           0           0           0           0           0           0           0           0           0           0           0           0
          0           0           0           0           0           0           0           0           0           0 6.11672e-06           0           0           0           0           0           0           0           0           0           0           0           0           0           0           0           0
          0           0           0           0           0           0           0           0           0           0           0 9.02157e-06           0           0           0           0           0           0           0           0           0           0           0           0           0           0           0
          0           0           0           0           0           0           0           0           0           0           0           0    0.402988           0           0           0           0           0           0           0           0           0           0           0           0           0           0
          0           0           0           0           0           0           0           0           0           0           0           0           0  0.00112791           0           0           0           0           0           0           0           0           0           0           0           0           0
          0           0           0           0           0           0           0           0           0           0           0           0           0           0  0.00357651           0           0           0           0           0           0           0           0           0           0           0           0
          0           0           0           0           0           0           0           0           0           0           0           0           0           0           0 0.000523559           0           0           0           0           0           0           0           0           0           0           0
          0           0           0           0           0           0           0           0           0           0           0           0           0           0           0           0 0.000215753           0           0           0           0           0           0           0           0           0           0
          0           0           0           0           0           0           0           0           0           0           0           0           0           0           0           0           0 0.000240224           0           0           0           0           0           0           0           0           0
          0           0           0           0           0           0           0           0           0           0           0           0           0           0           0           0           0           0   0.0147925           0           0           0           0           0           0           0           0
          0           0           0           0           0           0           0           0           0           0           0           0           0           0           0           0           0           0           0 1.03638e-05           0           0           0           0           0           0           0
          0           0           0           0           0           0           0           0           0           0           0           0           0           0           0           0           0           0           0           0 3.31621e-05           0           0           0           0           0           0
          0           0           0           0           0           0           0           0           0           0           0           0           0           0           0           0           0           0           0           0           0   0.0218065           0           0           0           0           0
          0           0           0           0           0           0           0           0           0           0           0           0           0           0           0           0           0           0           0           0           0           0 7.25611e-05           0           0           0           0
          0           0           0           0           0           0           0           0           0           0           0           0           0           0           0           0           0           0           0           0           0           0           0 6.08168e-05           0           0           0
          0           0           0           0           0           0           0           0           0           0           0           0           0           0           0           0           0           0           0           0           0           0           0           0  0.00443777           0           0
          0           0           0           0           0           0           0           0           0           0           0           0           0           0           0           0           0           0           0           0           0           0           0           0           0  0.00261756           0
          0           0           0           0           0           0           0           0           0           0           0           0           0           0           0           0           0           0           0           0           0           0           0           0           0           0 1.08777e-05

New PBMAT:
   0.892448   0.0314782    0.456419    0.200282    0.247263    0.100601     7.15786
   0.983943   0.0828858     0.27202    0.167046    0.441973   0.0543016     15.0288
   0.984855 3.76754e-05    0.607747    0.225354    0.719505    0.443755     8.37853
   0.999642   0.0202511    0.783229    0.206142    0.579507     0.11679     26.0739
   0.712229 8.85187e-11    0.370468    0.146714    0.509484    0.108288     17.8835
   0.972331 0.000262262    0.305569     0.26437    0.430494   0.0859784     6.34807
    0.82487   0.0951552    0.506164    0.589825    0.381139    0.123061     2.31458
   0.873437    0.201767    0.278663    0.125035    0.401731    0.198381     7.76417
   0.993441 9.28372e-12    0.643544    0.125996    0.535579  0.00117858     82.0704
   0.850912 8.54767e-15    0.144871    0.275573    0.626652    0.295616     1.64992
   0.951465 9.07007e-06    0.220085    0.327027    0.543712    0.192565     2.04775
   0.463741 8.30479e-05    0.596752     0.23204    0.744035   0.0418257     39.6268
   0.927989   0.0800772     0.32461    0.448552     0.53134     0.69168     1.36627
   0.939667   0.0284778    0.328713    0.177971    0.492042   0.0821645     14.4636
   0.867721 3.50013e-05    0.394773    0.334044    0.668222    0.262223     3.74109
   0.934099  0.00873535    0.370442    0.338033    0.340239   0.0607283     5.89096
          1 1.98451e-12    0.358857    0.472383    0.702616      0.2194     2.43985
   0.990777 9.58738e-10    0.503078    0.108497    0.236973    0.278162     10.6557
   0.527067 0.000483267    0.441865    0.398765    0.315116   0.0639144     4.75234
   0.980969 3.47426e-07    0.425744    0.156436     0.46194    0.329237     7.84922

underflow!3.76754e-05
pos   0.984855 3.76754e-05    0.607747    0.225354    0.719505    0.443755
underflow!9.28372e-12
pos   0.993441 9.28372e-12    0.643544    0.125996    0.535579  0.00117858
underflow!8.54767e-15
pos   0.850912 8.54767e-15    0.144871    0.275573    0.626652    0.295616
underflow!9.07007e-06
pos   0.951465 9.07007e-06    0.220085    0.327027    0.543712    0.192565
underflow!3.50013e-05
pos   0.867721 3.50013e-05    0.394773    0.334044    0.668222    0.262223
underflow!-0.609811
pos  1.28408  0.479386 -0.609811  0.277181   1.95644 0.0936989
overflow!
slurmstepd: error: *** JOB 1523064 ON r1pl-hpcf-n21 CANCELLED AT 2021-08-05T09:13:42 ***
Job Statistics for 1523064:
           JobID       User               Start                 End    Elapsed     MaxRSS   TotalCPU      State Exit        NodeList                                  ReqTRES 
---------------- ---------- ------------------- ------------------- ---------- ---------- ---------- ---------- ---- --------------- ---------------------------------------- 
         1523064   rsjxw007 2021-08-05T08:53:55 2021-08-05T09:13:41   00:19:46             19:25.040 CANCELLED+  0:0   r1pl-hpcf-n21         billing=1,cpu=1,mem=7812M,node=1 
   1523064.batch            2021-08-05T08:53:55 2021-08-05T09:13:43   00:19:48      1.18M  19:25.038  CANCELLED 0:15   r1pl-hpcf-n21                                          
  1523064.extern            2021-08-05T08:53:55 2021-08-05T09:13:42   00:19:47          0  00:00.001  COMPLETED  0:0   r1pl-hpcf-n21                                          
CPU Efficiency: 98.23% of 00:19:46 core-walltime
