PSO_S_ODE_NonLinear
Using two part PSO Sample Size:1000 with:27 moments.
Using Record Time:38.76
Bounds for Uniform Distribution (0,1)
Blind PSO --> nParts:300 Nsteps:10
Targeted PSO --> nParts:10 Nsteps:200
mu: 80 120  85
covarMat:
 50   0   0
  0 100   0
  0   0  50

Yt:  4.19836   3.69396   2.43792  0.127133   6.25901   3.38673   61.5149   131.174   11.3804 0.0191248   170.732   22.0444  0.770294   11.5588  0.719858   13.0489   16.4245   13.6095  0.145635   144.929   18.3056  0.323954   25.3139    15.834  0.488713  0.454687   34.5943
seedk: 0.853678   0.11618  0.937263 0.0131334  0.845699  0.164634| cost:47296.8
Xt: 6.02847 0.560541 0.255654   7.3882   8.2044  1.43655  79.3986  35.5724 0.394674  98.2192  160.959  12.4461 0.315342  1.59693  47.5937   49.506   9.0867  1.03183  7.13509  43.7393  5.59639  5.21967  6.64618  2.21497  110.574  29.3777  37.1891
PSO begins!
GBMAT from targeted PSO:

 0.853678   0.11618  0.937263 0.0131334  0.845699  0.164634   47296.8
 0.853678   0.11618  0.937263 0.0131334  0.845699  0.164634   47296.8
 0.701948  0.292441   0.78628  0.900392  0.121037  0.691221    304.38
 0.244632  0.615684  0.251177  0.794025  0.132968  0.185091    275.56
 0.269625  0.588781  0.263223  0.802994  0.129766  0.198814   268.171
  0.37021  0.584192  0.322723  0.810962  0.164603  0.257137   265.772
  0.37021  0.584192  0.322723  0.810962  0.164603  0.257137   265.772
  0.37021  0.584192  0.322723  0.810962  0.164603  0.257137   265.772
 0.467026  0.706544  0.406703  0.856438 0.0773453  0.326397   264.344
 0.426604  0.626144  0.404063  0.885451  0.072005  0.318354    263.91
 0.451981  0.721671  0.322946  0.845564 0.0827245  0.257313   262.486

truk:  0.515996 0.0603199  0.103199  0.896801   0.05516 0.0722394
total difference b/w truk and final GBVEC0.527409

targeted PSO has started!
Updating Weight Matrix!
GBVEC AND COST: 0.451981  0.721671  0.322946  0.845564 0.0827245  0.257313   262.486
Chkpt reached!
new weight matrix:
  0.0127106           0           0           0           0           0           0           0           0           0           0           0           0           0           0           0           0           0           0           0           0           0           0           0           0           0           0
          0  0.00436186           0           0           0           0           0           0           0           0           0           0           0           0           0           0           0           0           0           0           0           0           0           0           0           0           0
          0           0    0.095789           0           0           0           0           0           0           0           0           0           0           0           0           0           0           0           0           0           0           0           0           0           0           0           0
          0           0           0     71.6205           0           0           0           0           0           0           0           0           0           0           0           0           0           0           0           0           0           0           0           0           0           0           0
          0           0           0           0   0.0038441           0           0           0           0           0           0           0           0           0           0           0           0           0           0           0           0           0           0           0           0           0           0
          0           0           0           0           0   0.0540633           0           0           0           0           0           0           0           0           0           0           0           0           0           0           0           0           0           0           0           0           0
          0           0           0           0           0           0 8.23862e-06           0           0           0           0           0           0           0           0           0           0           0           0           0           0           0           0           0           0           0           0
          0           0           0           0           0           0           0  3.5584e-07           0           0           0           0           0           0           0           0           0           0           0           0           0           0           0           0           0           0           0
          0           0           0           0           0           0           0           0   0.0005145           0           0           0           0           0           0           0           0           0           0           0           0           0           0           0           0           0           0
          0           0           0           0           0           0           0           0           0     446.304           0           0           0           0           0           0           0           0           0           0           0           0           0           0           0           0           0
          0           0           0           0           0           0           0           0           0           0 3.08953e-07           0           0           0           0           0           0           0           0           0           0           0           0           0           0           0           0
          0           0           0           0           0           0           0           0           0           0           0  0.00015207           0           0           0           0           0           0           0           0           0           0           0           0           0           0           0
          0           0           0           0           0           0           0           0           0           0           0           0   0.0384338           0           0           0           0           0           0           0           0           0           0           0           0           0           0
          0           0           0           0           0           0           0           0           0           0           0           0           0 0.000495721           0           0           0           0           0           0           0           0           0           0           0           0           0
          0           0           0           0           0           0           0           0           0           0           0           0           0           0     0.13966           0           0           0           0           0           0           0           0           0           0           0           0
          0           0           0           0           0           0           0           0           0           0           0           0           0           0           0 0.000416231           0           0           0           0           0           0           0           0           0           0           0
          0           0           0           0           0           0           0           0           0           0           0           0           0           0           0           0 0.000268581           0           0           0           0           0           0           0           0           0           0
          0           0           0           0           0           0           0           0           0           0           0           0           0           0           0           0           0  0.00014238           0           0           0           0           0           0           0           0           0
          0           0           0           0           0           0           0           0           0           0           0           0           0           0           0           0           0           0     2.42784           0           0           0           0           0           0           0           0
          0           0           0           0           0           0           0           0           0           0           0           0           0           0           0           0           0           0           0 3.32421e-07           0           0           0           0           0           0           0
          0           0           0           0           0           0           0           0           0           0           0           0           0           0           0           0           0           0           0           0 8.44359e-05           0           0           0           0           0           0
          0           0           0           0           0           0           0           0           0           0           0           0           0           0           0           0           0           0           0           0           0     1.43176           0           0           0           0           0
          0           0           0           0           0           0           0           0           0           0           0           0           0           0           0           0           0           0           0           0           0           0 8.69237e-05           0           0           0           0
          0           0           0           0           0           0           0           0           0           0           0           0           0           0           0           0           0           0           0           0           0           0           0 0.000281543           0           0           0
          0           0           0           0           0           0           0           0           0           0           0           0           0           0           0           0           0           0           0           0           0           0           0           0    0.688798           0           0
          0           0           0           0           0           0           0           0           0           0           0           0           0           0           0           0           0           0           0           0           0           0           0           0           0    0.851117           0
          0           0           0           0           0           0           0           0           0           0           0           0           0           0           0           0           0           0           0           0           0           0           0           0           0           0 5.11791e-05

New PBMAT:
   0.718609    0.757865    0.382299    0.901637   0.0233389    0.292677      1.9747
   0.435435    0.923568    0.328649    0.629761   0.0554241    0.448413      4.5749
   0.505613    0.910615     0.24117    0.961213  0.00357449    0.102315    0.549901
   0.535743    0.764905    0.474658    0.621011  0.00249908      0.1075     10.4884
   0.426957    0.734109    0.349856    0.809013  0.00431903    0.515531     2.36988
   0.366791    0.718795    0.233344    0.954691  0.00465968    0.239744      1.2476
   0.468139    0.754857     0.31688    0.867644 2.03788e-05    0.158375    0.816008
    0.62855    0.631963    0.436488     0.92047  0.00332839    0.337324     2.28214
   0.333201    0.515084    0.110363    0.937558    0.435614   0.0998587     5.77526
   0.493402    0.672944    0.339762    0.553268    0.113247    0.198482     21.4546

underflow!0.00084445
pos  0.229237   0.728325   0.227263   0.976215 0.00084445  0.0638939
underflow!0.000652967
pos   0.578637    0.352405    0.387791    0.911805 0.000652967    0.251367
underflow!0.00044628
pos  0.563667   0.450279   0.379222   0.909435 0.00044628   0.240299
underflow!0.00015083
pos  0.474054   0.788418   0.443856   0.666466 0.00015083  0.0963165
underflow!0.000543404
pos   0.457149    0.487273    0.318256    0.892572 0.000543404    0.161546
underflow!0.000646035
pos   0.588207    0.887691     0.12763    0.980329 0.000646035    0.122236
underflow!0.000792212
pos   0.505042    0.677241   0.0795837    0.983339 0.000792212    0.135306
underflow!0.000244716
pos   0.722873    0.419345    0.476171    0.906051 0.000244716    0.417948
underflow!0.000199511
pos   0.723263    0.850418    0.150514    0.756917 0.000199511   0.0248136
underflow!0.000115557
pos     0.4734    0.776772    0.438999     0.67521 0.000115557   0.0675447
underflow!0.000392569
pos   0.590067    0.487312    0.318191    0.892628 0.000392569    0.188823
underflow!0.000251753
pos    0.46565    0.751332    0.411553    0.781615 0.000251753   0.0453399
underflow!0.000889932
pos    0.43617    0.567008    0.341306    0.918031 0.000889932    0.268936
underflow!0.000503658
pos   0.434141    0.580067    0.205041    0.987716 0.000503658   0.0512107
underflow!0.000628723
pos    0.48444    0.499553    0.298418    0.909823 0.000628723    0.154287
underflow!0.000501705
pos   0.435849    0.562521    0.483216    0.943408 0.000501705    0.465504
underflow!0.000376657
pos    0.57865    0.761884    0.378938    0.986903 0.000376657    0.141585
underflow!0.000670158
pos   0.468248    0.588437    0.229172    0.959814 0.000670158   0.0425328
underflow!0.00057764
pos  0.406748   0.703143   0.359535   0.517496 0.00057764  0.0569421
underflow!0.000516161
pos   0.515763    0.621505    0.321275    0.954079 0.000516161     0.15645
underflow!0.000198926
pos   0.706728    0.777749    0.360658    0.616462 0.000198926   0.0565262
underflow!0.000270417
pos   0.585972    0.521029    0.309268    0.770969 0.000270417   0.0651975
underflow!0.000783911
pos   0.582541    0.607918    0.359295     0.89253 0.000783911    0.166612
underflow!0.000336886
pos   0.422712    0.578144    0.302686    0.937532 0.000336886    0.105336
underflow!0.000756872
pos   0.530496    0.741524    0.307326    0.936595 0.000756872    0.173535
underflow!0.000333524
pos   0.713282    0.693352    0.268945    0.973537 0.000333524    0.176971
underflow!0.000765743
pos   0.559927    0.623973     0.23882    0.972429 0.000765743    0.142791
underflow!0.000366759
pos   0.475213    0.852499    0.306339     0.96922 0.000366759    0.131966
underflow!0.000253239
pos   0.685625    0.633559    0.282936     0.90325 0.000253239    0.124392
underflow!0.000215914
pos    0.49533    0.717821    0.247341    0.975613 0.000215914    0.105751
underflow!0.00058877
pos  0.575717   0.833789   0.243974   0.835728 0.00058877   0.217283
underflow!0.000606811
pos   0.647871     0.70852    0.240453    0.915471 0.000606811    0.123072
underflow!2.44959e-05
pos   0.720537    0.590397    0.507899    0.956947 2.44959e-05    0.123594
underflow!0.000101813
pos   0.962897     0.47365    0.186156    0.965357 0.000101813   0.0356073
underflow!0.000233704
pos    0.77931    0.661812     0.24022    0.968071 0.000233704    0.125398
underflow!0.000669591
pos   0.568613    0.735862    0.296097    0.962518 0.000669591     0.17604
underflow!0.00024185
pos  0.770539   0.698582   0.243504   0.975583 0.00024185   0.183894
underflow!0.00073302
pos  0.816035   0.695138   0.193239   0.976418 0.00073302   0.109347
underflow!0.000107638
pos   0.871866    0.621697     0.22757    0.977124 0.000107638     0.11484
underflow!9.10303e-05
pos   0.638633    0.682597    0.243547    0.982759 9.10303e-05    0.119075
underflow!0.000317565
pos   0.618957    0.666846    0.267788    0.910321 0.000317565    0.287503
underflow!0.000142935
pos   0.900863      0.6712    0.296557    0.986861 0.000142935    0.144848
underflow!3.05984e-05
pos   0.665744    0.678874    0.242584    0.982474 3.05984e-05    0.118689
underflow!0.000354857
pos   0.885946    0.632646   0.0889168    0.984237 0.000354857   0.0913455
underflow!8.6248e-05
pos  0.861275   0.728959   0.230151   0.987619 8.6248e-05  0.0453682
underflow!1.99771e-05
pos   0.853605    0.649289    0.241265    0.991129 1.99771e-05    0.196525
underflow!0.000272512
pos   0.912349    0.477895    0.162484    0.990166 0.000272512    0.108081
underflow!2.3281e-05
pos   0.95842   0.702354   0.650452   0.998571 2.3281e-05   0.190498
underflow!0.000321827
pos   0.387669    0.832473    0.287932    0.984258 0.000321827    0.271814
underflow!4.32078e-06
pos   0.984158    0.875113    0.775172     0.99805 4.32078e-06    0.183808
underflow!0.000280635
pos   0.782321    0.848644     0.30695    0.915354 0.000280635   0.0641631
underflow!8.86486e-05
pos   0.912961    0.524147    0.183022    0.993764 8.86486e-05    0.120455
underflow!1.90036e-05
pos   0.930312    0.715294    0.285567    0.996543 1.90036e-05    0.159845
underflow!2.01661e-05
pos   0.913377    0.577185    0.196958     0.99794 2.01661e-05   0.0596158
underflow!5.55244e-05
pos   0.884128    0.696801     0.22503    0.980454 5.55244e-05     0.13265
underflow!1.34666e-05
pos   0.921249    0.556093    0.172782    0.996093 1.34666e-05    0.175013
underflow!0.000430355
pos   0.904967    0.865959   0.0628115     0.97933 0.000430355    0.035053
underflow!8.6271e-05
pos  0.812541   0.649071   0.227708   0.992346 8.6271e-05   0.146839
underflow!0.000503387
pos   0.693355     0.66364    0.394478    0.771748 0.000503387    0.116026
underflow!1.47842e-05
pos   0.931536    0.801483     0.29278    0.993295 1.47842e-05     0.10678
underflow!0.000714974
pos   0.904342    0.626247    0.325414     0.98879 0.000714974   0.0636839
underflow!6.55921e-05
pos   0.844946    0.693354    0.216418    0.984597 6.55921e-05    0.165163
underflow!0.000153124
pos   0.801386    0.641444    0.185743    0.989588 0.000153124    0.108287
underflow!1.96664e-05
pos   0.963075    0.832007    0.258157    0.996544 1.96664e-05   0.0507363
underflow!0.000223571
pos   0.968464    0.604844    0.417695    0.989528 0.000223571   0.0813751
underflow!0.000106173
pos   0.953065    0.595055    0.374714    0.990228 0.000106173   0.0911076
underflow!8.25312e-05
pos   0.871252    0.655655    0.519653    0.982753 8.25312e-05    0.215973
underflow!7.11608e-05
pos   0.720426    0.629195    0.220225    0.993383 7.11608e-05    0.141538
underflow!2.91159e-05
pos   0.876957    0.725578     0.22426    0.991333 2.91159e-05    0.127961
underflow!0.00016915
pos   0.93662   0.282025   0.138903   0.998089 0.00016915   0.100775
underflow!4.57987e-05
pos   0.880588    0.658551    0.342016    0.990065 4.57987e-05    0.244881
underflow!0.00029315
pos  0.819764   0.492003   0.182299    0.97015 0.00029315   0.115775
underflow!0.000600761
pos    0.92485    0.549602    0.157367    0.994019 0.000600761    0.172682
underflow!3.42625e-05
pos   0.914397    0.676709   0.0975103    0.998117 3.42625e-05   0.0795412
underflow!0.000133545
pos   0.843847    0.230003   0.0683494    0.990018 0.000133545    0.133053
underflow!0.000167093
pos   0.854992    0.492665    0.187002    0.973927 0.000167093    0.118816
underflow!0.000236676
pos   0.826762    0.591727      0.2016    0.962483 0.000236676    0.129114
underflow!1.76521e-05
pos   0.910883    0.474197    0.126234     0.99705 1.76521e-05   0.0575885
underflow!7.68546e-05
pos   0.880026    0.536193    0.203077    0.987772 7.68546e-05    0.153925
underflow!0.000109305
pos    0.90603    0.419713    0.187181    0.994855 0.000109305    0.147669
underflow!0.000247191
pos   0.877107    0.527187    0.225514    0.987204 0.000247191    0.149727
underflow!0.000319695
pos   0.946462    0.538478    0.195395    0.995025 0.000319695    0.136932
underflow!0.000132073
pos   0.901257    0.426333    0.190638    0.989879 0.000132073    0.148267
underflow!0.000305776
pos   0.873356    0.490204     0.21477     0.95474 0.000305776    0.161193
underflow!0.000255703
pos   0.929101    0.446996   0.0993258     0.99637 0.000255703   0.0605625
underflow!0.000546311
pos   0.852515    0.513879    0.171145    0.981526 0.000546311    0.214762
underflow!0.000594057
pos   0.908897    0.480718    0.219045    0.985735 0.000594057    0.153185
underflow!0.000200047
pos   0.872361    0.633987    0.261693    0.977802 0.000200047    0.111559
underflow!0.000365412
pos   0.896066    0.496203     0.41078    0.981013 0.000365412   0.0374821
underflow!0.000189158
pos   0.884095    0.489326      0.2166    0.941241 0.000189158    0.158217
underflow!0.00041037
pos   0.93683   0.449203   0.219045   0.985735 0.00041037   0.153185
underflow!8.25534e-05
pos   0.880243    0.618415     0.24715    0.827421 8.25534e-05    0.136733
underflow!9.57972e-05
pos   0.881025    0.532733    0.318098    0.994688 9.57972e-05   0.0663967
Updating Weight Matrix!
GBVEC AND COST:   0.935594    0.296258    0.208019    0.991194 0.000230374    0.158986   0.0241337
Chkpt reached!
new weight matrix:
  0.0125843           0           0           0           0           0           0           0           0           0           0           0           0           0           0           0           0           0           0           0           0           0           0           0           0           0           0
          0  0.00437929           0           0           0           0           0           0           0           0           0           0           0           0           0           0           0           0           0           0           0           0           0           0           0           0           0
          0           0   0.0894652           0           0           0           0           0           0           0           0           0           0           0           0           0           0           0           0           0           0           0           0           0           0           0           0
          0           0           0     165.857           0           0           0           0           0           0           0           0           0           0           0           0           0           0           0           0           0           0           0           0           0           0           0
          0           0           0           0  0.00387442           0           0           0           0           0           0           0           0           0           0           0           0           0           0           0           0           0           0           0           0           0           0
          0           0           0           0           0    0.048987           0           0           0           0           0           0           0           0           0           0           0           0           0           0           0           0           0           0           0           0           0
          0           0           0           0           0           0 8.25813e-06           0           0           0           0           0           0           0           0           0           0           0           0           0           0           0           0           0           0           0           0
          0           0           0           0           0           0           0 3.57459e-07           0           0           0           0           0           0           0           0           0           0           0           0           0           0           0           0           0           0           0
          0           0           0           0           0           0           0           0 0.000466236           0           0           0           0           0           0           0           0           0           0           0           0           0           0           0           0           0           0
          0           0           0           0           0           0           0           0           0     3513.53           0           0           0           0           0           0           0           0           0           0           0           0           0           0           0           0           0
          0           0           0           0           0           0           0           0           0           0 3.10399e-07           0           0           0           0           0           0           0           0           0           0           0           0           0           0           0           0
          0           0           0           0           0           0           0           0           0           0           0 0.000133228           0           0           0           0           0           0           0           0           0           0           0           0           0           0           0
          0           0           0           0           0           0           0           0           0           0           0           0    0.459494           0           0           0           0           0           0           0           0           0           0           0           0           0           0
          0           0           0           0           0           0           0           0           0           0           0           0           0 0.000494263           0           0           0           0           0           0           0           0           0           0           0           0           0
          0           0           0           0           0           0           0           0           0           0           0           0           0           0    0.361922           0           0           0           0           0           0           0           0           0           0           0           0
          0           0           0           0           0           0           0           0           0           0           0           0           0           0           0 0.000454621           0           0           0           0           0           0           0           0           0           0           0
          0           0           0           0           0           0           0           0           0           0           0           0           0           0           0           0 0.000260179           0           0           0           0           0           0           0           0           0           0
          0           0           0           0           0           0           0           0           0           0           0           0           0           0           0           0           0  0.00014211           0           0           0           0           0           0           0           0           0
          0           0           0           0           0           0           0           0           0           0           0           0           0           0           0           0           0           0     8.80973           0           0           0           0           0           0           0           0
          0           0           0           0           0           0           0           0           0           0           0           0           0           0           0           0           0           0           0 3.33936e-07           0           0           0           0           0           0           0
          0           0           0           0           0           0           0           0           0           0           0           0           0           0           0           0           0           0           0           0 8.11216e-05           0           0           0           0           0           0
          0           0           0           0           0           0           0           0           0           0           0           0           0           0           0           0           0           0           0           0           0     3.07388           0           0           0           0           0
          0           0           0           0           0           0           0           0           0           0           0           0           0           0           0           0           0           0           0           0           0           0 8.59918e-05           0           0           0           0
          0           0           0           0           0           0           0           0           0           0           0           0           0           0           0           0           0           0           0           0           0           0           0 0.000250022           0           0           0
          0           0           0           0           0           0           0           0           0           0           0           0           0           0           0           0           0           0           0           0           0           0           0           0     2.11782           0           0
          0           0           0           0           0           0           0           0           0           0           0           0           0           0           0           0           0           0           0           0           0           0           0           0           0     1.64841           0
          0           0           0           0           0           0           0           0           0           0           0           0           0           0           0           0           0           0           0           0           0           0           0           0           0           0 4.86282e-05

underflow!3.3206e-14
pos  0.993756   0.226779  0.0588968 0.00677672 3.3206e-14   0.226217
underflow!0.000111217
pos   0.965598    0.301365    0.287424    0.997013 0.000111217    0.143256
underflow!5.92109e-05
pos   0.838473    0.372816    0.273529    0.997737 5.92109e-05   0.0995695
underflow!4.70792e-05
pos   0.985393    0.301275    0.286033    0.996911 4.70792e-05    0.143532
underflow!0.000133807
pos   0.954931    0.418486    0.133405    0.544902 0.000133807     0.21071
underflow!4.82996e-05
pos    0.95601    0.367512    0.135378    0.567317 4.82996e-05    0.198899
underflow!0.000146822
pos   0.951408     0.23949    0.235497     0.96177 0.000146822     0.17253
underflow!7.59116e-05
pos   0.952788    0.330963     0.14953    0.654937 7.59116e-05    0.159834
underflow!0.000193959
pos   0.944757    0.298291    0.221204    0.992456 0.000193959    0.166387
underflow!0.000117273
pos   0.950379    0.243183    0.185997    0.963685 0.000117273    0.171649
underflow!8.04831e-05
pos   0.948626    0.270653    0.119449    0.663021 8.04831e-05    0.157855
underflow!8.36348e-05
pos   0.947473    0.415979    0.151982    0.840972 8.36348e-05     0.12089
underflow!0.000187014
pos   0.938927    0.304103    0.184505    0.998102 0.000187014    0.172811
underflow!0.00011294
pos  0.959666   0.462402   0.142999   0.889615 0.00011294   0.147664
underflow!0.000142745
pos    0.94979     0.23714    0.184037    0.975605 0.000142745    0.226946
underflow!8.38567e-05
pos   0.757588     0.39374    0.193297    0.897972 8.38567e-05    0.155259
underflow!0.00017744
pos  0.957944   0.364038   0.260691   0.970691 0.00017744   0.570015
underflow!0.000106688
pos   0.946571    0.265394    0.190744      0.9743 0.000106688    0.186586
underflow!0.00016667
pos  0.942508   0.307514    0.23112   0.993612 0.00016667   0.295829
Updating Weight Matrix!
GBVEC AND COST:  0.921432  0.0974363   0.179977   0.998747  0.0142208   0.127126 0.00848675
Chkpt reached!
new weight matrix:
   0.012488           0           0           0           0           0           0           0           0           0           0           0           0           0           0           0           0           0           0           0           0           0           0           0           0           0           0
          0  0.00441335           0           0           0           0           0           0           0           0           0           0           0           0           0           0           0           0           0           0           0           0           0           0           0           0           0
          0           0   0.0901956           0           0           0           0           0           0           0           0           0           0           0           0           0           0           0           0           0           0           0           0           0           0           0           0
          0           0           0     169.162           0           0           0           0           0           0           0           0           0           0           0           0           0           0           0           0           0           0           0           0           0           0           0
          0           0           0           0  0.00391143           0           0           0           0           0           0           0           0           0           0           0           0           0           0           0           0           0           0           0           0           0           0
          0           0           0           0           0   0.0458317           0           0           0           0           0           0           0           0           0           0           0           0           0           0           0           0           0           0           0           0           0
          0           0           0           0           0           0 8.19708e-06           0           0           0           0           0           0           0           0           0           0           0           0           0           0           0           0           0           0           0           0
          0           0           0           0           0           0           0 3.59168e-07           0           0           0           0           0           0           0           0           0           0           0           0           0           0           0           0           0           0           0
          0           0           0           0           0           0           0           0 0.000477687           0           0           0           0           0           0           0           0           0           0           0           0           0           0           0           0           0           0
          0           0           0           0           0           0           0           0           0      3667.7           0           0           0           0           0           0           0           0           0           0           0           0           0           0           0           0           0
          0           0           0           0           0           0           0           0           0           0 3.12185e-07           0           0           0           0           0           0           0           0           0           0           0           0           0           0           0           0
          0           0           0           0           0           0           0           0           0           0           0 0.000120254           0           0           0           0           0           0           0           0           0           0           0           0           0           0           0
          0           0           0           0           0           0           0           0           0           0           0           0    0.947116           0           0           0           0           0           0           0           0           0           0           0           0           0           0
          0           0           0           0           0           0           0           0           0           0           0           0           0  0.00050311           0           0           0           0           0           0           0           0           0           0           0           0           0
          0           0           0           0           0           0           0           0           0           0           0           0           0           0    0.372866           0           0           0           0           0           0           0           0           0           0           0           0
          0           0           0           0           0           0           0           0           0           0           0           0           0           0           0 0.000466341           0           0           0           0           0           0           0           0           0           0           0
          0           0           0           0           0           0           0           0           0           0           0           0           0           0           0           0 0.000249261           0           0           0           0           0           0           0           0           0           0
          0           0           0           0           0           0           0           0           0           0           0           0           0           0           0           0           0 0.000145824           0           0           0           0           0           0           0           0           0
          0           0           0           0           0           0           0           0           0           0           0           0           0           0           0           0           0           0     9.38957           0           0           0           0           0           0           0           0
          0           0           0           0           0           0           0           0           0           0           0           0           0           0           0           0           0           0           0 3.35673e-07           0           0           0           0           0           0           0
          0           0           0           0           0           0           0           0           0           0           0           0           0           0           0           0           0           0           0           0 7.73353e-05           0           0           0           0           0           0
          0           0           0           0           0           0           0           0           0           0           0           0           0           0           0           0           0           0           0           0           0      3.1479           0           0           0           0           0
          0           0           0           0           0           0           0           0           0           0           0           0           0           0           0           0           0           0           0           0           0           0 8.83712e-05           0           0           0           0
          0           0           0           0           0           0           0           0           0           0           0           0           0           0           0           0           0           0           0           0           0           0           0 0.000239761           0           0           0
          0           0           0           0           0           0           0           0           0           0           0           0           0           0           0           0           0           0           0           0           0           0           0           0     2.24275           0           0
          0           0           0           0           0           0           0           0           0           0           0           0           0           0           0           0           0           0           0           0           0           0           0           0           0     1.57274           0
          0           0           0           0           0           0           0           0           0           0           0           0           0           0           0           0           0           0           0           0           0           0           0           0           0           0 4.61537e-05

underflow!1.85185e-70
pos   0.999786   0.0145631   0.0192393           1 1.85185e-70   0.0698158
Updating Weight Matrix!
GBVEC AND COST:  0.788701   0.067808   0.179191   0.998901   0.014538   0.126266 0.00764673
Chkpt reached!
new weight matrix:
  0.0124886           0           0           0           0           0           0           0           0           0           0           0           0           0           0           0           0           0           0           0           0           0           0           0           0           0           0
          0  0.00441473           0           0           0           0           0           0           0           0           0           0           0           0           0           0           0           0           0           0           0           0           0           0           0           0           0
          0           0   0.0903399           0           0           0           0           0           0           0           0           0           0           0           0           0           0           0           0           0           0           0           0           0           0           0           0
          0           0           0     169.722           0           0           0           0           0           0           0           0           0           0           0           0           0           0           0           0           0           0           0           0           0           0           0
          0           0           0           0  0.00391236           0           0           0           0           0           0           0           0           0           0           0           0           0           0           0           0           0           0           0           0           0           0
          0           0           0           0           0   0.0457998           0           0           0           0           0           0           0           0           0           0           0           0           0           0           0           0           0           0           0           0           0
          0           0           0           0           0           0 8.19504e-06           0           0           0           0           0           0           0           0           0           0           0           0           0           0           0           0           0           0           0           0
          0           0           0           0           0           0           0 3.59209e-07           0           0           0           0           0           0           0           0           0           0           0           0           0           0           0           0           0           0           0
          0           0           0           0           0           0           0           0 0.000478864           0           0           0           0           0           0           0           0           0           0           0           0           0           0           0           0           0           0
          0           0           0           0           0           0           0           0           0      3689.4           0           0           0           0           0           0           0           0           0           0           0           0           0           0           0           0           0
          0           0           0           0           0           0           0           0           0           0 3.12232e-07           0           0           0           0           0           0           0           0           0           0           0           0           0           0           0           0
          0           0           0           0           0           0           0           0           0           0           0 0.000120067           0           0           0           0           0           0           0           0           0           0           0           0           0           0           0
          0           0           0           0           0           0           0           0           0           0           0           0    0.913195           0           0           0           0           0           0           0           0           0           0           0           0           0           0
          0           0           0           0           0           0           0           0           0           0           0           0           0 0.000503411           0           0           0           0           0           0           0           0           0           0           0           0           0
          0           0           0           0           0           0           0           0           0           0           0           0           0           0    0.373488           0           0           0           0           0           0           0           0           0           0           0           0
          0           0           0           0           0           0           0           0           0           0           0           0           0           0           0 0.000466472           0           0           0           0           0           0           0           0           0           0           0
          0           0           0           0           0           0           0           0           0           0           0           0           0           0           0           0 0.000248939           0           0           0           0           0           0           0           0           0           0
          0           0           0           0           0           0           0           0           0           0           0           0           0           0           0           0           0 0.000145963           0           0           0           0           0           0           0           0           0
          0           0           0           0           0           0           0           0           0           0           0           0           0           0           0           0           0           0     9.41752           0           0           0           0           0           0           0           0
          0           0           0           0           0           0           0           0           0           0           0           0           0           0           0           0           0           0           0 3.35717e-07           0           0           0           0           0           0           0
          0           0           0           0           0           0           0           0           0           0           0           0           0           0           0           0           0           0           0           0 7.72411e-05           0           0           0           0           0           0
          0           0           0           0           0           0           0           0           0           0           0           0           0           0           0           0           0           0           0           0           0     3.16334           0           0           0           0           0
          0           0           0           0           0           0           0           0           0           0           0           0           0           0           0           0           0           0           0           0           0           0 8.84681e-05           0           0           0           0
          0           0           0           0           0           0           0           0           0           0           0           0           0           0           0           0           0           0           0           0           0           0           0 0.000239871           0           0           0
          0           0           0           0           0           0           0           0           0           0           0           0           0           0           0           0           0           0           0           0           0           0           0           0     2.24991           0           0
          0           0           0           0           0           0           0           0           0           0           0           0           0           0           0           0           0           0           0           0           0           0           0           0           0     1.57701           0
          0           0           0           0           0           0           0           0           0           0           0           0           0           0           0           0           0           0           0           0           0           0           0           0           0           0 4.60957e-05

underflow!1.76854e-32
pos   0.767495    0.117291    0.216897           1 1.76854e-32   0.0452147
underflow!9.5931e-06
pos   0.780772   0.0984645    0.106218  9.5931e-06 7.64561e-55    0.069918
underflow!4.16675e-19
pos   0.423538   0.0615494   0.0329357       0.005 4.16675e-19   0.0207322
Updating Weight Matrix!
GBVEC AND COST:  0.777927  0.0657003   0.181069   0.998366  0.0133051   0.127881 0.00754088
Chkpt reached!
new weight matrix:
  0.0124911           0           0           0           0           0           0           0           0           0           0           0           0           0           0           0           0           0           0           0           0           0           0           0           0           0           0
          0  0.00441384           0           0           0           0           0           0           0           0           0           0           0           0           0           0           0           0           0           0           0           0           0           0           0           0           0
          0           0   0.0903034           0           0           0           0           0           0           0           0           0           0           0           0           0           0           0           0           0           0           0           0           0           0           0           0
          0           0           0     169.643           0           0           0           0           0           0           0           0           0           0           0           0           0           0           0           0           0           0           0           0           0           0           0
          0           0           0           0  0.00391144           0           0           0           0           0           0           0           0           0           0           0           0           0           0           0           0           0           0           0           0           0           0
          0           0           0           0           0   0.0458769           0           0           0           0           0           0           0           0           0           0           0           0           0           0           0           0           0           0           0           0           0
          0           0           0           0           0           0 8.19684e-06           0           0           0           0           0           0           0           0           0           0           0           0           0           0           0           0           0           0           0           0
          0           0           0           0           0           0           0 3.59167e-07           0           0           0           0           0           0           0           0           0           0           0           0           0           0           0           0           0           0           0
          0           0           0           0           0           0           0           0 0.000478422           0           0           0           0           0           0           0           0           0           0           0           0           0           0           0           0           0           0
          0           0           0           0           0           0           0           0           0     3685.78           0           0           0           0           0           0           0           0           0           0           0           0           0           0           0           0           0
          0           0           0           0           0           0           0           0           0           0 3.12187e-07           0           0           0           0           0           0           0           0           0           0           0           0           0           0           0           0
          0           0           0           0           0           0           0           0           0           0           0 0.000120394           0           0           0           0           0           0           0           0           0           0           0           0           0           0           0
          0           0           0           0           0           0           0           0           0           0           0           0    0.901301           0           0           0           0           0           0           0           0           0           0           0           0           0           0
          0           0           0           0           0           0           0           0           0           0           0           0           0 0.000503147           0           0           0           0           0           0           0           0           0           0           0           0           0
          0           0           0           0           0           0           0           0           0           0           0           0           0           0    0.373268           0           0           0           0           0           0           0           0           0           0           0           0
          0           0           0           0           0           0           0           0           0           0           0           0           0           0           0  0.00046617           0           0           0           0           0           0           0           0           0           0           0
          0           0           0           0           0           0           0           0           0           0           0           0           0           0           0           0 0.000249255           0           0           0           0           0           0           0           0           0           0
          0           0           0           0           0           0           0           0           0           0           0           0           0           0           0           0           0 0.000145863           0           0           0           0           0           0           0           0           0
          0           0           0           0           0           0           0           0           0           0           0           0           0           0           0           0           0           0     9.40355           0           0           0           0           0           0           0           0
          0           0           0           0           0           0           0           0           0           0           0           0           0           0           0           0           0           0           0 3.35673e-07           0           0           0           0           0           0           0
          0           0           0           0           0           0           0           0           0           0           0           0           0           0           0           0           0           0           0           0 7.73304e-05           0           0           0           0           0           0
          0           0           0           0           0           0           0           0           0           0           0           0           0           0           0           0           0           0           0           0           0     3.16078           0           0           0           0           0
          0           0           0           0           0           0           0           0           0           0           0           0           0           0           0           0           0           0           0           0           0           0 8.84021e-05           0           0           0           0
          0           0           0           0           0           0           0           0           0           0           0           0           0           0           0           0           0           0           0           0           0           0           0 0.000240086           0           0           0
          0           0           0           0           0           0           0           0           0           0           0           0           0           0           0           0           0           0           0           0           0           0           0           0     2.24675           0           0
          0           0           0           0           0           0           0           0           0           0           0           0           0           0           0           0           0           0           0           0           0           0           0           0           0     1.57896           0
          0           0           0           0           0           0           0           0           0           0           0           0           0           0           0           0           0           0           0           0           0           0           0           0           0           0  4.6154e-05

underflow!0.000341855
pos     0.7811 0.000341855    0.495809           1 2.36122e-72    0.219849
underflow!2.36122e-72
pos     0.7811 0.000341855    0.495809           1 2.36122e-72    0.219849
underflow!1.06369e-35
pos   0.812642   0.0069016   0.0902552           1 1.06369e-35   0.0531667
underflow!3.7499e-25
pos  0.945144   0.030251   0.278653          1 3.7499e-25   0.123154
underflow!1.57394e-22
pos   0.848147  0.00138295   0.0916954           1 1.57394e-22   0.0210653
underflow!2.69148e-07
pos   0.792957 2.69148e-07   0.0709829           1 2.46511e-24   0.0175141
underflow!2.46511e-24
pos   0.792957 2.69148e-07   0.0709829           1 2.46511e-24   0.0175141
GBMAT after targeted PSO:
   0.853678     0.11618    0.937263   0.0131334    0.845699    0.164634     47296.8
   0.853678     0.11618    0.937263   0.0131334    0.845699    0.164634     47296.8
   0.701948    0.292441     0.78628    0.900392    0.121037    0.691221      304.38
   0.244632    0.615684    0.251177    0.794025    0.132968    0.185091      275.56
   0.269625    0.588781    0.263223    0.802994    0.129766    0.198814     268.171
    0.37021    0.584192    0.322723    0.810962    0.164603    0.257137     265.772
    0.37021    0.584192    0.322723    0.810962    0.164603    0.257137     265.772
    0.37021    0.584192    0.322723    0.810962    0.164603    0.257137     265.772
   0.467026    0.706544    0.406703    0.856438   0.0773453    0.326397     264.344
   0.426604    0.626144    0.404063    0.885451    0.072005    0.318354      263.91
   0.451981    0.721671    0.322946    0.845564   0.0827245    0.257313     262.486
   0.451981    0.721671    0.322946    0.845564   0.0827245    0.257313      2.5274
   0.451981    0.721671    0.322946    0.845564   0.0827245    0.257313      2.5274
   0.473248    0.756311    0.318256    0.892572 0.000543404    0.161546    0.771909
   0.457149    0.608275    0.318256    0.892572 0.000543404    0.161546    0.724702
   0.457149    0.608275    0.318256    0.892572 0.000543404    0.161546    0.724702
   0.457149    0.487273    0.318256    0.892572 0.000543404    0.161546    0.701337
   0.457149    0.487273    0.318256    0.892572 0.000543404    0.161546    0.701337
   0.434141    0.538665    0.235235    0.964769  0.00146211    0.102962    0.376417
   0.434141    0.538665    0.235235    0.964769  0.00146211    0.102962    0.376417
   0.434141    0.538665    0.235235    0.964769  0.00146211    0.102962    0.376417
   0.434141    0.538665    0.235235    0.964769  0.00146211    0.102962    0.376417
   0.434141    0.538665    0.235235    0.964769  0.00146211    0.102962    0.376417
   0.434141    0.538665    0.235235    0.964769  0.00146211    0.102962    0.376417
   0.713282    0.693352    0.268945    0.973537 0.000333524    0.176971    0.249275
   0.713282    0.693352    0.268945    0.973537 0.000333524    0.176971    0.249275
   0.683457    0.655839    0.240504    0.946922 0.000317229    0.166734    0.209757
    0.86507    0.634953    0.239772    0.965357 0.000101813    0.127041    0.140207
    0.86507    0.634953    0.239772    0.965357 0.000101813    0.127041    0.140207
    0.86507    0.634953    0.239772    0.965357 0.000101813    0.127041    0.140207
   0.820342    0.682673    0.240131    0.967529 0.000157221    0.151802    0.136876
   0.824221    0.678082    0.239185    0.968251 0.000153488    0.149019    0.132394
   0.861275     0.63423    0.230151    0.975152  8.6248e-05    0.122438    0.123415
   0.861275     0.63423    0.230151    0.975152  8.6248e-05    0.122438    0.123415
   0.914644    0.651223    0.239446    0.995765  2.3281e-05    0.154451    0.095804
   0.914644    0.651223    0.239446    0.995765  2.3281e-05    0.154451    0.095804
   0.914644    0.651223    0.239446    0.995765  2.3281e-05    0.154451    0.095804
   0.914644    0.651223    0.239446    0.995765  2.3281e-05    0.154451    0.095804
   0.914644    0.651223    0.239446    0.995765  2.3281e-05    0.154451    0.095804
   0.914644    0.651223    0.239446    0.995765  2.3281e-05    0.154451    0.095804
   0.914644    0.651223    0.239446    0.995765  2.3281e-05    0.154451    0.095804
   0.914644    0.651223    0.239446    0.995765  2.3281e-05    0.154451    0.095804
   0.913454    0.575307    0.194808    0.994537 6.58188e-05    0.123863   0.0926646
   0.913454    0.575307    0.194808    0.994537 6.58188e-05    0.123863   0.0926646
   0.913454    0.575307    0.194808    0.994537 6.58188e-05    0.123863   0.0926646
   0.854992    0.492665    0.187002    0.973927 0.000167093    0.118816   0.0884996
   0.906276    0.419372    0.187002    0.973927 0.000103537    0.147638   0.0782833
   0.862043    0.480718    0.219045    0.984269  0.00113913    0.153185   0.0585579
   0.862043    0.480718    0.219045    0.985735  0.00102577    0.153185   0.0585069
   0.908897    0.480718    0.219045    0.985735 0.000594057    0.153185   0.0501951
   0.965549    0.155819    0.199046    0.995638 0.000125584    0.170713   0.0340559
   0.935594    0.296258    0.208019    0.991194 0.000230374    0.158986   0.0241337
   0.935594    0.296258    0.208019    0.991194 0.000230374    0.158986    0.156333
   0.935594    0.296258    0.208019    0.991194 0.000230374    0.158986    0.156333
   0.935594    0.296258    0.208019    0.991194 0.000230374    0.158986    0.156333
   0.935594    0.296258    0.208019    0.991194 0.000230374    0.158986    0.156333
   0.935594    0.296258    0.208019    0.991194 0.000230374    0.158986    0.156333
   0.935594    0.296258    0.208019    0.991194 0.000230374    0.158986    0.156333
   0.935594    0.296258    0.208019    0.991194 0.000230374    0.158986    0.156333
   0.935594    0.296258    0.208019    0.991194 0.000230374    0.158986    0.156333
   0.935594    0.296258    0.208019    0.991194 0.000230374    0.158986    0.156333
   0.935594    0.296258    0.208019    0.991194 0.000230374    0.158986    0.156333
   0.935594    0.296258    0.208019    0.991194 0.000230374    0.158986    0.156333
   0.935594    0.296258    0.208019    0.991194 0.000230374    0.158986    0.156333
   0.935594    0.296258    0.208019    0.991194 0.000230374    0.158986    0.156333
   0.935594    0.296258    0.208019    0.991194 0.000230374    0.158986    0.156333
   0.830382    0.216577    0.152917    0.995353   0.0341497    0.122121    0.100208
   0.830382    0.216577    0.152917    0.995353   0.0341497    0.122121    0.100208
   0.830382    0.216577    0.152917    0.995353   0.0341497    0.122121    0.100208
   0.903885    0.167923    0.193619    0.977853  0.00938712    0.169259   0.0823961
   0.874639    0.127656    0.162889    0.991366   0.0194089    0.127773   0.0493174
   0.874639    0.127656    0.162889    0.991366   0.0194089    0.127773   0.0493174
   0.888499   0.0990933      0.1844    0.996745    0.014011    0.144131   0.0170464
   0.939471   0.0990933      0.1844    0.998319    0.014011    0.144131   0.0168882
   0.939471   0.0990933      0.1844    0.998319    0.014011    0.144131   0.0168882
   0.939471   0.0990933      0.1844    0.998319    0.014011    0.144131   0.0168882
   0.939471   0.0990933      0.1844    0.998319    0.014011    0.144131   0.0168882
   0.935607   0.0980333    0.179605    0.998885   0.0140947    0.127733  0.00874168
   0.935607   0.0980333    0.179605    0.998885   0.0140947    0.127733  0.00874168
   0.935607   0.0980333    0.179605    0.998885   0.0140947    0.127733  0.00874168
   0.935607   0.0980333    0.179605    0.998885   0.0140947    0.127733  0.00874168
   0.935607   0.0980333    0.179605    0.998885   0.0140947    0.127733  0.00874168
   0.935607   0.0980333    0.179605    0.998885   0.0140947    0.127733  0.00874168
   0.935607   0.0980333    0.179605    0.998885   0.0140947    0.127733  0.00874168
   0.935607   0.0980333    0.179605    0.998885   0.0140947    0.127733  0.00874168
   0.935607   0.0980333    0.179605    0.998885   0.0140947    0.127733  0.00874168
   0.921432   0.0974363    0.179977    0.998747   0.0142208    0.127126  0.00848675
   0.921432   0.0974363    0.179977    0.998747   0.0142208    0.127126  0.00848675
   0.921432   0.0974363    0.179977    0.998747   0.0142208    0.127126  0.00848675
   0.921432   0.0974363    0.179977    0.998747   0.0142208    0.127126  0.00848675
   0.921432   0.0974363    0.179977    0.998747   0.0142208    0.127126  0.00848675
   0.921432   0.0974363    0.179977    0.998747   0.0142208    0.127126  0.00848675
   0.921432   0.0974363    0.179977    0.998747   0.0142208    0.127126  0.00848675
   0.921432   0.0974363    0.179977    0.998747   0.0142208    0.127126  0.00905629
   0.921432   0.0974363    0.179977    0.998747   0.0142208    0.127126  0.00905629
   0.921432   0.0974363    0.179977    0.998747   0.0142208    0.127126  0.00905629
   0.921432   0.0974363    0.179977    0.998747   0.0142208    0.127126  0.00905629
   0.924884    0.102612    0.179774    0.998731   0.0136042    0.128704  0.00834796
   0.924884    0.102612    0.179774    0.998731   0.0136042    0.128704  0.00834796
   0.924884    0.102612    0.179774    0.998731   0.0136042    0.128704  0.00834796
   0.924884    0.102612    0.179774    0.998731   0.0136042    0.128704  0.00834796
   0.924884    0.102612    0.179774    0.998731   0.0136042    0.128704  0.00834796
   0.924884    0.102612    0.179774    0.998731   0.0136042    0.128704  0.00834796
   0.924884    0.102612    0.179774    0.998731   0.0136042    0.128704  0.00834796
   0.924884    0.102612    0.179774    0.998731   0.0136042    0.128704  0.00834796
   0.924884    0.102612    0.179774    0.998731   0.0136042    0.128704  0.00834796
   0.924884    0.102612    0.179774    0.998731   0.0136042    0.128704  0.00834796
   0.924884    0.102612    0.179774    0.998731   0.0136042    0.128704  0.00834796
   0.924884    0.102612    0.179774    0.998731   0.0136042    0.128704  0.00834796
   0.913987    0.101336    0.181973    0.998818   0.0119239    0.127251  0.00816983
   0.913987    0.101336    0.181973    0.998818   0.0119239    0.127251  0.00816983
   0.913987    0.101336    0.181973    0.998818   0.0119239    0.127251  0.00816983
   0.913987    0.101336    0.181973    0.998818   0.0119239    0.127251  0.00816983
   0.913987    0.101336    0.181973    0.998818   0.0119239    0.127251  0.00816983
   0.899173    0.101665    0.185593    0.998879   0.0100636    0.133027  0.00789361
   0.907156    0.102524     0.18371    0.998872    0.010855    0.130217  0.00780942
   0.907156    0.102524     0.18371    0.998872    0.010855    0.130217  0.00780942
   0.907156    0.102524     0.18371    0.998872    0.010855    0.130217  0.00780942
   0.907156    0.102524     0.18371    0.998872    0.010855    0.130217  0.00780942
   0.907156    0.102524     0.18371    0.998872    0.010855    0.130217  0.00780942
   0.907156    0.102524     0.18371    0.998872    0.010855    0.130217  0.00780942
   0.907156    0.102524     0.18371    0.998872    0.010855    0.130217  0.00780942
   0.788973    0.066084    0.179322    0.998884   0.0147055    0.126735  0.00773334
   0.788973    0.066084    0.179322    0.998884   0.0147055    0.126735  0.00773334
   0.788973    0.066084    0.179322    0.998884   0.0147055    0.126735  0.00773334
   0.788973    0.066084    0.179322    0.998884   0.0147055    0.126735  0.00773334
   0.788973    0.066084    0.179322    0.998884   0.0147055    0.126735  0.00773334
   0.788973    0.066084    0.179322    0.998884   0.0147055    0.126735  0.00773334
   0.788973    0.066084    0.179322    0.998884   0.0147055    0.126735  0.00773334
   0.788973    0.066084    0.179322    0.998884   0.0147055    0.126735  0.00773334
   0.788701    0.067808    0.179191    0.998901    0.014538    0.126266  0.00764673
   0.788701    0.067808    0.179191    0.998901    0.014538    0.126266  0.00764673
   0.788701    0.067808    0.179191    0.998901    0.014538    0.126266  0.00764673
   0.788701    0.067808    0.179191    0.998901    0.014538    0.126266  0.00764673
   0.788701    0.067808    0.179191    0.998901    0.014538    0.126266  0.00764807
   0.788701    0.067808    0.179191    0.998901    0.014538    0.126266  0.00764807
   0.788701    0.067808    0.179191    0.998901    0.014538    0.126266  0.00764807
   0.788701    0.067808    0.179191    0.998901    0.014538    0.126266  0.00764807
   0.788701    0.067808    0.179191    0.998901    0.014538    0.126266  0.00764807
   0.788701    0.067808    0.179191    0.998901    0.014538    0.126266  0.00764807
   0.788701    0.067808    0.179191    0.998901    0.014538    0.126266  0.00764807
   0.788701    0.067808    0.179191    0.998901    0.014538    0.126266  0.00764807
   0.788701    0.067808    0.179191    0.998901    0.014538    0.126266  0.00764807
   0.788701    0.067808    0.179191    0.998901    0.014538    0.126266  0.00764807
   0.788701    0.067808    0.179191    0.998901    0.014538    0.126266  0.00764807
   0.788701    0.067808    0.179191    0.998901    0.014538    0.126266  0.00764807
   0.788701    0.067808    0.179191    0.998901    0.014538    0.126266  0.00764807
   0.788701    0.067808    0.179191    0.998901    0.014538    0.126266  0.00764807
   0.788701    0.067808    0.179191    0.998901    0.014538    0.126266  0.00764807
   0.788701    0.067808    0.179191    0.998901    0.014538    0.126266  0.00764807
   0.788701    0.067808    0.179191    0.998901    0.014538    0.126266  0.00764807
   0.788701    0.067808    0.179191    0.998901    0.014538    0.126266  0.00764807
   0.787766   0.0663314    0.181133    0.998991   0.0137021    0.128393  0.00759409
   0.787766   0.0663314    0.181133    0.998991   0.0137021    0.128393  0.00759409
   0.787766   0.0663314    0.181133    0.998991   0.0137021    0.128393  0.00759409
   0.787766   0.0663314    0.181133    0.998991   0.0137021    0.128393  0.00759409
   0.787766   0.0663314    0.181133    0.998991   0.0137021    0.128393  0.00759409
   0.787766   0.0663314    0.181133    0.998991   0.0137021    0.128393  0.00759409
   0.787766   0.0663314    0.181133    0.998991   0.0137021    0.128393  0.00759409
   0.787766   0.0663314    0.181133    0.998991   0.0137021    0.128393  0.00759409
   0.787766   0.0663314    0.181133    0.998991   0.0137021    0.128393  0.00759409
   0.787766   0.0663314    0.181133    0.998991   0.0137021    0.128393  0.00759409
   0.787766   0.0663314    0.181133    0.998991   0.0137021    0.128393  0.00759409
   0.776369   0.0659851    0.180901     0.99826   0.0132921    0.127942  0.00757598
   0.776369   0.0659851    0.180901     0.99826   0.0132921    0.127942  0.00757598
   0.776369   0.0659851    0.180901     0.99826   0.0132921    0.127942  0.00757598
   0.776369   0.0659851    0.180901     0.99826   0.0132921    0.127942  0.00757598
   0.777927   0.0657003    0.181069    0.998366   0.0133051    0.127881  0.00754088
   0.777927   0.0657003    0.181069    0.998366   0.0133051    0.127881  0.00754088
   0.777927   0.0657003    0.181069    0.998366   0.0133051    0.127881  0.00754088
   0.777927   0.0657003    0.181069    0.998366   0.0133051    0.127881  0.00754088
   0.777927   0.0657003    0.181069    0.998366   0.0133051    0.127881  0.00754088
   0.777927   0.0657003    0.181069    0.998366   0.0133051    0.127881  0.00754088
   0.777927   0.0657003    0.181069    0.998366   0.0133051    0.127881  0.00754088
   0.777927   0.0657003    0.181069    0.998366   0.0133051    0.127881  0.00754088
   0.777927   0.0657003    0.181069    0.998366   0.0133051    0.127881  0.00754069
   0.777927   0.0657003    0.181069    0.998366   0.0133051    0.127881  0.00754069
   0.777927   0.0657003    0.181069    0.998366   0.0133051    0.127881  0.00754069
   0.777927   0.0657003    0.181069    0.998366   0.0133051    0.127881  0.00754069
   0.777927   0.0657003    0.181069    0.998366   0.0133051    0.127881  0.00754069
   0.777927   0.0657003    0.181069    0.998366   0.0133051    0.127881  0.00754069
   0.777927   0.0657003    0.181069    0.998366   0.0133051    0.127881  0.00754069
   0.777927   0.0657003    0.181069    0.998366   0.0133051    0.127881  0.00754069
   0.777927   0.0657003    0.181069    0.998366   0.0133051    0.127881  0.00754069
   0.777927   0.0657003    0.181069    0.998366   0.0133051    0.127881  0.00754069
   0.777927   0.0657003    0.181069    0.998366   0.0133051    0.127881  0.00754069
   0.777927   0.0657003    0.181069    0.998366   0.0133051    0.127881  0.00754069
   0.777927   0.0657003    0.181069    0.998366   0.0133051    0.127881  0.00754069
   0.777927   0.0657003    0.181069    0.998366   0.0133051    0.127881  0.00754069
   0.777927   0.0657003    0.181069    0.998366   0.0133051    0.127881  0.00754069
   0.777927   0.0657003    0.181069    0.998366   0.0133051    0.127881  0.00754069
     0.7763   0.0655639    0.181228    0.998379   0.0132451    0.128036  0.00753939
     0.7763   0.0655639    0.181228    0.998379   0.0132451    0.128036  0.00753939
     0.7763   0.0655639    0.181228    0.998379   0.0132451    0.128036  0.00753939
     0.7763   0.0655639    0.181228    0.998379   0.0132451    0.128036  0.00753939
     0.7763   0.0655639    0.181228    0.998379   0.0132451    0.128036  0.00753939
     0.7763   0.0655639    0.181228    0.998379   0.0132451    0.128036  0.00753939
     0.7763   0.0655639    0.181228    0.998379   0.0132451    0.128036  0.00753939
     0.7763   0.0655639    0.181228    0.998379   0.0132451    0.128036  0.00753939
     0.7763   0.0655639    0.181228    0.998379   0.0132451    0.128036  0.00753939
     0.7763   0.0655639    0.181228    0.998379   0.0132451    0.128036  0.00753939
     0.7763   0.0655639    0.181228    0.998379   0.0132451    0.128036  0.00753939
     0.7763   0.0655639    0.181228    0.998379   0.0132451    0.128036  0.00753939
     0.7763   0.0655639    0.181228    0.998379   0.0132451    0.128036  0.00753939
     0.7763   0.0655639    0.181228    0.998379   0.0132451    0.128036  0.00753939
     0.7763   0.0655639    0.181228    0.998379   0.0132451    0.128036  0.00753939
     0.7763   0.0655639    0.181228    0.998379   0.0132451    0.128036  0.00753939
   0.776833   0.0653525    0.181534    0.998384   0.0132262    0.128226  0.00753403
   0.776833   0.0653525    0.181534    0.998384   0.0132262    0.128226  0.00753403
   0.776833   0.0653525    0.181534    0.998384   0.0132262    0.128226  0.00753403
   0.776833   0.0653525    0.181534    0.998384   0.0132262    0.128226  0.00753403
   0.776833   0.0653525    0.181534    0.998384   0.0132262    0.128226  0.00753403
   0.776833   0.0653525    0.181534    0.998384   0.0132262    0.128226  0.00753403
   0.776954    0.065276    0.181339    0.998381   0.0132304     0.12821  0.00753077
   0.776954    0.065276    0.181339    0.998381   0.0132304     0.12821  0.00753077
   0.776954    0.065276    0.181339    0.998381   0.0132304     0.12821  0.00753077
truk:  0.515996 0.0603199  0.103199  0.896801   0.05516 0.0722394
total difference b/w truk and final GBVEC:0.0894388
CODE FINISHED RUNNING IN 181 s TIME!
Job Statistics for 1523173:
           JobID       User               Start                 End    Elapsed     MaxRSS   TotalCPU      State Exit        NodeList                                  ReqTRES 
---------------- ---------- ------------------- ------------------- ---------- ---------- ---------- ---------- ---- --------------- ---------------------------------------- 
         1523173   rsjxw007 2021-08-05T16:21:26 2021-08-05T16:24:28   00:03:02             03:01.107  COMPLETED  0:0   r1pl-hpcf-n21         billing=1,cpu=1,mem=7812M,node=1 
   1523173.batch            2021-08-05T16:21:26 2021-08-05T16:24:28   00:03:02      1.77M  03:01.105  COMPLETED  0:0   r1pl-hpcf-n21                                          
  1523173.extern            2021-08-05T16:21:26 2021-08-05T16:24:28   00:03:02          0  00:00.001  COMPLETED  0:0   r1pl-hpcf-n21                                          
CPU Efficiency: 99.45% of 00:03:02 core-walltime
