PSO_S_ODE_NonLinear
Using two part PSO Sample Size:25000 with:12 moments.
Using Record Time:38.76
Bounds for Uniform Distribution (0,1)
Blind PSO --> nParts:900 Nsteps:15
Targeted PSO --> nParts:25 Nsteps:500
mu: 80 120  85
covarMat:
 50   0   0
  0 100   0
  0   0  50

Yt:  3.99021   3.48796   2.35537  0.127709   5.97104   3.27049   55.3759   99.1214   10.5766 0.0191981   136.207   20.3161
seedk:0.568191 0.851172 0.881734 0.656299 0.696497 0.106866| cost:14882.3
Xt: 5.74689  1.52954 0.665394  1.61561  3.81055  5.47897    79.55  36.8366  1.18271  3.21692  54.1525   80.028
PSO begins!
underflow!0.000711785
pos   0.415062    0.683965     0.72852 0.000711785    0.338895    0.284436
underflow!0.000898047
pos0.000898047    0.933408    0.639277    0.963689    0.394027    0.115511
underflow!6.48603e-05
pos   0.257209   0.0673706 6.48603e-05    0.793571     0.20163    0.939852
GBMAT from blind PSO:

 0.568191  0.851172  0.881734  0.656299  0.696497  0.106866   14882.3
 0.568191  0.851172  0.881734  0.656299  0.696497  0.106866   14882.3
 0.711221  0.225535  0.417397  0.851272  0.547361  0.269611   42.9501
 0.711221  0.225535  0.417397  0.851272  0.547361  0.269611   42.9501
 0.650782  0.215695  0.506486  0.906562  0.214318  0.334082   37.7377
  0.84218    0.1745  0.250319  0.765804  0.401501  0.168687   26.4949
  0.84218    0.1745  0.250319  0.765804  0.401501  0.168687   26.4949
 0.831309  0.151531  0.284569  0.841036  0.292265  0.198056   24.7909
 0.818243  0.146386   0.30855  0.846398  0.285485  0.211205   23.2486
 0.936194 0.0319654  0.321194   0.83758  0.189257  0.222368   17.5551
 0.845353 0.0905739  0.274855    0.8624  0.174466  0.189863   17.1003
 0.893802  0.116983  0.267936  0.904569  0.133744  0.184833   15.7089
 0.893802  0.116983  0.267936  0.904569  0.133744  0.184833   15.7089
 0.908352  0.137512  0.217392  0.879938 0.0975579  0.150212   14.2555
 0.898829  0.125401  0.211825  0.887412 0.0854774  0.146777   13.8365
 0.915832 0.0999606  0.229728  0.887005 0.0783756  0.159875   13.6817

truk:  0.515996 0.0603199  0.103199  0.896801   0.05516 0.0722394
total difference b/w truk and final GBVEC0.185765

targeted PSO has started!
Updating Weight Matrix!
GBVEC AND COST: 0.915832 0.0999606  0.229728  0.887005 0.0783756  0.159875   13.6817
Chkpt reached!
new weight matrix:
  0.0121983           0           0           0           0           0           0           0           0           0           0           0
          0  0.00568823           0           0           0           0           0           0           0           0           0           0
          0           0   0.0980818           0           0           0           0           0           0           0           0           0
          0           0           0      86.112           0           0           0           0           0           0           0           0
          0           0           0           0   0.0049205           0           0           0           0           0           0           0
          0           0           0           0           0   0.0493212           0           0           0           0           0           0
          0           0           0           0           0           0 4.82508e-06           0           0           0           0           0
          0           0           0           0           0           0           0 5.91237e-07           0           0           0           0
          0           0           0           0           0           0           0           0 0.000509861           0           0           0
          0           0           0           0           0           0           0           0           0     665.638           0           0
          0           0           0           0           0           0           0           0           0           0 4.90379e-07           0
          0           0           0           0           0           0           0           0           0           0           0 0.000128203

New PBMAT:
  0.490145  0.0756528  0.0773674   0.804537  0.0117869   0.117145   0.625929
  0.985565  0.0425162   0.341357   0.926439   0.194075   0.155376    34.8664
  0.942317   0.199807   0.115728   0.900198   0.101847   0.169612    0.16375
  0.959368  0.0873756    0.36478   0.961268  0.0547407   0.186863    5.26191
  0.845147   0.200253   0.282182   0.731772  0.0898557   0.144443    11.8331
  0.952975  0.0655225   0.331946    0.92142  0.0156465   0.283435    1.74619
    0.8946   0.146397   0.176193    0.83071   0.164378  0.0539286    35.5424
  0.959388   0.161759   0.150117   0.892442   0.122597   0.224246   0.305585
  0.978331   0.125948   0.328459   0.901758   0.157027   0.238594    11.2356
  0.931684   0.126815   0.251319   0.946797   0.190783   0.208209    6.16965
   0.99214   0.199118   0.137251   0.910223  0.0268752  0.0715816  0.0534453
  0.946958  0.0644085   0.336666   0.819273  0.0894387   0.214524    10.2577
  0.613793   0.154833   0.211187   0.958299   0.131613   0.109777    4.45417
  0.897496  0.0265856   0.179714   0.888423   0.100298   0.223077    0.59566
  0.614197   0.022025   0.221989   0.979304     0.1526   0.328549   0.934085
  0.981818   0.134003   0.208999     0.9386 0.00906843   0.172152  0.0561628
  0.972261  0.0060658   0.309993   0.940489   0.262749    0.23693    20.7659
  0.973726   0.096072   0.184967   0.938916  0.0885114   0.254964   0.329622
  0.937863  0.0159455   0.257817    0.97055  0.0901485   0.171838    2.80237
  0.944712  0.0426726   0.400404   0.986823   0.100195   0.207858    11.1668
   0.96514  0.0696554   0.229569   0.805915  0.0119699   0.123863   0.827766
  0.999185   0.169597   0.199892   0.816384   0.100192   0.109622    4.79114
  0.975425   0.129121   0.154123   0.907104  0.0474917   0.125159  0.0684263
  0.988382    0.26368   0.178869   0.945069  0.0145864   0.121692 0.00297331
  0.874724  0.0243762   0.315073   0.948314   0.176043   0.165517    18.8116

Updating Weight Matrix!
GBVEC AND COST:  0.917309   0.319393   0.114229   0.793733  0.0366844  0.0805581 0.00021736
Chkpt reached!
new weight matrix:
  0.0122464           0           0           0           0           0           0           0           0           0           0           0
          0  0.00564436           0           0           0           0           0           0           0           0           0           0
          0           0   0.0981823           0           0           0           0           0           0           0           0           0
          0           0           0     172.226           0           0           0           0           0           0           0           0
          0           0           0           0  0.00487046           0           0           0           0           0           0           0
          0           0           0           0           0   0.0512498           0           0           0           0           0           0
          0           0           0           0           0           0  4.8409e-06           0           0           0           0           0
          0           0           0           0           0           0           0  5.8661e-07           0           0           0           0
          0           0           0           0           0           0           0           0 0.000508597           0           0           0
          0           0           0           0           0           0           0           0           0     3630.76           0           0
          0           0           0           0           0           0           0           0           0           0 4.86339e-07           0
          0           0           0           0           0           0           0           0           0           0           0 0.000139144

underflow!0.000178696
pos   0.751382    0.358293    0.214841    0.835294 0.000178696  0.00252948
underflow!1.3051e-07
pos  0.834149   0.169953   0.155967   0.752323 1.3051e-07  0.0597544
underflow!7.89459e-06
pos   0.947568    0.261841    0.183058    0.702077 7.89459e-06  0.00981538
underflow!7.05043e-06
pos   0.945979    0.171727    0.152742    0.725197 7.05043e-06    0.159353
underflow!4.47053e-06
pos   0.976296    0.198063    0.162021    0.776314 4.47053e-06   0.0424677
Updating Weight Matrix!
GBVEC AND COST:    0.94036    0.269304    0.113839    0.788565   0.0341317   0.0806554 0.000218298
Chkpt reached!
new weight matrix:
   0.012239           0           0           0           0           0           0           0           0           0           0           0
          0  0.00563979           0           0           0           0           0           0           0           0           0           0
          0           0   0.0975829           0           0           0           0           0           0           0           0           0
          0           0           0     173.836           0           0           0           0           0           0           0           0
          0           0           0           0  0.00486831           0           0           0           0           0           0           0
          0           0           0           0           0   0.0511792           0           0           0           0           0           0
          0           0           0           0           0           0 4.84354e-06           0           0           0           0           0
          0           0           0           0           0           0           0 5.86352e-07           0           0           0           0
          0           0           0           0           0           0           0           0 0.000502714           0           0           0
          0           0           0           0           0           0           0           0           0     3709.17           0           0
          0           0           0           0           0           0           0           0           0           0  4.8609e-07           0
          0           0           0           0           0           0           0           0           0           0           0 0.000138907

underflow!1.16197e-06
pos   0.969292    0.233156    0.250958    0.599382 1.16197e-06   0.0143811
underflow!0.000328476
pos   0.998737    0.175632    0.131332    0.793066 0.000328476   0.0103177
underflow!0.000974781
pos   0.992118    0.420682    0.135161    0.854227 0.000974781  0.00282548
underflow!1.68509e-09
pos   0.949719    0.232083     0.28083    0.882723 1.68509e-09   0.0244184
Updating Weight Matrix!
GBVEC AND COST:    0.94036    0.269304    0.113839    0.788565   0.0341317   0.0806554 0.000218842
Chkpt reached!
new weight matrix:
   0.012239           0           0           0           0           0           0           0           0           0           0           0
          0  0.00563979           0           0           0           0           0           0           0           0           0           0
          0           0   0.0975829           0           0           0           0           0           0           0           0           0
          0           0           0     173.836           0           0           0           0           0           0           0           0
          0           0           0           0  0.00486831           0           0           0           0           0           0           0
          0           0           0           0           0   0.0511792           0           0           0           0           0           0
          0           0           0           0           0           0 4.84354e-06           0           0           0           0           0
          0           0           0           0           0           0           0 5.86352e-07           0           0           0           0
          0           0           0           0           0           0           0           0 0.000502714           0           0           0
          0           0           0           0           0           0           0           0           0     3709.17           0           0
          0           0           0           0           0           0           0           0           0           0  4.8609e-07           0
          0           0           0           0           0           0           0           0           0           0           0 0.000138907

underflow!0.000573776
pos   0.955713     0.19171   0.0523619    0.754104 0.000573776   0.0886063
underflow!0.000213938
pos   0.764328    0.315511  0.00564143    0.849949 0.000213938    0.139838
underflow!9.1879e-05
pos  0.967911   0.401219  0.0508972   0.754446 9.1879e-05  0.0144789
underflow!0.000260403
pos   0.985467     0.29027    0.130683    0.701116 0.000260403   0.0844261
underflow!1.11127e-05
pos   0.995666    0.276438    0.208255    0.766198 1.11127e-05  0.00994386
underflow!0.000264664
pos   0.983321    0.202306    0.279052    0.875132 0.000264664   0.0114756
underflow!7.20893e-05
pos   0.767975    0.289598    0.086169    0.731162   0.0190953 7.20893e-05
underflow!0.000624212
pos   0.962676    0.256905    0.123265    0.908437 0.000624212   0.0141113
Updating Weight Matrix!
GBVEC AND COST:   0.920017    0.295481    0.106162    0.811245   0.0441228   0.0749079 0.000186596
Chkpt reached!
new weight matrix:
  0.0122405           0           0           0           0           0           0           0           0           0           0           0
          0  0.00563453           0           0           0           0           0           0           0           0           0           0
          0           0   0.0977953           0           0           0           0           0           0           0           0           0
          0           0           0     172.264           0           0           0           0           0           0           0           0
          0           0           0           0  0.00486229           0           0           0           0           0           0           0
          0           0           0           0           0   0.0514449           0           0           0           0           0           0
          0           0           0           0           0           0 4.84182e-06           0           0           0           0           0
          0           0           0           0           0           0           0 5.85755e-07           0           0           0           0
          0           0           0           0           0           0           0           0 0.000504501           0           0           0
          0           0           0           0           0           0           0           0           0     3649.11           0           0
          0           0           0           0           0           0           0           0           0           0 4.85562e-07           0
          0           0           0           0           0           0           0           0           0           0           0 0.000140522

underflow!0.000934397
pos   0.963076    0.177227    0.087131    0.830105 0.000934397   0.0273636
Updating Weight Matrix!
GBVEC AND COST:   0.919242    0.290269    0.107436    0.805112   0.0421953   0.0757894 0.000173729
Chkpt reached!
new weight matrix:
  0.0122397           0           0           0           0           0           0           0           0           0           0           0
          0  0.00563613           0           0           0           0           0           0           0           0           0           0
          0           0   0.0977949           0           0           0           0           0           0           0           0           0
          0           0           0     172.406           0           0           0           0           0           0           0           0
          0           0           0           0  0.00486394           0           0           0           0           0           0           0
          0           0           0           0           0   0.0513683           0           0           0           0           0           0
          0           0           0           0           0           0 4.84164e-06           0           0           0           0           0
          0           0           0           0           0           0           0 5.85925e-07           0           0           0           0
          0           0           0           0           0           0           0           0 0.000504544           0           0           0
          0           0           0           0           0           0           0           0           0     3653.19           0           0
          0           0           0           0           0           0           0           0           0           0 4.85713e-07           0
          0           0           0           0           0           0           0           0           0           0           0  0.00014006

underflow!0.000641883
pos   0.774367    0.285605   0.0391401    0.786835 0.000641883  0.00769902
Updating Weight Matrix!
GBVEC AND COST:   0.919242    0.290269    0.107436    0.805112   0.0421953   0.0757894 0.000173711
Chkpt reached!
new weight matrix:
  0.0122397           0           0           0           0           0           0           0           0           0           0           0
          0  0.00563613           0           0           0           0           0           0           0           0           0           0
          0           0   0.0977949           0           0           0           0           0           0           0           0           0
          0           0           0     172.406           0           0           0           0           0           0           0           0
          0           0           0           0  0.00486394           0           0           0           0           0           0           0
          0           0           0           0           0   0.0513683           0           0           0           0           0           0
          0           0           0           0           0           0 4.84164e-06           0           0           0           0           0
          0           0           0           0           0           0           0 5.85925e-07           0           0           0           0
          0           0           0           0           0           0           0           0 0.000504544           0           0           0
          0           0           0           0           0           0           0           0           0     3653.19           0           0
          0           0           0           0           0           0           0           0           0           0 4.85713e-07           0
          0           0           0           0           0           0           0           0           0           0           0  0.00014006

underflow!3.348e-06
pos  0.890253   0.246683   0.115752   0.690761  3.348e-06 0.00191859
underflow!0.000474968
pos   0.964007    0.186087   0.0912134    0.855033 0.000474968    0.300622
underflow!0.000330188
pos   0.981072    0.158733 0.000330188    0.808487 0.000549836   0.0730192
underflow!0.000549836
pos   0.981072    0.158733 0.000330188    0.808487 0.000549836   0.0730192
underflow!6.96682e-05
pos   0.986178     0.29819  0.00626886    0.851182 6.96682e-05    0.148057
Updating Weight Matrix!
GBVEC AND COST:   0.919236    0.290764    0.107397    0.804823    0.042062   0.0755832 0.000169882
Chkpt reached!
new weight matrix:
  0.0122382           0           0           0           0           0           0           0           0           0           0           0
          0  0.00563754           0           0           0           0           0           0           0           0           0           0
          0           0   0.0978622           0           0           0           0           0           0           0           0           0
          0           0           0     172.472           0           0           0           0           0           0           0           0
          0           0           0           0  0.00486523           0           0           0           0           0           0           0
          0           0           0           0           0   0.0512936           0           0           0           0           0           0
          0           0           0           0           0           0 4.84054e-06           0           0           0           0           0
          0           0           0           0           0           0           0 5.86068e-07           0           0           0           0
          0           0           0           0           0           0           0           0 0.000505176           0           0           0
          0           0           0           0           0           0           0           0           0     3655.46           0           0
          0           0           0           0           0           0           0           0           0           0 4.85842e-07           0
          0           0           0           0           0           0           0           0           0           0           0 0.000139625

underflow!0.000976776
pos   0.989781    0.376679    0.146533    0.749889 0.000976776  0.00865761
underflow!1.14087e-05
pos   0.890634    0.308027    0.193196    0.860718 1.14087e-05   0.0529236
Updating Weight Matrix!
GBVEC AND COST:   0.919336     0.28784    0.107431    0.798797   0.0409669   0.0754644 0.000167144
Chkpt reached!
new weight matrix:
  0.0122364           0           0           0           0           0           0           0           0           0           0           0
          0  0.00563868           0           0           0           0           0           0           0           0           0           0
          0           0   0.0978914           0           0           0           0           0           0           0           0           0
          0           0           0     172.593           0           0           0           0           0           0           0           0
          0           0           0           0   0.0048664           0           0           0           0           0           0           0
          0           0           0           0           0   0.0512179           0           0           0           0           0           0
          0           0           0           0           0           0 4.83967e-06           0           0           0           0           0
          0           0           0           0           0           0           0 5.86194e-07           0           0           0           0
          0           0           0           0           0           0           0           0 0.000505442           0           0           0
          0           0           0           0           0           0           0           0           0     3660.18           0           0
          0           0           0           0           0           0           0           0           0           0 4.85954e-07           0
          0           0           0           0           0           0           0           0           0           0           0 0.000139193

underflow!7.19932e-06
pos   0.980808    0.273665    0.191637    0.696329 7.19932e-06   0.0366007
underflow!8.07037e-06
pos   0.982342    0.285737   0.0546786     0.80304 8.07037e-06    0.122083
Updating Weight Matrix!
GBVEC AND COST:   0.932336    0.281815    0.107133    0.800333   0.0410984   0.0753127 0.000161386
Chkpt reached!
new weight matrix:
  0.0122348           0           0           0           0           0           0           0           0           0           0           0
          0  0.00563759           0           0           0           0           0           0           0           0           0           0
          0           0   0.0977732           0           0           0           0           0           0           0           0           0
          0           0           0     172.748           0           0           0           0           0           0           0           0
          0           0           0           0   0.0048658           0           0           0           0           0           0           0
          0           0           0           0           0   0.0512088           0           0           0           0           0           0
          0           0           0           0           0           0 4.84013e-06           0           0           0           0           0
          0           0           0           0           0           0           0 5.86127e-07           0           0           0           0
          0           0           0           0           0           0           0           0 0.000504274           0           0           0
          0           0           0           0           0           0           0           0           0     3669.06           0           0
          0           0           0           0           0           0           0           0           0           0  4.8589e-07           0
          0           0           0           0           0           0           0           0           0           0           0 0.000139179

underflow!0.000461789
pos    0.99803    0.184826    0.192849    0.715377   0.0377043 0.000461789
underflow!0.000218637
pos   0.999475    0.249651    0.105959    0.863325 0.000218637   0.0279184
underflow!0.000159935
pos   0.850922    0.197944   0.0728989    0.844586 0.000159935   0.0720012
GBMAT after targeted PSO:
   0.568191    0.851172    0.881734    0.656299    0.696497    0.106866     14882.3
   0.568191    0.851172    0.881734    0.656299    0.696497    0.106866     14882.3
   0.711221    0.225535    0.417397    0.851272    0.547361    0.269611     42.9501
   0.711221    0.225535    0.417397    0.851272    0.547361    0.269611     42.9501
   0.650782    0.215695    0.506486    0.906562    0.214318    0.334082     37.7377
    0.84218      0.1745    0.250319    0.765804    0.401501    0.168687     26.4949
    0.84218      0.1745    0.250319    0.765804    0.401501    0.168687     26.4949
   0.831309    0.151531    0.284569    0.841036    0.292265    0.198056     24.7909
   0.818243    0.146386     0.30855    0.846398    0.285485    0.211205     23.2486
   0.936194   0.0319654    0.321194     0.83758    0.189257    0.222368     17.5551
   0.845353   0.0905739    0.274855      0.8624    0.174466    0.189863     17.1003
   0.893802    0.116983    0.267936    0.904569    0.133744    0.184833     15.7089
   0.893802    0.116983    0.267936    0.904569    0.133744    0.184833     15.7089
   0.908352    0.137512    0.217392    0.879938   0.0975579    0.150212     14.2555
   0.898829    0.125401    0.211825    0.887412   0.0854774    0.146777     13.8365
   0.915832   0.0999606    0.229728    0.887005   0.0783756    0.159875     13.6817
   0.915832   0.0999606    0.229728    0.887005   0.0783756    0.159875     2.06257
   0.915832   0.0999606    0.229728    0.887005   0.0783756    0.159875     2.06257
   0.975872    0.127044    0.161105     0.90848   0.0431636    0.143666   0.0630888
   0.992807    0.098425     0.12647    0.750318   0.0207582      0.1121   0.0185901
   0.992807    0.098425     0.12647    0.750318   0.0207582      0.1121   0.0185901
   0.992807    0.098425     0.12647    0.750318   0.0207582      0.1121   0.0185901
   0.990586    0.449685   0.0848448    0.762519   0.0543413    0.052411  0.00709987
   0.990586    0.449685   0.0848448    0.762519   0.0543413    0.052411  0.00709987
   0.990586    0.449685   0.0848448    0.762519   0.0543413    0.052411  0.00709987
   0.990586    0.449685   0.0848448    0.762519   0.0543413    0.052411  0.00709987
   0.968119    0.404396   0.0937121    0.789221   0.0459968   0.0630683  0.00328881
   0.968119    0.404396   0.0937121    0.789221   0.0459968   0.0630683  0.00328881
   0.968119    0.404396   0.0937121    0.789221   0.0459968   0.0630683  0.00328881
   0.968119    0.404396   0.0937121    0.789221   0.0459968   0.0630683  0.00328881
   0.972462    0.225645    0.146265     0.87199    0.020384    0.107987  0.00166408
   0.972462    0.225645    0.146265     0.87199    0.020384    0.107987  0.00166408
   0.972462    0.225645    0.146265     0.87199    0.020384    0.107987  0.00166408
   0.972462    0.225645    0.146265     0.87199    0.020384    0.107987  0.00166408
   0.972462    0.225645    0.146265     0.87199    0.020384    0.107987  0.00166408
   0.972462    0.225645    0.146265     0.87199    0.020384    0.107987  0.00166408
   0.972462    0.225645    0.146265     0.87199    0.020384    0.107987  0.00166408
   0.982571    0.226273    0.121177    0.921123   0.0425653   0.0837597  0.00163216
   0.905592    0.277853    0.111548    0.845376   0.0472302    0.081326 0.000628563
   0.905592    0.277853    0.111548    0.845376   0.0472302    0.081326 0.000628563
   0.905592    0.277853    0.111548    0.845376   0.0472302    0.081326 0.000628563
     0.9553    0.246761    0.117352    0.890848   0.0444182    0.080846 0.000625356
     0.9553    0.246761    0.117352    0.890848   0.0444182    0.080846 0.000625356
     0.9553    0.246761    0.117352    0.890848   0.0444182    0.080846 0.000625356
     0.9553    0.246761    0.117352    0.890848   0.0444182    0.080846 0.000625356
     0.9553    0.246761    0.117352    0.890848   0.0444182    0.080846 0.000625356
     0.9553    0.246761    0.117352    0.890848   0.0444182    0.080846 0.000625356
     0.9553    0.246761    0.117352    0.890848   0.0444182    0.080846 0.000625356
   0.918215    0.328201    0.115667    0.792362   0.0366467   0.0809846 0.000489804
   0.918215    0.328201    0.115667    0.792362   0.0366467   0.0809846 0.000489804
   0.918215    0.328201    0.115667    0.792362   0.0366467   0.0809846 0.000489804
   0.918215    0.328201    0.115667    0.792362   0.0366467   0.0809846 0.000489804
   0.918215    0.328201    0.115667    0.792362   0.0366467   0.0809846 0.000489804
   0.918215    0.328201    0.115667    0.792362   0.0366467   0.0809846 0.000489804
   0.918215    0.328201    0.115667    0.792362   0.0366467   0.0809846 0.000489804
   0.918215    0.328201    0.115667    0.792362   0.0366467   0.0809846 0.000489804
   0.918215    0.328201    0.115667    0.792362   0.0366467   0.0809846 0.000489804
   0.918215    0.328201    0.115667    0.792362   0.0366467   0.0809846 0.000489804
   0.918215    0.328201    0.115667    0.792362   0.0366467   0.0809846 0.000489804
   0.918215    0.328201    0.115667    0.792362   0.0366467   0.0809846 0.000489804
   0.910892    0.280428    0.112552    0.798659   0.0382327   0.0816452 0.000466725
   0.910892    0.280428    0.112552    0.798659   0.0382327   0.0816452 0.000466725
   0.910892    0.280428    0.112552    0.798659   0.0382327   0.0816452 0.000466725
   0.910892    0.280428    0.112552    0.798659   0.0382327   0.0816452 0.000466725
   0.910892    0.280428    0.112552    0.798659   0.0382327   0.0816452 0.000466725
   0.910892    0.280428    0.112552    0.798659   0.0382327   0.0816452 0.000466725
   0.917309    0.319393    0.114229    0.793733   0.0366844   0.0805581  0.00021736
   0.917309    0.319393    0.114229    0.793733   0.0366844   0.0805581 0.000218853
   0.917309    0.319393    0.114229    0.793733   0.0366844   0.0805581 0.000218853
   0.917309    0.319393    0.114229    0.793733   0.0366844   0.0805581 0.000218853
   0.917309    0.319393    0.114229    0.793733   0.0366844   0.0805581 0.000218853
   0.917309    0.319393    0.114229    0.793733   0.0366844   0.0805581 0.000218853
   0.917309    0.319393    0.114229    0.793733   0.0366844   0.0805581 0.000218853
   0.917309    0.319393    0.114229    0.793733   0.0366844   0.0805581 0.000218853
   0.917309    0.319393    0.114229    0.793733   0.0366844   0.0805581 0.000218853
   0.917309    0.319393    0.114229    0.793733   0.0366844   0.0805581 0.000218853
   0.917309    0.319393    0.114229    0.793733   0.0366844   0.0805581 0.000218853
   0.917309    0.319393    0.114229    0.793733   0.0366844   0.0805581 0.000218853
   0.917309    0.319393    0.114229    0.793733   0.0366844   0.0805581 0.000218853
   0.917309    0.319393    0.114229    0.793733   0.0366844   0.0805581 0.000218853
   0.917309    0.319393    0.114229    0.793733   0.0366844   0.0805581 0.000218853
   0.917309    0.319393    0.114229    0.793733   0.0366844   0.0805581 0.000218853
   0.917309    0.319393    0.114229    0.793733   0.0366844   0.0805581 0.000218853
   0.917309    0.319393    0.114229    0.793733   0.0366844   0.0805581 0.000218853
   0.917309    0.319393    0.114229    0.793733   0.0366844   0.0805581 0.000218853
   0.917309    0.319393    0.114229    0.793733   0.0366844   0.0805581 0.000218853
   0.917309    0.319393    0.114229    0.793733   0.0366844   0.0805581 0.000218853
   0.917309    0.319393    0.114229    0.793733   0.0366844   0.0805581 0.000218853
   0.917309    0.319393    0.114229    0.793733   0.0366844   0.0805581 0.000218853
   0.917309    0.319393    0.114229    0.793733   0.0366844   0.0805581 0.000218853
   0.917309    0.319393    0.114229    0.793733   0.0366844   0.0805581 0.000218853
   0.917309    0.319393    0.114229    0.793733   0.0366844   0.0805581 0.000218853
   0.917309    0.319393    0.114229    0.793733   0.0366844   0.0805581 0.000218853
   0.917309    0.319393    0.114229    0.793733   0.0366844   0.0805581 0.000218853
   0.917309    0.319393    0.114229    0.793733   0.0366844   0.0805581 0.000218853
   0.917309    0.319393    0.114229    0.793733   0.0366844   0.0805581 0.000218853
   0.917309    0.319393    0.114229    0.793733   0.0366844   0.0805581 0.000218853
   0.917309    0.319393    0.114229    0.793733   0.0366844   0.0805581 0.000218853
   0.917309    0.319393    0.114229    0.793733   0.0366844   0.0805581 0.000218853
   0.917309    0.319393    0.114229    0.793733   0.0366844   0.0805581 0.000218853
   0.917309    0.319393    0.114229    0.793733   0.0366844   0.0805581 0.000218853
   0.917309    0.319393    0.114229    0.793733   0.0366844   0.0805581 0.000218853
   0.917309    0.319393    0.114229    0.793733   0.0366844   0.0805581 0.000218853
   0.917309    0.319393    0.114229    0.793733   0.0366844   0.0805581 0.000218853
   0.917309    0.319393    0.114229    0.793733   0.0366844   0.0805581 0.000218853
    0.94036    0.269304    0.113839    0.788565   0.0341317   0.0806554 0.000218298
    0.94036    0.269304    0.113839    0.788565   0.0341317   0.0806554 0.000218298
    0.94036    0.269304    0.113839    0.788565   0.0341317   0.0806554 0.000218298
    0.94036    0.269304    0.113839    0.788565   0.0341317   0.0806554 0.000218298
    0.94036    0.269304    0.113839    0.788565   0.0341317   0.0806554 0.000218298
    0.94036    0.269304    0.113839    0.788565   0.0341317   0.0806554 0.000218298
    0.94036    0.269304    0.113839    0.788565   0.0341317   0.0806554 0.000218298
    0.94036    0.269304    0.113839    0.788565   0.0341317   0.0806554 0.000218298
    0.94036    0.269304    0.113839    0.788565   0.0341317   0.0806554 0.000218298
    0.94036    0.269304    0.113839    0.788565   0.0341317   0.0806554 0.000218298
    0.94036    0.269304    0.113839    0.788565   0.0341317   0.0806554 0.000218298
    0.94036    0.269304    0.113839    0.788565   0.0341317   0.0806554 0.000218298
    0.94036    0.269304    0.113839    0.788565   0.0341317   0.0806554 0.000218298
    0.94036    0.269304    0.113839    0.788565   0.0341317   0.0806554 0.000218842
    0.94036    0.269304    0.113839    0.788565   0.0341317   0.0806554 0.000218842
    0.94036    0.269304    0.113839    0.788565   0.0341317   0.0806554 0.000218842
    0.94036    0.269304    0.113839    0.788565   0.0341317   0.0806554 0.000218842
    0.94036    0.269304    0.113839    0.788565   0.0341317   0.0806554 0.000218842
    0.94036    0.269304    0.113839    0.788565   0.0341317   0.0806554 0.000218842
    0.94036    0.269304    0.113839    0.788565   0.0341317   0.0806554 0.000218842
    0.94036    0.269304    0.113839    0.788565   0.0341317   0.0806554 0.000218842
    0.94036    0.269304    0.113839    0.788565   0.0341317   0.0806554 0.000218842
    0.94036    0.269304    0.113839    0.788565   0.0341317   0.0806554 0.000218842
    0.94036    0.269304    0.113839    0.788565   0.0341317   0.0806554 0.000218842
    0.94036    0.269304    0.113839    0.788565   0.0341317   0.0806554 0.000218842
    0.94036    0.269304    0.113839    0.788565   0.0341317   0.0806554 0.000218842
    0.94036    0.269304    0.113839    0.788565   0.0341317   0.0806554 0.000218842
    0.94036    0.269304    0.113839    0.788565   0.0341317   0.0806554 0.000218842
    0.94036    0.269304    0.113839    0.788565   0.0341317   0.0806554 0.000218842
    0.94036    0.269304    0.113839    0.788565   0.0341317   0.0806554 0.000218842
    0.94036    0.269304    0.113839    0.788565   0.0341317   0.0806554 0.000218842
    0.94036    0.269304    0.113839    0.788565   0.0341317   0.0806554 0.000218842
    0.94036    0.269304    0.113839    0.788565   0.0341317   0.0806554 0.000218842
    0.94036    0.269304    0.113839    0.788565   0.0341317   0.0806554 0.000218842
    0.94036    0.269304    0.113839    0.788565   0.0341317   0.0806554 0.000218842
    0.94036    0.269304    0.113839    0.788565   0.0341317   0.0806554 0.000218842
    0.94036    0.269304    0.113839    0.788565   0.0341317   0.0806554 0.000218842
    0.94036    0.269304    0.113839    0.788565   0.0341317   0.0806554 0.000218842
    0.94036    0.269304    0.113839    0.788565   0.0341317   0.0806554 0.000218842
    0.94036    0.269304    0.113839    0.788565   0.0341317   0.0806554 0.000218842
    0.94036    0.269304    0.113839    0.788565   0.0341317   0.0806554 0.000218842
    0.94036    0.269304    0.113839    0.788565   0.0341317   0.0806554 0.000218842
    0.94036    0.269304    0.113839    0.788565   0.0341317   0.0806554 0.000218842
    0.94036    0.269304    0.113839    0.788565   0.0341317   0.0806554 0.000218842
    0.94036    0.269304    0.113839    0.788565   0.0341317   0.0806554 0.000218842
    0.94036    0.269304    0.113839    0.788565   0.0341317   0.0806554 0.000218842
    0.94036    0.269304    0.113839    0.788565   0.0341317   0.0806554 0.000218842
    0.94036    0.269304    0.113839    0.788565   0.0341317   0.0806554 0.000218842
    0.94036    0.269304    0.113839    0.788565   0.0341317   0.0806554 0.000218842
    0.94036    0.269304    0.113839    0.788565   0.0341317   0.0806554 0.000218842
    0.94036    0.269304    0.113839    0.788565   0.0341317   0.0806554 0.000218842
    0.94036    0.269304    0.113839    0.788565   0.0341317   0.0806554 0.000218842
    0.94036    0.269304    0.113839    0.788565   0.0341317   0.0806554 0.000218842
    0.94036    0.269304    0.113839    0.788565   0.0341317   0.0806554 0.000218842
    0.94036    0.269304    0.113839    0.788565   0.0341317   0.0806554 0.000218842
    0.94036    0.269304    0.113839    0.788565   0.0341317   0.0806554 0.000218842
    0.94036    0.269304    0.113839    0.788565   0.0341317   0.0806554 0.000218842
    0.94036    0.269304    0.113839    0.788565   0.0341317   0.0806554 0.000218842
    0.94036    0.269304    0.113839    0.788565   0.0341317   0.0806554 0.000218842
    0.94036    0.269304    0.113839    0.788565   0.0341317   0.0806554 0.000218842
    0.94036    0.269304    0.113839    0.788565   0.0341317   0.0806554 0.000218842
    0.94036    0.269304    0.113839    0.788565   0.0341317   0.0806554 0.000218842
    0.94036    0.269304    0.113839    0.788565   0.0341317   0.0806554 0.000218842
    0.94036    0.269304    0.113839    0.788565   0.0341317   0.0806554 0.000218842
    0.94036    0.269304    0.113839    0.788565   0.0341317   0.0806554 0.000218842
    0.94036    0.269304    0.113839    0.788565   0.0341317   0.0806554 0.000218842
    0.94036    0.269304    0.113839    0.788565   0.0341317   0.0806554 0.000218842
    0.94036    0.269304    0.113839    0.788565   0.0341317   0.0806554 0.000218842
    0.94036    0.269304    0.113839    0.788565   0.0341317   0.0806554 0.000218842
    0.94036    0.269304    0.113839    0.788565   0.0341317   0.0806554 0.000218842
    0.94036    0.269304    0.113839    0.788565   0.0341317   0.0806554 0.000218842
    0.94036    0.269304    0.113839    0.788565   0.0341317   0.0806554 0.000218842
    0.94036    0.269304    0.113839    0.788565   0.0341317   0.0806554 0.000218842
    0.94036    0.269304    0.113839    0.788565   0.0341317   0.0806554 0.000218842
    0.94036    0.269304    0.113839    0.788565   0.0341317   0.0806554 0.000218842
    0.94036    0.269304    0.113839    0.788565   0.0341317   0.0806554 0.000218842
    0.94036    0.269304    0.113839    0.788565   0.0341317   0.0806554 0.000218842
    0.94036    0.269304    0.113839    0.788565   0.0341317   0.0806554 0.000218842
    0.94036    0.269304    0.113839    0.788565   0.0341317   0.0806554 0.000218842
    0.94036    0.269304    0.113839    0.788565   0.0341317   0.0806554 0.000218842
    0.94036    0.269304    0.113839    0.788565   0.0341317   0.0806554 0.000218842
   0.920017    0.295481    0.106162    0.811245   0.0441228   0.0749079 0.000186596
   0.920017    0.295481    0.106162    0.811245   0.0441228   0.0749079 0.000186596
   0.920017    0.295481    0.106162    0.811245   0.0441228   0.0749079 0.000186596
   0.920017    0.295481    0.106162    0.811245   0.0441228   0.0749079 0.000186596
   0.920017    0.295481    0.106162    0.811245   0.0441228   0.0749079 0.000186596
   0.920017    0.295481    0.106162    0.811245   0.0441228   0.0749079 0.000186596
   0.920017    0.295481    0.106162    0.811245   0.0441228   0.0749079 0.000186596
   0.920017    0.295481    0.106162    0.811245   0.0441228   0.0749079 0.000186596
   0.920017    0.295481    0.106162    0.811245   0.0441228   0.0749079 0.000186596
   0.920017    0.295481    0.106162    0.811245   0.0441228   0.0749079 0.000186596
   0.920017    0.295481    0.106162    0.811245   0.0441228   0.0749079 0.000186596
   0.920017    0.295481    0.106162    0.811245   0.0441228   0.0749079 0.000186596
   0.920017    0.295481    0.106162    0.811245   0.0441228   0.0749079 0.000186596
   0.920017    0.295481    0.106162    0.811245   0.0441228   0.0749079 0.000186596
   0.920017    0.295481    0.106162    0.811245   0.0441228   0.0749079 0.000186596
   0.920017    0.295481    0.106162    0.811245   0.0441228   0.0749079 0.000186596
   0.920017    0.295481    0.106162    0.811245   0.0441228   0.0749079 0.000186596
   0.920017    0.295481    0.106162    0.811245   0.0441228   0.0749079 0.000186596
   0.920017    0.295481    0.106162    0.811245   0.0441228   0.0749079 0.000186596
   0.920017    0.295481    0.106162    0.811245   0.0441228   0.0749079 0.000186596
   0.920017    0.295481    0.106162    0.811245   0.0441228   0.0749079 0.000186596
   0.920017    0.295481    0.106162    0.811245   0.0441228   0.0749079 0.000186596
   0.920017    0.295481    0.106162    0.811245   0.0441228   0.0749079 0.000186596
   0.920017    0.295481    0.106162    0.811245   0.0441228   0.0749079 0.000186596
   0.920017    0.295481    0.106162    0.811245   0.0441228   0.0749079 0.000186596
   0.920017    0.295481    0.106162    0.811245   0.0441228   0.0749079 0.000186596
   0.920017    0.295481    0.106162    0.811245   0.0441228   0.0749079 0.000186596
   0.920017    0.295481    0.106162    0.811245   0.0441228   0.0749079 0.000186596
   0.920017    0.295481    0.106162    0.811245   0.0441228   0.0749079 0.000186596
   0.920017    0.295481    0.106162    0.811245   0.0441228   0.0749079 0.000186596
   0.920017    0.295481    0.106162    0.811245   0.0441228   0.0749079 0.000186596
   0.920017    0.295481    0.106162    0.811245   0.0441228   0.0749079 0.000186596
   0.920017    0.295481    0.106162    0.811245   0.0441228   0.0749079 0.000186596
   0.920017    0.295481    0.106162    0.811245   0.0441228   0.0749079 0.000186596
   0.920017    0.295481    0.106162    0.811245   0.0441228   0.0749079 0.000186689
   0.920017    0.295481    0.106162    0.811245   0.0441228   0.0749079 0.000186689
   0.920017    0.295481    0.106162    0.811245   0.0441228   0.0749079 0.000186689
   0.920017    0.295481    0.106162    0.811245   0.0441228   0.0749079 0.000186689
   0.920017    0.295481    0.106162    0.811245   0.0441228   0.0749079 0.000186689
   0.920017    0.295481    0.106162    0.811245   0.0441228   0.0749079 0.000186689
   0.920017    0.295481    0.106162    0.811245   0.0441228   0.0749079 0.000186689
   0.920017    0.295481    0.106162    0.811245   0.0441228   0.0749079 0.000186689
   0.920017    0.295481    0.106162    0.811245   0.0441228   0.0749079 0.000186689
   0.920017    0.295481    0.106162    0.811245   0.0441228   0.0749079 0.000186689
   0.920017    0.295481    0.106162    0.811245   0.0441228   0.0749079 0.000186689
   0.920017    0.295481    0.106162    0.811245   0.0441228   0.0749079 0.000186689
   0.920017    0.295481    0.106162    0.811245   0.0441228   0.0749079 0.000186689
   0.920017    0.295481    0.106162    0.811245   0.0441228   0.0749079 0.000186689
   0.920017    0.295481    0.106162    0.811245   0.0441228   0.0749079 0.000186689
   0.920017    0.295481    0.106162    0.811245   0.0441228   0.0749079 0.000186689
   0.920017    0.295481    0.106162    0.811245   0.0441228   0.0749079 0.000186689
   0.919124    0.289557    0.107495    0.805675    0.042227   0.0759903 0.000182942
   0.919124    0.289557    0.107495    0.805675    0.042227   0.0759903 0.000182942
   0.919124    0.289557    0.107495    0.805675    0.042227   0.0759903 0.000182942
   0.919124    0.289557    0.107495    0.805675    0.042227   0.0759903 0.000182942
   0.919124    0.289557    0.107495    0.805675    0.042227   0.0759903 0.000182942
   0.919124    0.289557    0.107495    0.805675    0.042227   0.0759903 0.000182942
   0.919124    0.289557    0.107495    0.805675    0.042227   0.0759903 0.000182942
   0.919124    0.289557    0.107495    0.805675    0.042227   0.0759903 0.000182942
   0.919124    0.289557    0.107495    0.805675    0.042227   0.0759903 0.000182942
   0.919124    0.289557    0.107495    0.805675    0.042227   0.0759903 0.000182942
   0.919124    0.289557    0.107495    0.805675    0.042227   0.0759903 0.000182942
   0.919124    0.289557    0.107495    0.805675    0.042227   0.0759903 0.000182942
   0.919124    0.289557    0.107495    0.805675    0.042227   0.0759903 0.000182942
   0.919124    0.289557    0.107495    0.805675    0.042227   0.0759903 0.000182942
   0.919124    0.289557    0.107495    0.805675    0.042227   0.0759903 0.000182942
   0.919124    0.289557    0.107495    0.805675    0.042227   0.0759903 0.000182942
   0.919124    0.289557    0.107495    0.805675    0.042227   0.0759903 0.000182942
   0.919242    0.290269    0.107436    0.805112   0.0421953   0.0757894 0.000173729
   0.919242    0.290269    0.107436    0.805112   0.0421953   0.0757894 0.000173729
   0.919242    0.290269    0.107436    0.805112   0.0421953   0.0757894 0.000173729
   0.919242    0.290269    0.107436    0.805112   0.0421953   0.0757894 0.000173729
   0.919242    0.290269    0.107436    0.805112   0.0421953   0.0757894 0.000173729
   0.919242    0.290269    0.107436    0.805112   0.0421953   0.0757894 0.000173729
   0.919242    0.290269    0.107436    0.805112   0.0421953   0.0757894 0.000173729
   0.919242    0.290269    0.107436    0.805112   0.0421953   0.0757894 0.000173729
   0.919242    0.290269    0.107436    0.805112   0.0421953   0.0757894 0.000173729
   0.919242    0.290269    0.107436    0.805112   0.0421953   0.0757894 0.000173729
   0.919242    0.290269    0.107436    0.805112   0.0421953   0.0757894 0.000173729
   0.919242    0.290269    0.107436    0.805112   0.0421953   0.0757894 0.000173729
   0.919242    0.290269    0.107436    0.805112   0.0421953   0.0757894 0.000173729
   0.919242    0.290269    0.107436    0.805112   0.0421953   0.0757894 0.000173729
   0.919242    0.290269    0.107436    0.805112   0.0421953   0.0757894 0.000173729
   0.919242    0.290269    0.107436    0.805112   0.0421953   0.0757894 0.000173729
   0.919242    0.290269    0.107436    0.805112   0.0421953   0.0757894 0.000173729
   0.919242    0.290269    0.107436    0.805112   0.0421953   0.0757894 0.000173711
   0.919242    0.290269    0.107436    0.805112   0.0421953   0.0757894 0.000173711
   0.919242    0.290269    0.107436    0.805112   0.0421953   0.0757894 0.000173711
   0.919242    0.290269    0.107436    0.805112   0.0421953   0.0757894 0.000173711
   0.919242    0.290269    0.107436    0.805112   0.0421953   0.0757894 0.000173711
   0.919242    0.290269    0.107436    0.805112   0.0421953   0.0757894 0.000173711
   0.919242    0.290269    0.107436    0.805112   0.0421953   0.0757894 0.000173711
   0.919242    0.290269    0.107436    0.805112   0.0421953   0.0757894 0.000173711
   0.919242    0.290269    0.107436    0.805112   0.0421953   0.0757894 0.000173711
   0.919242    0.290269    0.107436    0.805112   0.0421953   0.0757894 0.000173711
   0.919242    0.290269    0.107436    0.805112   0.0421953   0.0757894 0.000173711
   0.919242    0.290269    0.107436    0.805112   0.0421953   0.0757894 0.000173711
   0.919242    0.290269    0.107436    0.805112   0.0421953   0.0757894 0.000173711
   0.919242    0.290269    0.107436    0.805112   0.0421953   0.0757894 0.000173711
   0.919242    0.290269    0.107436    0.805112   0.0421953   0.0757894 0.000173711
   0.919242    0.290269    0.107436    0.805112   0.0421953   0.0757894 0.000173711
   0.919242    0.290269    0.107436    0.805112   0.0421953   0.0757894 0.000173711
   0.919242    0.290269    0.107436    0.805112   0.0421953   0.0757894 0.000173711
   0.919242    0.290269    0.107436    0.805112   0.0421953   0.0757894 0.000173711
   0.919242    0.290269    0.107436    0.805112   0.0421953   0.0757894 0.000173711
   0.919242    0.290269    0.107436    0.805112   0.0421953   0.0757894 0.000173711
   0.919242    0.290269    0.107436    0.805112   0.0421953   0.0757894 0.000173711
   0.919242    0.290269    0.107436    0.805112   0.0421953   0.0757894 0.000173711
   0.919242    0.290269    0.107436    0.805112   0.0421953   0.0757894 0.000173711
   0.919242    0.290269    0.107436    0.805112   0.0421953   0.0757894 0.000173711
   0.919242    0.290269    0.107436    0.805112   0.0421953   0.0757894 0.000173711
   0.919242    0.290269    0.107436    0.805112   0.0421953   0.0757894 0.000173711
   0.919242    0.290269    0.107436    0.805112   0.0421953   0.0757894 0.000173711
   0.919242    0.290269    0.107436    0.805112   0.0421953   0.0757894 0.000173711
   0.919242    0.290269    0.107436    0.805112   0.0421953   0.0757894 0.000173711
   0.919242    0.290269    0.107436    0.805112   0.0421953   0.0757894 0.000173711
   0.919242    0.290269    0.107436    0.805112   0.0421953   0.0757894 0.000173711
   0.919242    0.290269    0.107436    0.805112   0.0421953   0.0757894 0.000173711
   0.919242    0.290269    0.107436    0.805112   0.0421953   0.0757894 0.000173711
   0.919242    0.290269    0.107436    0.805112   0.0421953   0.0757894 0.000173711
   0.919242    0.290269    0.107436    0.805112   0.0421953   0.0757894 0.000173711
   0.919242    0.290269    0.107436    0.805112   0.0421953   0.0757894 0.000173711
   0.919242    0.290269    0.107436    0.805112   0.0421953   0.0757894 0.000173711
   0.919242    0.290269    0.107436    0.805112   0.0421953   0.0757894 0.000173711
   0.919242    0.290269    0.107436    0.805112   0.0421953   0.0757894 0.000173711
   0.919242    0.290269    0.107436    0.805112   0.0421953   0.0757894 0.000173711
   0.919242    0.290269    0.107436    0.805112   0.0421953   0.0757894 0.000173711
   0.919242    0.290269    0.107436    0.805112   0.0421953   0.0757894 0.000173711
   0.919242    0.290269    0.107436    0.805112   0.0421953   0.0757894 0.000173711
   0.919242    0.290269    0.107436    0.805112   0.0421953   0.0757894 0.000173711
   0.919242    0.290269    0.107436    0.805112   0.0421953   0.0757894 0.000173711
   0.919242    0.290269    0.107436    0.805112   0.0421953   0.0757894 0.000173711
   0.919242    0.290269    0.107436    0.805112   0.0421953   0.0757894 0.000173711
   0.919242    0.290269    0.107436    0.805112   0.0421953   0.0757894 0.000173711
   0.919242    0.290269    0.107436    0.805112   0.0421953   0.0757894 0.000173711
   0.919242    0.290269    0.107436    0.805112   0.0421953   0.0757894 0.000173711
   0.919242    0.290269    0.107436    0.805112   0.0421953   0.0757894 0.000173711
   0.919242    0.290269    0.107436    0.805112   0.0421953   0.0757894 0.000173711
   0.919242    0.290269    0.107436    0.805112   0.0421953   0.0757894 0.000173711
   0.919242    0.290269    0.107436    0.805112   0.0421953   0.0757894 0.000173711
   0.919242    0.290269    0.107436    0.805112   0.0421953   0.0757894 0.000173711
   0.919242    0.290269    0.107436    0.805112   0.0421953   0.0757894 0.000173711
   0.919242    0.290269    0.107436    0.805112   0.0421953   0.0757894 0.000173711
   0.919242    0.290269    0.107436    0.805112   0.0421953   0.0757894 0.000173711
   0.919242    0.290269    0.107436    0.805112   0.0421953   0.0757894 0.000173711
   0.919242    0.290269    0.107436    0.805112   0.0421953   0.0757894 0.000173711
   0.919242    0.290269    0.107436    0.805112   0.0421953   0.0757894 0.000173711
   0.919242    0.290269    0.107436    0.805112   0.0421953   0.0757894 0.000173711
   0.919242    0.290269    0.107436    0.805112   0.0421953   0.0757894 0.000173711
   0.919242    0.290269    0.107436    0.805112   0.0421953   0.0757894 0.000173711
   0.919242    0.290269    0.107436    0.805112   0.0421953   0.0757894 0.000173711
   0.919242    0.290269    0.107436    0.805112   0.0421953   0.0757894 0.000173711
   0.919242    0.290269    0.107436    0.805112   0.0421953   0.0757894 0.000173711
   0.919242    0.290269    0.107436    0.805112   0.0421953   0.0757894 0.000173711
   0.919242    0.290269    0.107436    0.805112   0.0421953   0.0757894 0.000173711
   0.919242    0.290269    0.107436    0.805112   0.0421953   0.0757894 0.000173711
   0.919242    0.290269    0.107436    0.805112   0.0421953   0.0757894 0.000173711
   0.919242    0.290269    0.107436    0.805112   0.0421953   0.0757894 0.000173711
   0.919242    0.290269    0.107436    0.805112   0.0421953   0.0757894 0.000173711
   0.919242    0.290269    0.107436    0.805112   0.0421953   0.0757894 0.000173711
   0.919242    0.290269    0.107436    0.805112   0.0421953   0.0757894 0.000173711
   0.919242    0.290269    0.107436    0.805112   0.0421953   0.0757894 0.000173711
   0.919242    0.290269    0.107436    0.805112   0.0421953   0.0757894 0.000173711
   0.919242    0.290269    0.107436    0.805112   0.0421953   0.0757894 0.000173711
   0.919242    0.290269    0.107436    0.805112   0.0421953   0.0757894 0.000173711
   0.919242    0.290269    0.107436    0.805112   0.0421953   0.0757894 0.000173711
   0.919242    0.290269    0.107436    0.805112   0.0421953   0.0757894 0.000173711
   0.919242    0.290269    0.107436    0.805112   0.0421953   0.0757894 0.000173711
   0.919242    0.290269    0.107436    0.805112   0.0421953   0.0757894 0.000173711
   0.919242    0.290269    0.107436    0.805112   0.0421953   0.0757894 0.000173711
   0.919242    0.290269    0.107436    0.805112   0.0421953   0.0757894 0.000173711
   0.919236    0.290764    0.107397    0.804823    0.042062   0.0755832 0.000169882
   0.919236    0.290764    0.107397    0.804823    0.042062   0.0755832 0.000169882
   0.919236    0.290764    0.107397    0.804823    0.042062   0.0755832 0.000169882
   0.919236    0.290764    0.107397    0.804823    0.042062   0.0755832 0.000169882
   0.919236    0.290764    0.107397    0.804823    0.042062   0.0755832 0.000169882
   0.919236    0.290764    0.107397    0.804823    0.042062   0.0755832 0.000169882
   0.919236    0.290764    0.107397    0.804823    0.042062   0.0755832 0.000169882
   0.919236    0.290764    0.107397    0.804823    0.042062   0.0755832 0.000169882
   0.919236    0.290764    0.107397    0.804823    0.042062   0.0755832 0.000169882
   0.919236    0.290764    0.107397    0.804823    0.042062   0.0755832 0.000169882
   0.919236    0.290764    0.107397    0.804823    0.042062   0.0755832 0.000169882
   0.919236    0.290764    0.107397    0.804823    0.042062   0.0755832 0.000169882
   0.919236    0.290764    0.107397    0.804823    0.042062   0.0755832 0.000169882
   0.919236    0.290764    0.107397    0.804823    0.042062   0.0755832 0.000169882
   0.919236    0.290764    0.107397    0.804823    0.042062   0.0755832 0.000169882
   0.919236    0.290764    0.107397    0.804823    0.042062   0.0755832 0.000169882
   0.919236    0.290764    0.107397    0.804823    0.042062   0.0755832 0.000169866
   0.919236    0.290764    0.107397    0.804823    0.042062   0.0755832 0.000169866
   0.919236    0.290764    0.107397    0.804823    0.042062   0.0755832 0.000169866
   0.919236    0.290764    0.107397    0.804823    0.042062   0.0755832 0.000169866
   0.919236    0.290764    0.107397    0.804823    0.042062   0.0755832 0.000169866
   0.919236    0.290764    0.107397    0.804823    0.042062   0.0755832 0.000169866
   0.919236    0.290764    0.107397    0.804823    0.042062   0.0755832 0.000169866
   0.919236    0.290764    0.107397    0.804823    0.042062   0.0755832 0.000169866
   0.919236    0.290764    0.107397    0.804823    0.042062   0.0755832 0.000169866
   0.919236    0.290764    0.107397    0.804823    0.042062   0.0755832 0.000169866
   0.919236    0.290764    0.107397    0.804823    0.042062   0.0755832 0.000169866
   0.919236    0.290764    0.107397    0.804823    0.042062   0.0755832 0.000169866
   0.919236    0.290764    0.107397    0.804823    0.042062   0.0755832 0.000169866
   0.919236    0.290764    0.107397    0.804823    0.042062   0.0755832 0.000169866
   0.919236    0.290764    0.107397    0.804823    0.042062   0.0755832 0.000169866
   0.919236    0.290764    0.107397    0.804823    0.042062   0.0755832 0.000169866
   0.919236    0.290764    0.107397    0.804823    0.042062   0.0755832 0.000169866
   0.919236    0.290764    0.107397    0.804823    0.042062   0.0755832 0.000169866
   0.919236    0.290764    0.107397    0.804823    0.042062   0.0755832 0.000169866
   0.919236    0.290764    0.107397    0.804823    0.042062   0.0755832 0.000169866
   0.919236    0.290764    0.107397    0.804823    0.042062   0.0755832 0.000169866
   0.919236    0.290764    0.107397    0.804823    0.042062   0.0755832 0.000169866
   0.919236    0.290764    0.107397    0.804823    0.042062   0.0755832 0.000169866
   0.919236    0.290764    0.107397    0.804823    0.042062   0.0755832 0.000169866
   0.919236    0.290764    0.107397    0.804823    0.042062   0.0755832 0.000169866
   0.919236    0.290764    0.107397    0.804823    0.042062   0.0755832 0.000169866
   0.919236    0.290764    0.107397    0.804823    0.042062   0.0755832 0.000169866
   0.919236    0.290764    0.107397    0.804823    0.042062   0.0755832 0.000169866
   0.919219    0.287777     0.10745    0.798474   0.0409872   0.0754861 0.000168486
   0.919219    0.287777     0.10745    0.798474   0.0409872   0.0754861 0.000168486
   0.919219    0.287777     0.10745    0.798474   0.0409872   0.0754861 0.000168486
   0.919219    0.287777     0.10745    0.798474   0.0409872   0.0754861 0.000168486
   0.919336     0.28784    0.107431    0.798797   0.0409669   0.0754644 0.000167144
   0.919336     0.28784    0.107431    0.798797   0.0409669   0.0754644 0.000167144
   0.919336     0.28784    0.107431    0.798797   0.0409669   0.0754644 0.000167144
   0.919336     0.28784    0.107431    0.798797   0.0409669   0.0754644 0.000167144
   0.919336     0.28784    0.107431    0.798797   0.0409669   0.0754644 0.000167144
   0.919336     0.28784    0.107431    0.798797   0.0409669   0.0754644 0.000167144
   0.919336     0.28784    0.107431    0.798797   0.0409669   0.0754644 0.000167144
   0.919336     0.28784    0.107431    0.798797   0.0409669   0.0754644 0.000167144
   0.919336     0.28784    0.107431    0.798797   0.0409669   0.0754644 0.000167144
   0.919336     0.28784    0.107431    0.798797   0.0409669   0.0754644 0.000167144
   0.919336     0.28784    0.107431    0.798797   0.0409669   0.0754644 0.000167144
   0.919336     0.28784    0.107431    0.798797   0.0409669   0.0754644 0.000167144
   0.919336     0.28784    0.107431    0.798797   0.0409669   0.0754644 0.000167144
   0.919336     0.28784    0.107431    0.798797   0.0409669   0.0754644 0.000167144
   0.919336     0.28784    0.107431    0.798797   0.0409669   0.0754644 0.000167144
   0.919336     0.28784    0.107431    0.798797   0.0409669   0.0754644 0.000167144
   0.919336     0.28784    0.107431    0.798797   0.0409669   0.0754644 0.000167144
   0.919336     0.28784    0.107431    0.798797   0.0409669   0.0754644 0.000167144
   0.919336     0.28784    0.107431    0.798797   0.0409669   0.0754644 0.000167144
   0.919336     0.28784    0.107431    0.798797   0.0409669   0.0754644 0.000167101
   0.919336     0.28784    0.107431    0.798797   0.0409669   0.0754644 0.000167101
   0.919336     0.28784    0.107431    0.798797   0.0409669   0.0754644 0.000167101
   0.919336     0.28784    0.107431    0.798797   0.0409669   0.0754644 0.000167101
   0.919336     0.28784    0.107431    0.798797   0.0409669   0.0754644 0.000167101
   0.919336     0.28784    0.107431    0.798797   0.0409669   0.0754644 0.000167101
   0.919336     0.28784    0.107431    0.798797   0.0409669   0.0754644 0.000167101
   0.919336     0.28784    0.107431    0.798797   0.0409669   0.0754644 0.000167101
   0.919336     0.28784    0.107431    0.798797   0.0409669   0.0754644 0.000167101
   0.919336     0.28784    0.107431    0.798797   0.0409669   0.0754644 0.000167101
   0.919336     0.28784    0.107431    0.798797   0.0409669   0.0754644 0.000167101
   0.919336     0.28784    0.107431    0.798797   0.0409669   0.0754644 0.000167101
   0.919336     0.28784    0.107431    0.798797   0.0409669   0.0754644 0.000167101
   0.919336     0.28784    0.107431    0.798797   0.0409669   0.0754644 0.000167101
   0.919336     0.28784    0.107431    0.798797   0.0409669   0.0754644 0.000167101
   0.919336     0.28784    0.107431    0.798797   0.0409669   0.0754644 0.000167101
   0.919336     0.28784    0.107431    0.798797   0.0409669   0.0754644 0.000167101
   0.919336     0.28784    0.107431    0.798797   0.0409669   0.0754644 0.000167101
   0.919336     0.28784    0.107431    0.798797   0.0409669   0.0754644 0.000167101
   0.919336     0.28784    0.107431    0.798797   0.0409669   0.0754644 0.000167101
   0.919454    0.288439    0.107223    0.799057   0.0412235   0.0753754 0.000166991
    0.92989      0.2812     0.10682    0.798737   0.0411531   0.0751651 0.000161396
    0.92989      0.2812     0.10682    0.798737   0.0411531   0.0751651 0.000161396
    0.92989      0.2812     0.10682    0.798737   0.0411531   0.0751651 0.000161396
    0.92989      0.2812     0.10682    0.798737   0.0411531   0.0751651 0.000161396
    0.92989      0.2812     0.10682    0.798737   0.0411531   0.0751651 0.000161396
    0.92989      0.2812     0.10682    0.798737   0.0411531   0.0751651 0.000161396
    0.92989      0.2812     0.10682    0.798737   0.0411531   0.0751651 0.000161396
    0.92989      0.2812     0.10682    0.798737   0.0411531   0.0751651 0.000161396
    0.92989      0.2812     0.10682    0.798737   0.0411531   0.0751651 0.000161396
    0.92989      0.2812     0.10682    0.798737   0.0411531   0.0751651 0.000161396
    0.92989      0.2812     0.10682    0.798737   0.0411531   0.0751651 0.000161396
    0.92989      0.2812     0.10682    0.798737   0.0411531   0.0751651 0.000161396
    0.92989      0.2812     0.10682    0.798737   0.0411531   0.0751651 0.000161396
    0.92989      0.2812     0.10682    0.798737   0.0411531   0.0751651 0.000161396
    0.92989      0.2812     0.10682    0.798737   0.0411531   0.0751651 0.000161396
    0.92989      0.2812     0.10682    0.798737   0.0411531   0.0751651 0.000161396
    0.92989      0.2812     0.10682    0.798737   0.0411531   0.0751651 0.000161396
    0.92989      0.2812     0.10682    0.798737   0.0411531   0.0751651 0.000161396
    0.92989      0.2812     0.10682    0.798737   0.0411531   0.0751651 0.000161396
    0.92989      0.2812     0.10682    0.798737   0.0411531   0.0751651 0.000161396
    0.92989      0.2812     0.10682    0.798737   0.0411531   0.0751651 0.000161396
    0.92989      0.2812     0.10682    0.798737   0.0411531   0.0751651 0.000161396
    0.92989      0.2812     0.10682    0.798737   0.0411531   0.0751651 0.000161396
    0.92989      0.2812     0.10682    0.798737   0.0411531   0.0751651 0.000161396
    0.92989      0.2812     0.10682    0.798737   0.0411531   0.0751651 0.000161396
   0.932336    0.281815    0.107133    0.800333   0.0410984   0.0753127 0.000161386
   0.932336    0.281815    0.107133    0.800333   0.0410984   0.0753127 0.000161386
   0.932336    0.281815    0.107133    0.800333   0.0410984   0.0753127 0.000161386
   0.932336    0.281815    0.107133    0.800333   0.0410984   0.0753127 0.000161386
   0.932336    0.281815    0.107133    0.800333   0.0410984   0.0753127 0.000161386
   0.932336    0.281815    0.107133    0.800333   0.0410984   0.0753127 0.000161325
   0.932336    0.281815    0.107133    0.800333   0.0410984   0.0753127 0.000161325
   0.932336    0.281815    0.107133    0.800333   0.0410984   0.0753127 0.000161325
   0.932336    0.281815    0.107133    0.800333   0.0410984   0.0753127 0.000161325
   0.932336    0.281815    0.107133    0.800333   0.0410984   0.0753127 0.000161325
   0.932336    0.281815    0.107133    0.800333   0.0410984   0.0753127 0.000161325
   0.932336    0.281815    0.107133    0.800333   0.0410984   0.0753127 0.000161325
   0.932336    0.281815    0.107133    0.800333   0.0410984   0.0753127 0.000161325
   0.932336    0.281815    0.107133    0.800333   0.0410984   0.0753127 0.000161325
   0.932336    0.281815    0.107133    0.800333   0.0410984   0.0753127 0.000161325
   0.932336    0.281815    0.107133    0.800333   0.0410984   0.0753127 0.000161325
   0.932336    0.281815    0.107133    0.800333   0.0410984   0.0753127 0.000161325
   0.932336    0.281815    0.107133    0.800333   0.0410984   0.0753127 0.000161325
   0.932336    0.281815    0.107133    0.800333   0.0410984   0.0753127 0.000161325
   0.932336    0.281815    0.107133    0.800333   0.0410984   0.0753127 0.000161325
   0.932336    0.281815    0.107133    0.800333   0.0410984   0.0753127 0.000161325
   0.932336    0.281815    0.107133    0.800333   0.0410984   0.0753127 0.000161325
   0.932336    0.281815    0.107133    0.800333   0.0410984   0.0753127 0.000161325
   0.932336    0.281815    0.107133    0.800333   0.0410984   0.0753127 0.000161325
   0.932336    0.281815    0.107133    0.800333   0.0410984   0.0753127 0.000161325
   0.932336    0.281815    0.107133    0.800333   0.0410984   0.0753127 0.000161325
   0.932336    0.281815    0.107133    0.800333   0.0410984   0.0753127 0.000161325
   0.932336    0.281815    0.107133    0.800333   0.0410984   0.0753127 0.000161325
   0.932336    0.281815    0.107133    0.800333   0.0410984   0.0753127 0.000161325
   0.932336    0.281815    0.107133    0.800333   0.0410984   0.0753127 0.000161325
   0.932336    0.281815    0.107133    0.800333   0.0410984   0.0753127 0.000161325
   0.932321    0.281867    0.107132    0.800303   0.0410889   0.0753127 0.000161298
   0.932321    0.281867    0.107132    0.800303   0.0410889   0.0753127 0.000161298
   0.932321    0.281867    0.107132    0.800303   0.0410889   0.0753127 0.000161298
   0.932321    0.281867    0.107132    0.800303   0.0410889   0.0753127 0.000161298
   0.932321    0.281867    0.107132    0.800303   0.0410889   0.0753127 0.000161298
   0.932271    0.281136     0.10709    0.797274   0.0406872   0.0753395 0.000160909
   0.932271    0.281136     0.10709    0.797274   0.0406872   0.0753395 0.000160909
   0.932271    0.281136     0.10709    0.797274   0.0406872   0.0753395 0.000160909
   0.932271    0.281136     0.10709    0.797274   0.0406872   0.0753395 0.000160909
   0.932271    0.281136     0.10709    0.797274   0.0406872   0.0753395 0.000160909
   0.932271    0.281136     0.10709    0.797274   0.0406872   0.0753395 0.000160909
   0.932271    0.281136     0.10709    0.797274   0.0406872   0.0753395 0.000160909
   0.932271    0.281136     0.10709    0.797274   0.0406872   0.0753395 0.000160909
   0.932271    0.281136     0.10709    0.797274   0.0406872   0.0753395 0.000160909
   0.932271    0.281136     0.10709    0.797274   0.0406872   0.0753395 0.000160909
   0.932271     0.28028     0.10709     0.79751   0.0406888   0.0753388 0.000160817
   0.932271     0.28028     0.10709     0.79751   0.0406888   0.0753388 0.000160817
    0.93911    0.280391    0.107047    0.797761   0.0406916   0.0753343 0.000160732
    0.93911    0.280391    0.107047    0.797761   0.0406916   0.0753343 0.000160732
    0.93911    0.280391    0.107047    0.797761   0.0406916   0.0753343 0.000160732
    0.93911    0.280391    0.107047    0.797761   0.0406916   0.0753343 0.000160732
    0.93911    0.280391    0.107047    0.797761   0.0406916   0.0753343 0.000160732
    0.93911    0.280391    0.107047    0.797761   0.0406916   0.0753343 0.000160732
    0.93911    0.280391    0.107047    0.797761   0.0406916   0.0753343 0.000160732
    0.93911    0.280391    0.107047    0.797761   0.0406916   0.0753343 0.000160732
truk:  0.515996 0.0603199  0.103199  0.896801   0.05516 0.0722394
total difference b/w truk and final GBVEC:0.2375
CODE FINISHED RUNNING IN 25958 s TIME!
Job Statistics for 1524055:
           JobID       User               Start                 End    Elapsed     MaxRSS   TotalCPU      State Exit        NodeList                                  ReqTRES 
---------------- ---------- ------------------- ------------------- ---------- ---------- ---------- ---------- ---- --------------- ---------------------------------------- 
         1524055   rsjxw007 2021-08-06T20:45:48 2021-08-07T03:58:27   07:12:39              07:10:36  COMPLETED  0:0   r1pl-hpcf-n21         billing=1,cpu=1,mem=7812M,node=1 
   1524055.batch            2021-08-06T20:45:48 2021-08-07T03:58:27   07:12:39     10.42M   07:10:36  COMPLETED  0:0   r1pl-hpcf-n21                                          
  1524055.extern            2021-08-06T20:45:48 2021-08-07T03:58:27   07:12:39          0  00:00.001  COMPLETED  0:0   r1pl-hpcf-n21                                          
CPU Efficiency: 99.53% of 07:12:39 core-walltime
