PSO_S_ODE_NonLinear
Using two part PSO Sample Size:25000 with:27 moments.
Using Record Time:48.45
Bounds for Uniform Distribution (0,1)
Blind PSO --> nParts:3000 Nsteps:20
Targeted PSO --> nParts:60 Nsteps:1000
sdbeta:0.1
wt:
1 0 0 0 0 0 0 0 0 0 0 0 0 0 0 0 0 0 0 0 0 0 0 0 0 0 0
0 1 0 0 0 0 0 0 0 0 0 0 0 0 0 0 0 0 0 0 0 0 0 0 0 0 0
0 0 1 0 0 0 0 0 0 0 0 0 0 0 0 0 0 0 0 0 0 0 0 0 0 0 0
0 0 0 1 0 0 0 0 0 0 0 0 0 0 0 0 0 0 0 0 0 0 0 0 0 0 0
0 0 0 0 1 0 0 0 0 0 0 0 0 0 0 0 0 0 0 0 0 0 0 0 0 0 0
0 0 0 0 0 1 0 0 0 0 0 0 0 0 0 0 0 0 0 0 0 0 0 0 0 0 0
0 0 0 0 0 0 1 0 0 0 0 0 0 0 0 0 0 0 0 0 0 0 0 0 0 0 0
0 0 0 0 0 0 0 1 0 0 0 0 0 0 0 0 0 0 0 0 0 0 0 0 0 0 0
0 0 0 0 0 0 0 0 1 0 0 0 0 0 0 0 0 0 0 0 0 0 0 0 0 0 0
0 0 0 0 0 0 0 0 0 1 0 0 0 0 0 0 0 0 0 0 0 0 0 0 0 0 0
0 0 0 0 0 0 0 0 0 0 1 0 0 0 0 0 0 0 0 0 0 0 0 0 0 0 0
0 0 0 0 0 0 0 0 0 0 0 1 0 0 0 0 0 0 0 0 0 0 0 0 0 0 0
0 0 0 0 0 0 0 0 0 0 0 0 0 0 0 0 0 0 0 0 0 0 0 0 0 0 0
0 0 0 0 0 0 0 0 0 0 0 0 0 0 0 0 0 0 0 0 0 0 0 0 0 0 0
0 0 0 0 0 0 0 0 0 0 0 0 0 0 0 0 0 0 0 0 0 0 0 0 0 0 0
0 0 0 0 0 0 0 0 0 0 0 0 0 0 0 0 0 0 0 0 0 0 0 0 0 0 0
0 0 0 0 0 0 0 0 0 0 0 0 0 0 0 0 0 0 0 0 0 0 0 0 0 0 0
0 0 0 0 0 0 0 0 0 0 0 0 0 0 0 0 0 0 0 0 0 0 0 0 0 0 0
0 0 0 0 0 0 0 0 0 0 0 0 0 0 0 0 0 0 0 0 0 0 0 0 0 0 0
0 0 0 0 0 0 0 0 0 0 0 0 0 0 0 0 0 0 0 0 0 0 0 0 0 0 0
0 0 0 0 0 0 0 0 0 0 0 0 0 0 0 0 0 0 0 0 0 0 0 0 0 0 0
0 0 0 0 0 0 0 0 0 0 0 0 0 0 0 0 0 0 0 0 0 0 0 0 0 0 0
0 0 0 0 0 0 0 0 0 0 0 0 0 0 0 0 0 0 0 0 0 0 0 0 0 0 0
0 0 0 0 0 0 0 0 0 0 0 0 0 0 0 0 0 0 0 0 0 0 0 0 0 0 0
0 0 0 0 0 0 0 0 0 0 0 0 0 0 0 0 0 0 0 0 0 0 0 0 0 0 0
0 0 0 0 0 0 0 0 0 0 0 0 0 0 0 0 0 0 0 0 0 0 0 0 0 0 0
0 0 0 0 0 0 0 0 0 0 0 0 0 0 0 0 0 0 0 0 0 0 0 0 0 0 0
mu: 80 120  85
covarMat:
 50   0   0
  0 100   0
  0   0  50

Yt: 3.99672  3.44981  2.34885 0.128483  5.92715  3.31439  55.4172  98.0831  10.5164 0.019367  134.721  20.9019 0.743675  10.0009  0.68049  11.4251   14.265  12.5962 0.142682  110.822  17.4802 0.312053  23.4247  14.8249 0.474102 0.442573  32.7477
XtA: 4.03467  3.42738  2.37761 0.129287  5.93428  3.35524   57.885  101.012  10.9256 0.019548  138.526  21.6954 0.752775  9.95484 0.687282  11.3949  14.1986  12.8237 0.142566  113.979  17.7969 0.317811  24.0671  15.3947 0.479925 0.450721  33.6423
seedk:0.995588 0.729867 0.387787 0.714858 0.586257 0.170784| cost:757.03
Xt: 4.75394  2.99123  1.65835 0.874796  5.52437  3.76515  66.2742  84.4855  6.10255  0.90481  116.822  31.4579  1.86167  8.17179  5.16251   15.196   18.555  9.58181  1.31807  95.3853  21.7513  1.76452  17.4489  13.8555   3.9874   4.0064  39.6131
PSO begins!
overflow!
underflow!0.00408262
pos 0.0677396   0.534689   0.105337   0.913212 0.00408262   0.889811
underflow!1.85214e-05
pos   0.799707    0.942542    0.193971    0.317194 1.85214e-05    0.664176
underflow!0.00168221
pos  0.331457   0.490401   0.057376 0.00168221   0.434391  0.0835757
overflow!
underflow!0.00366339
pos  0.501148   0.368305   0.308616 0.00366339   0.517525   0.641955
underflow!0.0043571
pos 0.256316  0.273721   0.26399  0.508598  0.729053 0.0043571
underflow!0.00484823
pos0.00484823   0.982621   0.316662   0.413036   0.430898   0.509134
overflow!
underflow!0.00192251
pos  0.363619 0.00192251   0.057812  0.0457006   0.869808    0.40826
underflow!0.00182693
pos0.00182693   0.828749   0.176262   0.795656   0.917263   0.809757
overflow!
underflow!0.000837396
pos   0.155307    0.474197     0.74905 0.000837396    0.242014    0.819263
overflow!
underflow!0.000721257
pos   0.682481 0.000721257    0.268472    0.469492    0.683218     0.46503
underflow!0.000919848
pos   0.880182   0.0576253    0.355994 0.000919848    0.642821    0.590765
underflow!0.00127684
pos0.00127684   0.428357   0.909684   0.764654   0.764413   0.769595
overflow!
overflow!
overflow!
underflow!0.00308531
pos   0.55257  0.0678253 0.00308531   0.622366  0.0607381   0.593621
underflow!0.000945948
pos   0.402841    0.881063    0.316644    0.482741 0.000945948    0.360167
underflow!0.00427289
pos  0.543204   0.594445 0.00427289   0.693183   0.531047   0.184882
overflow!
underflow!0.00389749
pos  0.599499   0.389866   0.471297   0.996952 0.00389749   0.814826
overflow!
overflow!
overflow!
underflow!0.00177443
pos  0.946896   0.704082   0.324137   0.809398   0.286414 0.00177443
underflow!0.00281864
pos  0.942586   0.463075   0.633581   0.748566   0.815569 0.00281864
underflow!0.00418758
pos  0.866908   0.402624    0.77801 0.00418758   0.211495   0.535445
underflow!0.0034555
pos0.0034555  0.262537  0.558582  0.254749  0.251729  0.639491
underflow!0.00357274
pos0.00357274   0.314319  0.0134602   0.643456   0.837541   0.727887
underflow!0.00100747
pos 0.0990541   0.819907   0.798981   0.297243 0.00100747  0.0170544
underflow!0.00344957
pos  0.259845   0.103745   0.804925 0.00344957   0.449292   0.363212
underflow!0.000580743
pos   0.836473 0.000580743  0.00863933    0.322696    0.506531    0.815025
overflow!
overflow!
underflow!0.00249489
pos  0.256792   0.338141 0.00249489    0.64714   0.356914 0.00581626
overflow!
underflow!0.000791601
pos   0.690463    0.635156 0.000791601  0.00888507    0.437051    0.359374
overflow!
overflow!
underflow!0.00393583
pos  0.183173   0.275979 0.00393583   0.464702  0.0981561   0.128681
underflow!0.00320882
pos  0.934021  0.0432252   0.399378   0.510191 0.00320882   0.956737
underflow!0.000736294
pos  0.0694376    0.764608    0.664294 0.000736294   0.0157109    0.833173
underflow!0.00257475
pos0.00257475     0.9311  0.0157129   0.397622   0.618183   0.348377
underflow!0.00479469
pos  0.986221 0.00479469  0.0883634   0.516576   0.183142   0.196378
underflow!0.00383736
pos  0.741654    0.73929   0.883628   0.213246   0.151431 0.00383736
overflow!
overflow!
underflow!0.000816261
pos  0.0519518    0.320284 0.000816261     0.24873   0.0705493    0.756859
underflow!0.000467166
pos   0.782662   0.0349713 0.000467166    0.780515    0.269091   0.0992661
underflow!0.00232396
pos  0.791484   0.975104   0.349884 0.00232396   0.905748  0.0293178
underflow!0.00492292
pos  0.382737  0.0825701   0.938485 0.00492292   0.791664  0.0235664
underflow!0.000877509
pos   0.922598    0.284093    0.245151    0.980046    0.423485 0.000877509
underflow!0.00460282
pos  0.432007   0.105855   0.608247   0.513604 0.00460282   0.404207
overflow!
underflow!0.00214597
pos  0.857615 0.00214597   0.780743   0.100802   0.355268   0.480032
overflow!
underflow!0.00037123
pos  0.163071   0.759723   0.715369   0.602001 0.00037123   0.357041
underflow!0.00371281
pos  0.847537 0.00371281   0.491375   0.144789   0.545969   0.651585
underflow!0.000525563
pos0.000525563    0.540777    0.521569    0.839032    0.032538    0.822045
underflow!0.00159683
pos  0.441267    0.57623   0.618371   0.988392   0.335783 0.00159683
overflow!
underflow!0.000893046
pos   0.264586    0.862925 0.000893046   0.0605798    0.322664    0.364602
overflow!
overflow!
overflow!
underflow!0.00169052
pos0.00169052   0.549912    0.16814   0.718538   0.412602   0.327401
overflow!
underflow!0.00140572
pos  0.522882 0.00140572   0.325773   0.876033    0.78357   0.681441
overflow!
underflow!0.0028142
pos 0.262598 0.0028142  0.992126 0.0451112  0.690536  0.640942
underflow!0.00112179
pos 0.0164488   0.362133   0.971833 0.00112179   0.578201   0.307439
overflow!
underflow!0.00420588
pos 0.0723544   0.331063   0.746369   0.912476   0.392869 0.00420588
underflow!0.00214808
pos0.00214808   0.791233   0.834255   0.629579   0.401881   0.837647
underflow!0.00309731
pos0.00309731   0.478271   0.755639   0.470969    0.40794   0.470413
overflow!
overflow!
underflow!0.00201356
pos  0.712696 0.00201356   0.820055   0.551376   0.620931   0.214092
underflow!0.00214503
pos  0.788419 0.00214503   0.888848   0.779726   0.215119   0.956888
overflow!
underflow!0.00065074
pos0.00065074   0.707684   0.586234   0.757944 0.00737962    0.20487
overflow!
underflow!0.00283036
pos  0.497492   0.830054   0.172346   0.261693    0.72731 0.00283036
GBMAT from blind PSO:

 0.995588  0.729867  0.387787  0.714858  0.586257  0.170784    757.03
 0.995588  0.729867  0.387787  0.714858  0.586257  0.170784    757.03
 0.676222  0.108174  0.175195  0.697443  0.404356  0.116909   27.8109
 0.813594  0.154839  0.211356  0.819639  0.283478  0.141094   22.2772
 0.831441  0.154839  0.211356  0.819639  0.283478  0.141094   22.1189
 0.707343   0.09581  0.151741  0.778419  0.209297  0.101773   18.9231
 0.707343   0.09581  0.151741  0.778419  0.209297  0.101773   18.9231
 0.707343   0.09581  0.151741  0.778419  0.209297  0.101773   18.9231
 0.707343   0.09581  0.151741  0.778419  0.209297  0.101773   18.9231
  0.70467   0.14576  0.163837  0.823595  0.147827  0.110038   18.3643
 0.661994  0.138218  0.128628   0.81748  0.087076 0.0856527   17.3879
 0.694038 0.0864491  0.142963  0.837142  0.104081 0.0967807   16.3055
 0.694364 0.0863358  0.148943   0.88132  0.101686  0.100945   16.1025
 0.778798 0.0568814  0.143052  0.824564 0.0610599 0.0979142   15.2051
 0.775249 0.0556957  0.145698   0.81881 0.0618047   0.09937   15.1445
 0.821651 0.0351094  0.152111  0.822825  0.065302  0.104233   14.9111
 0.815095 0.0463036  0.154048  0.830395 0.0468746  0.105421   14.7652
 0.799097 0.0197681  0.153047  0.826309 0.0342298  0.104885   14.6096
 0.801146 0.0353466  0.153247    0.8378 0.0175301  0.105209   14.4715
 0.822587 0.0300786  0.165976  0.861876 0.0225344  0.113786   14.3785
 0.828754 0.0314682  0.163438  0.874061 0.0190988  0.112367   14.3341

truk:  0.515996 0.0603199  0.103199  0.896801   0.05516 0.0722394
total difference b/w truk and final GBVEC0.105707

tgCol: 0  1  4  5  6  7  8  9 12 14 15 16 19 20 25
reCol1: 0  2  4  5  6  9 10 12 14 15 20 24 25
reCol2: 0  5  6  8  9 11 12 13 14 15 19
targeted PSO has started!
Updating Weight Matrix!
GBVEC AND COST: 0.828754 0.0314682  0.163438  0.874061 0.0190988  0.112367   14.3341
Chkpt reached!
new weight matrix:
  0.0121874           0           0           0           0           0           0           0           0           0           0           0           0           0           0
          0  0.00571677           0           0           0           0           0           0           0           0           0           0           0           0           0
          0           0  0.00494819           0           0           0           0           0           0           0           0           0           0           0           0
          0           0           0   0.0476866           0           0           0           0           0           0           0           0           0           0           0
          0           0           0           0 4.82783e-06           0           0           0           0           0           0           0           0           0           0
          0           0           0           0           0 5.94312e-07           0           0           0           0           0           0           0           0           0
          0           0           0           0           0           0 0.000504257           0           0           0           0           0           0           0           0
          0           0           0           0           0           0           0     3160.31           0           0           0           0           0           0           0
          0           0           0           0           0           0           0           0      1.2652           0           0           0           0           0           0
          0           0           0           0           0           0           0           0           0    0.341559           0           0           0           0           0
          0           0           0           0           0           0           0           0           0           0 0.000456157           0           0           0           0
          0           0           0           0           0           0           0           0           0           0           0  0.00023457           0           0           0
          0           0           0           0           0           0           0           0           0           0           0           0 5.43509e-07           0           0
          0           0           0           0           0           0           0           0           0           0           0           0           0  7.6553e-05           0
          0           0           0           0           0           0           0           0           0           0           0           0           0           0     1.58262

New PBMAT:
   0.668955   0.0664548   0.0800646    0.904916  0.00309275    0.209164     1.34263
   0.730991 2.83234e-08    0.116343    0.985554 2.81275e-30    0.124082    0.712869
   0.955792   0.0526515   0.0785485    0.930875 2.07785e-47   0.0282687     1.20799
   0.937525  0.00185321    0.150754     0.95663    0.429031   0.0983348     175.853
   0.616119 1.23304e-07    0.150512    0.850383 8.94426e-27    0.226002     0.27792
   0.660098    0.303434   0.0806659    0.859776 9.43705e-17  0.00230091     1.74193
   0.914788 6.54107e-22   0.0608494    0.906813 2.11424e-10    0.172511     1.90064
   0.783032 1.06526e-06    0.115718    0.988806 8.41549e-23    0.149831    0.810476
   0.984412   0.0774681     0.10879    0.953797     0.03845   0.0280363      1.7239
   0.650359  8.9609e-13    0.018125    0.685589 5.32537e-07    0.077701     2.55944
   0.954464 3.69421e-05    0.152903    0.911218 1.70247e-07    0.155605    0.256525
    0.84428 0.000703747    0.295273    0.833314     0.19728   0.0196774     3204.11
   0.861681  0.00208057   0.0863343    0.991466 3.18997e-09    0.442593     1.78205
   0.878477   0.0398592   0.0967555    0.949068 7.38267e-32    0.131151    0.982098
   0.749609  4.0935e-08    0.258875    0.965559 1.48043e-05   0.0829492     1.27454
   0.844585  0.00634204   0.0319577    0.724086   0.0348463   0.0458398     1.65822
    0.92109 3.23777e-11    0.164213    0.728061   0.0172177   0.0206182     10.3011
   0.865032 4.36636e-11    0.079711    0.978234 6.64466e-05   0.0424572      1.2362
   0.917209 1.39499e-13    0.189497    0.979555 2.04387e-20  0.00202707     3.23586
   0.824279 5.33193e-07    0.291164    0.866578 1.50715e-09    0.393316     2.51208
   0.716186 8.10094e-06    0.139918     0.98898 5.30834e-26   0.0660603    0.436419
   0.801807 0.000342979    0.302389    0.975312 9.40083e-23    0.281948     1.53823
    0.93729 1.04888e-06    0.214669     0.77374 7.04437e-16    0.116827     1.23528
   0.913997 3.30055e-24   0.0900245    0.865789 3.82778e-15    0.196067     1.29058
   0.780052     0.02058   0.0966444    0.904048 3.72775e-05   0.0363034    0.928455
   0.618945    0.592633   0.0390562    0.901059  0.00718214   0.0344357     5.37082
   0.943189  0.00126982    0.268266     0.98173 9.15523e-07   0.0164508     3.61542
   0.874594  0.00110991    0.124928    0.891105   0.0320794    0.174841    0.401162
   0.846908 2.19997e-13    0.289275    0.910761 0.000149601    0.214529     1.98102
   0.710909 7.98461e-06    0.151728    0.680905 1.04712e-08    0.247779    0.266242
   0.847021 6.17732e-05    0.192673    0.771882 2.46676e-32   0.0258635     2.36869
   0.879996 2.59569e-05    0.115205    0.900892   0.0471883   0.0487281     1.15116
   0.863003  0.00172909       0.369    0.969722 2.82414e-08   0.0830299     6.78815
   0.746828 1.28657e-07    0.100228    0.953825  0.00417882   0.0804908    0.782084
   0.950992 0.000590465   0.0882095    0.833443  1.6322e-15    0.180333     1.25764
     0.7643    0.333137   0.0624734    0.932228 0.000320821    0.107563     2.19999
   0.882245  0.00484759    0.121283    0.892047 2.40307e-13   0.0322019    0.929517
   0.730667 2.23403e-06    0.277164    0.918083    0.350549   0.0129569       10921
   0.914568  0.00625805    0.259856    0.988642 5.81748e-23   0.0540643     1.98999
   0.971397 8.47708e-10    0.121901    0.920734   0.0454931    0.189877    0.495897
   0.885751   0.0239699    0.259211     0.94116 1.12814e-07   0.0828002     1.54033
   0.887668   0.0908947    0.156908     0.77221 2.36441e-09    0.118324  0.00682346
   0.914418 2.23895e-06   0.0610781    0.825077   0.0215129   0.0548283     1.08428
   0.907099    0.212955    0.196636     0.80397   6.999e-31    0.123448     0.26847
   0.975255 2.15157e-06    0.104098    0.491429  0.00562031   0.0189854     2.49264
   0.862911 3.82707e-08     0.25705    0.806885 4.43534e-05   0.0655048     3.65685
   0.772869 3.71138e-07    0.164269    0.992665 2.19338e-08   0.0017532     3.10106
    0.98532 4.49454e-20    0.238809     0.90997  0.00197531    0.128984    0.907799
   0.833358    0.797135     0.27737    0.919531 7.94509e-20   0.0528571     2.12909
   0.700259   0.0185044    0.170749     0.94827 6.66287e-48   0.0399282    0.772372
   0.897671 1.02828e-10    0.215895    0.761872 0.000264496   0.0747049     1.98375
   0.916166 0.000204361    0.227262    0.869948  3.9337e-05    0.194185    0.534525
   0.952673   0.0100525    0.269282    0.942479  1.1595e-08  0.00718126     3.83011
   0.898744 0.000415777    0.123394    0.741741 0.000411828    0.236032    0.543316
    0.73626 0.000113089     0.13186    0.832469 0.000496924   0.0450752    0.540309
   0.724796  4.4848e-06    0.171161    0.921595 5.96094e-17    0.103796   0.0769299
   0.902811  0.00965255     0.11535     0.78476 0.000906197    0.265915    0.777692
   0.924002 4.88906e-07   0.0779151    0.752815  0.00124079   0.0476828    0.950986
   0.877504 8.99195e-09   0.0780337    0.826033 5.09783e-06    0.144911     1.35506
   0.721352  0.00145786     0.14182    0.927221  0.00716891   0.0516989    0.422389

underflow!0.00309275
pos  0.668955  0.0664548  0.0800646   0.904916 0.00309275   0.209164
underflow!2.83234e-08
pos   0.730991 2.83234e-08    0.116343    0.985554 2.81275e-30    0.124082
underflow!2.81275e-30
pos   0.730991 2.83234e-08    0.116343    0.985554 2.81275e-30    0.124082
underflow!2.07785e-47
pos   0.955792   0.0526515   0.0785485    0.930875 2.07785e-47   0.0282687
underflow!9.43705e-17
pos   0.660098    0.303434   0.0806659    0.859776 9.43705e-17  0.00230091
underflow!0.00230091
pos   0.660098    0.303434   0.0806659    0.859776 9.43705e-17  0.00230091
underflow!8.9609e-13
pos   0.650359  8.9609e-13    0.018125    0.685589 5.32537e-07    0.077701
underflow!5.32537e-07
pos   0.650359  8.9609e-13    0.018125    0.685589 5.32537e-07    0.077701
underflow!1.70247e-07
pos   0.954464 3.69421e-05    0.152903    0.911218 1.70247e-07    0.155605
underflow!0.000703747
pos    0.84428 0.000703747    0.295273    0.833314     0.19728   0.0196774
underflow!0.00208057
pos   0.861681  0.00208057   0.0863343    0.991466 3.18997e-09    0.442593
underflow!7.38267e-32
pos   0.878477   0.0398592   0.0967555    0.949068 7.38267e-32    0.131151
underflow!4.0935e-08
pos   0.749609  4.0935e-08    0.258875    0.965559 1.48043e-05   0.0829492
underflow!0.00202707
pos   0.917209 1.39499e-13    0.189497    0.979555 2.04387e-20  0.00202707
underflow!1.39499e-13
pos   0.917209 1.39499e-13    0.189497    0.979555 2.04387e-20  0.00202707
underflow!5.33193e-07
pos   0.824279 5.33193e-07    0.291164    0.866578 1.50715e-09    0.393316
underflow!1.50715e-09
pos   0.824279 5.33193e-07    0.291164    0.866578 1.50715e-09    0.393316
underflow!5.30834e-26
pos   0.716186 8.10094e-06    0.139918     0.98898 5.30834e-26   0.0660603
underflow!7.04437e-16
pos    0.93729 1.04888e-06    0.214669     0.77374 7.04437e-16    0.116827
underflow!1.04888e-06
pos    0.93729 1.04888e-06    0.214669     0.77374 7.04437e-16    0.116827
underflow!3.72775e-05
pos   0.780052     0.02058   0.0966444    0.904048 3.72775e-05   0.0363034
underflow!1.04712e-08
pos   0.710909 7.98461e-06    0.151728    0.680905 1.04712e-08    0.247779
underflow!2.59569e-05
pos   0.879996 2.59569e-05    0.115205    0.900892   0.0471883   0.0487281
underflow!2.82414e-08
pos   0.863003  0.00172909       0.369    0.969722 2.82414e-08   0.0830299
underflow!1.28657e-07
pos   0.746828 1.28657e-07    0.100228    0.953825  0.00417882   0.0804908
underflow!0.00417882
pos   0.746828 1.28657e-07    0.100228    0.953825  0.00417882   0.0804908
underflow!1.6322e-15
pos   0.950992 0.000590465   0.0882095    0.833443  1.6322e-15    0.180333
underflow!2.40307e-13
pos   0.882245  0.00484759    0.121283    0.892047 2.40307e-13   0.0322019
underflow!0.00484759
pos   0.882245  0.00484759    0.121283    0.892047 2.40307e-13   0.0322019
underflow!2.23403e-06
pos   0.730667 2.23403e-06    0.277164    0.918083    0.350549   0.0129569
underflow!5.81748e-23
pos   0.914568  0.00625805    0.259856    0.988642 5.81748e-23   0.0540643
underflow!2.23895e-06
pos   0.914418 2.23895e-06   0.0610781    0.825077   0.0215129   0.0548283
underflow!2.15157e-06
pos   0.975255 2.15157e-06    0.104098    0.491429  0.00562031   0.0189854
underflow!3.82707e-08
pos   0.862911 3.82707e-08     0.25705    0.806885 4.43534e-05   0.0655048
underflow!0.00197531
pos    0.98532 4.49454e-20    0.238809     0.90997  0.00197531    0.128984
underflow!4.49454e-20
pos    0.98532 4.49454e-20    0.238809     0.90997  0.00197531    0.128984
underflow!0.000204361
pos   0.916166 0.000204361    0.227262    0.869948  3.9337e-05    0.194185
underflow!0.000411828
pos   0.898744 0.000415777    0.123394    0.741741 0.000411828    0.236032
underflow!0.000113089
pos    0.73626 0.000113089     0.13186    0.832469 0.000496924   0.0450752
underflow!0.00124079
pos   0.924002 4.88906e-07   0.0779151    0.752815  0.00124079   0.0476828
underflow!8.99195e-09
pos   0.877504 8.99195e-09   0.0780337    0.826033 5.09783e-06    0.144911
underflow!0.000309845
pos   0.577154    0.301542    0.081242    0.859876 0.000309845  0.00651253
underflow!0.00298216
pos  0.859473 0.00298216   0.290488    0.80075   0.187872  0.0219486
underflow!0.00187756
pos  0.946782 0.00187756   0.164167   0.736772  0.0125284  0.0260925
underflow!0.000590692
pos   0.803591 0.000590692    0.319578    0.866718   0.0303982    0.239769
underflow!0.0033973
pos  0.728313  0.0033973   0.142452   0.979693 0.00216662   0.071049
underflow!0.00202259
pos  0.793573 0.00202259  0.0824084   0.693274  0.0354542   0.214369
underflow!0.00347187
pos  0.775115   0.282516  0.0794158   0.922467 0.00347187   0.189613
underflow!0.000350596
pos   0.884706     0.02492    0.257454    0.939929 0.000350596   0.0833428
underflow!0.0010131
pos   0.774667   0.0010131    0.164243    0.988848 0.000614679   0.0053131
underflow!0.000614679
pos   0.774667   0.0010131    0.164243    0.988848 0.000614679   0.0053131
underflow!0.00440016
pos  0.971313 0.00857608   0.182396   0.905188 0.00440016   0.147658
underflow!0.00157197
pos  0.911169 0.00157197   0.209755   0.788141 0.00102255  0.0880769
underflow!0.000319551
pos   0.843817   0.0060389    0.123309    0.928984 0.000319551    0.191195
underflow!0.000688976
pos   0.901173 0.000688976    0.125369    0.747213  0.00226472    0.233073
underflow!0.00092683
pos  0.762149 0.00362861   0.137426   0.840478 0.00092683  0.0896503
underflow!0.00362861
pos  0.762149 0.00362861   0.137426   0.840478 0.00092683  0.0896503
underflow!0.000897436
pos   0.752418  0.00175271    0.157706    0.918249 0.000897436    0.112742
underflow!0.0013654
pos 0.911814 0.0027562  0.104646  0.803168 0.0013654  0.250372
underflow!0.00450021
pos  0.785824  0.0602594   0.124454    0.97444 0.00450021   0.125587
underflow!0.00404049
pos  0.963551 0.00404049   0.149419   0.933024   0.386445   0.121363
underflow!0.002749
pos   0.86884 0.00488234  0.0730105   0.860897   0.002749   0.115489
underflow!0.0041168
pos  0.794939 0.00701934   0.128165   0.962744  0.0041168   0.142144
underflow!0.00312207
pos  0.857507 0.00623266   0.112786   0.964576 0.00312207  0.0711229
underflow!0.00298912
pos  0.892044 0.00284262   0.129021   0.939768 0.00298912  0.0280674
underflow!0.00284262
pos  0.892044 0.00284262   0.129021   0.939768 0.00298912  0.0280674
underflow!0.00059271
pos  0.890224 0.00152724   0.235516   0.971264 0.00059271    0.27333
underflow!0.00386198
pos  0.937077 0.00551276   0.241419   0.974035 0.00386198  0.0345957
underflow!0.00233852
pos  0.866904 0.00415664   0.326666   0.907574 0.00233852   0.177415
underflow!0.00273789
pos  0.854944 0.00273789    0.35886   0.966533 0.00532875  0.0563867
underflow!0.00428055
pos  0.794348 0.00428055  0.0818489   0.951512 0.00722713  0.0861443
underflow!0.00264999
pos  0.966283 0.00489463   0.140213   0.840614 0.00264999   0.170848
underflow!0.000432718
pos   0.863877    0.205552    0.195774    0.807795 0.000432718   0.0854323
underflow!0.00326425
pos  0.864758  0.0153546   0.252861   0.860093 0.00326425  0.0492555
underflow!0.00141232
pos   0.91451   0.646692   0.258474   0.946891 0.00141232  0.0700378
underflow!0.00100683
pos   0.81381 0.00483941   0.223024   0.942185 0.00100683  0.0400933
underflow!0.00201032
pos  0.902749 0.00529343   0.205808   0.802866 0.00201032   0.196463
underflow!0.00276957
pos  0.881852 0.00465191   0.192153   0.933394 0.00276957   0.117897
underflow!0.00258162
pos  0.938619  0.0081709   0.214707   0.925489 0.00258162  0.0520399
underflow!0.00407786
pos  0.772246 0.00407786   0.142475   0.849314  0.0135289  0.0958891
underflow!0.00143908
pos  0.881612  0.0157584  0.0835073   0.842546 0.00143908   0.144442
underflow!0.00441075
pos  0.936464 0.00441075   0.189604   0.931127   0.294057   0.108537
underflow!0.00461765
pos  0.799611 0.00461765   0.133075   0.957447  0.0302765   0.124747
underflow!0.00248984
pos  0.559191  0.0139825  0.0350174   0.646996 0.00248984   0.026602
underflow!0.00397077
pos  0.834016 0.00801759   0.226474   0.956152 0.00397077   0.154617
underflow!0.00341198
pos  0.818506 0.00871077   0.289976   0.836797 0.00341198   0.266747
underflow!0.000447392
pos   0.858638  0.00327762    0.355331    0.855094 0.000447392    0.198622
underflow!0.00205115
pos  0.741506 0.00399678   0.190747   0.788205 0.00205115  0.0238015
underflow!0.00399678
pos  0.741506 0.00399678   0.190747   0.788205 0.00205115  0.0238015
underflow!0.00461448
pos  0.909782 0.00601752   0.317956   0.977451 0.00461448  0.0567787
underflow!0.00308281
pos  0.877446   0.141682   0.213065   0.857874 0.00308281   0.125279
overflow!
underflow!0.00493929
pos  0.935784  0.0101067   0.181264   0.906217 0.00493929    0.09371
underflow!0.00253351
pos  0.947476 0.00253351   0.230428   0.805466  0.0115435   0.174387
underflow!0.00129931
pos  0.933773  0.0213028   0.312059   0.966006 0.00129931  0.0563647
underflow!0.00456024
pos  0.862759 0.00701263   0.107378   0.812297 0.00456024   0.201802
underflow!0.00189306
pos  0.866245 0.00189306   0.113391   0.702279  0.0306928   0.100622
underflow!0.00432378
pos  0.750123  0.0150173   0.129049   0.643943 0.00310758 0.00432378
underflow!0.00274269
pos  0.823654  0.0104004   0.266878   0.823674 0.00274269   0.317401
underflow!0.00315187
pos  0.980992 0.00315187   0.183425   0.944288 0.00621143  0.0594746
underflow!0.00189728
pos  0.699471  0.0212526   0.184875   0.794992 0.00189728  0.0343281
underflow!0.00218845
pos  0.786127 0.00804241  0.0939821   0.859162 0.00218845  0.0978072
underflow!0.00250546
pos  0.881083  0.0158825   0.175418   0.932119 0.00250546  0.0328591
underflow!0.00202542
pos  0.903895 0.00202542   0.227551   0.800759  0.0134154  0.0481309
underflow!0.00496683
pos  0.814421 0.00496683   0.133794   0.962174 0.00188912  0.0531998
underflow!0.00485982
pos  0.934337  0.0230157   0.329179   0.938883 0.00485982  0.0596127
underflow!0.00419602
pos  0.884562   0.012004   0.128294   0.784534 0.00419602   0.201203
underflow!0.00466536
pos   0.953634 0.000699712    0.244983    0.872373  0.00466536   0.0107423
underflow!0.00384785
pos   0.77375  0.0295721   0.124327   0.889417 0.00384785  0.0398588
underflow!0.00259414
pos  0.864668 0.00546496  0.0885069   0.967329 0.00259414  0.0463794
underflow!0.00273149
pos  0.838937  0.0130517  0.0768678   0.837252 0.00273149   0.124514
underflow!0.00184471
pos  0.723593   0.125024   0.156343   0.969528 0.00184471   0.156635
underflow!0.00432201
pos  0.898662 0.00432201    0.26075   0.825548 0.00370267   0.306319
underflow!0.00370267
pos  0.898662 0.00432201    0.26075   0.825548 0.00370267   0.306319
underflow!0.00378587
pos  0.938574  0.0232352   0.119918   0.807407 0.00378587   0.167517
underflow!0.0031232
pos 0.746286 0.0302239  0.162489  0.898538 0.0031232 0.0296021
underflow!0.00376218
pos  0.717703    0.10208     0.1537   0.953395 0.00376218   0.152525
underflow!0.00425646
pos  0.867651  0.0201941   0.296103   0.783835 0.00425646   0.298911
underflow!0.00486029
pos  0.772884  0.0199254   0.155138   0.929575 0.00486029  0.0762793
underflow!0.0020488
pos 0.885514 0.0716118  0.158823  0.798428 0.0020488  0.126428
underflow!0.0014931
pos 0.778605 0.0105606  0.210504  0.796755 0.0014931  0.327592
underflow!0.00422492
pos  0.806224  0.0266621  0.0723393    0.94219 0.00422492  0.0592711
underflow!0.00480098
pos  0.919748 0.00480098   0.194706    0.94533 0.00156622   0.247828
underflow!0.00436116
pos  0.823583  0.0112761   0.180052   0.932203 0.00436116   0.134422
underflow!0.00247183
pos  0.799079  0.0104675  0.0701149   0.842366 0.00247183   0.103892
underflow!0.00449918
pos  0.743754  0.0551233   0.151841   0.956639 0.00449918    0.15027
underflow!0.00406738
pos  0.688507  0.0329565   0.106501   0.729778 0.00406738   0.117426
underflow!0.00374381
pos  0.851062  0.0296039   0.136385   0.871864 0.00374381  0.0910483
underflow!0.000784563
pos   0.684444   0.0205947   0.0680519     0.95908 0.000784563   0.0557548
underflow!0.00310452
pos  0.942275  0.0133145   0.216748   0.960986 0.00310452  0.0727205
underflow!0.00370726
pos   0.89596   0.347244   0.197912   0.920979 0.00370726  0.0535628
underflow!0.00466947
pos  0.825622  0.0240875    0.11689   0.847125 0.00466947   0.123487
underflow!0.00283685
pos  0.817631  0.0636809    0.20834   0.910196 0.00283685   0.115819
underflow!0.00157971
pos  0.908315 0.00646049   0.218898   0.953834 0.00157971  0.0605313
underflow!0.00153912
pos  0.793568   0.101248   0.128387   0.707823 0.00153912  0.0409359
underflow!0.00243664
pos  0.889488   0.319822    0.19317   0.915114 0.00243664  0.0583404
underflow!0.00462853
pos  0.858227  0.0575833   0.149143   0.909227 0.00462853   0.122814
underflow!0.00142557
pos  0.904417  0.0103974   0.150978   0.951653 0.00142557  0.0540551
underflow!0.00481141
pos  0.781098   0.044504   0.163004   0.777786 0.00481141   0.117525
underflow!0.00336152
pos  0.840351  0.0275453   0.148902   0.880152 0.00336152  0.0268869
underflow!0.00364073
pos  0.815436  0.0368899   0.161999   0.905528 0.00364073   0.103517
underflow!0.00268513
pos  0.794684  0.0776428  0.0744554   0.956635 0.00268513   0.102009
underflow!0.00258476
pos  0.797685   0.198384   0.198672   0.944193 0.00258476  0.0356159
underflow!0.00415969
pos  0.765062  0.0987662   0.170626   0.855115 0.00415969    0.27473
underflow!0.00290502
pos  0.887526  0.0516817   0.162733   0.887017 0.00290502   0.145145
underflow!0.0035811
pos 0.821606  0.101359  0.195641  0.887235 0.0035811  0.131903
underflow!0.00309165
pos  0.855734  0.0885858   0.151774   0.867854 0.00309165   0.169331
underflow!0.00468229
pos  0.765779  0.0414849   0.113292   0.814618 0.00468229  0.0661136
underflow!0.00271285
pos  0.813178  0.0265866   0.141313   0.808304 0.00271285   0.138142
underflow!0.00144606
pos  0.860788  0.0721887   0.152803   0.848808 0.00144606  0.0503804
underflow!0.0026784
pos 0.878274 0.0289919  0.137992  0.926291 0.0026784  0.205191
underflow!0.00373158
pos  0.845784   0.093836   0.175772   0.872474 0.00373158   0.113683
underflow!0.00458465
pos  0.881132    0.13119   0.165601   0.876545 0.00458465   0.109511
underflow!0.00428493
pos  0.826015   0.143005   0.256753    0.92425 0.00428493  0.0595745
underflow!0.00166891
pos  0.847013  0.0233342   0.135655   0.814242 0.00166891   0.149047
underflow!0.00387596
pos  0.843232  0.0795817    0.15645   0.900304 0.00387596    0.12834
underflow!0.00340804
pos  0.873758  0.0512812   0.228816    0.82141 0.00340804  0.0607717
underflow!0.00385634
pos  0.868172  0.0193525   0.143299    0.92897 0.00385634   0.172633
underflow!0.00287648
pos  0.885222  0.0776385   0.162509   0.869119 0.00287648   0.130374
underflow!0.00322153
pos  0.909345   0.128458   0.146462   0.802733 0.00322153  0.0873709
underflow!0.00354628
pos  0.800048   0.062761    0.13575     0.8687 0.00354628   0.135898
underflow!0.00166016
pos  0.969293  0.0431213   0.149043   0.898411 0.00166016  0.0825217
underflow!0.00075842
pos  0.800605  0.0708741   0.139046   0.819431 0.00075842   0.144208
underflow!0.0036731
pos 0.947783  0.064808  0.127062  0.941668 0.0036731  0.120486
underflow!0.00438814
pos  0.903532  0.0565888   0.162319   0.930447 0.00438814   0.114354
underflow!0.00326033
pos  0.851057  0.0501765   0.200461   0.869286 0.00326033   0.132344
underflow!0.00452426
pos  0.807304  0.0455434   0.162299    0.91361 0.00452426   0.121572
underflow!0.00414324
pos  0.890879   0.102587   0.130052   0.794492 0.00414324   0.106944
underflow!0.00426914
pos  0.798752   0.125954   0.105285   0.719896 0.00426914  0.0768971
underflow!0.00429247
pos  0.886306   0.303287   0.154936   0.900857 0.00429247  0.0494551
underflow!0.00235212
pos  0.890519  0.0344966   0.192783   0.693183 0.00235212  0.0638083
underflow!0.00195608
pos  0.885189  0.0889084   0.159765   0.933957 0.00195608   0.116098
underflow!0.00403608
pos  0.739852  0.0381214     0.1658   0.892877 0.00403608   0.303836
underflow!0.00457378
pos  0.866431  0.0654543   0.186003   0.938448 0.00457378    0.12855
underflow!0.00406808
pos  0.822903  0.0393503   0.150504   0.763839 0.00406808  0.0897385
underflow!0.00389923
pos  0.883299  0.0433694   0.130676   0.924441 0.00389923   0.090781
underflow!0.00375568
pos  0.858726  0.0618973   0.166573   0.963758 0.00375568  0.0892263
underflow!0.00386411
pos  0.822187  0.0953992   0.210949   0.908305 0.00386411   0.113859
underflow!0.00353783
pos  0.922877  0.0328928  0.0703467   0.925091 0.00353783   0.135698
underflow!0.00424094
pos  0.872932  0.0729549   0.163042   0.837909 0.00424094   0.188416
underflow!0.004465
pos 0.788649 0.0598887  0.145239  0.905374  0.004465 0.0860962
underflow!0.0046031
pos 0.754677  0.035522  0.166427  0.878345 0.0046031  0.196186
underflow!0.00462712
pos  0.855587  0.0532999   0.159149   0.901266 0.00462712   0.155858
underflow!0.00105709
pos  0.852279  0.0353306   0.140906   0.776952 0.00105709   0.139721
underflow!0.00491389
pos  0.872737   0.099878   0.163018   0.829292 0.00491389   0.188104
underflow!0.00478072
pos  0.787136  0.0768486   0.152642   0.860672 0.00478072   0.150218
underflow!0.00149467
pos  0.818453  0.0621349   0.171999   0.920189 0.00149467  0.0580768
underflow!0.00237413
pos  0.837184  0.0931209   0.106727   0.934504 0.00237413   0.110769
underflow!0.00454498
pos  0.858955  0.0795928   0.113315   0.961227 0.00454498    0.09096
underflow!0.00480078
pos  0.845247   0.124708    0.17665   0.884055 0.00480078   0.108947
underflow!0.00428703
pos  0.865727  0.0615723   0.160557   0.893921 0.00428703   0.140465
underflow!0.0046948
pos 0.754902  0.043118   0.14256  0.796731 0.0046948  0.140572
underflow!0.00418332
pos  0.846897   0.106898   0.195029    0.84251 0.00418332   0.111279
underflow!0.00363741
pos  0.851413  0.0880568   0.147723   0.849005 0.00363741   0.178634
underflow!0.00167229
pos  0.826248  0.0895109   0.232121   0.808145 0.00167229   0.110981
underflow!0.00457033
pos  0.878954   0.102735   0.148291   0.758491 0.00457033   0.109537
underflow!0.00439435
pos  0.866663   0.113188   0.140557     0.8205 0.00439435  0.0672826
underflow!0.0044651
pos  0.87601 0.0606017  0.197276  0.793959 0.0044651 0.0944776
underflow!0.00295985
pos  0.906135  0.0585098   0.157291   0.932357 0.00295985   0.106086
underflow!0.00495704
pos  0.887863  0.0843934   0.112951   0.769773 0.00495704  0.0946335
underflow!0.00439048
pos  0.909112  0.0560799   0.142085     0.8319 0.00439048   0.110261
underflow!0.00461095
pos  0.874793   0.134775   0.202174   0.773832 0.00461095  0.0947325
underflow!0.00138026
pos  0.915101  0.0706816   0.110876   0.804674 0.00138026  0.0916057
underflow!0.00412141
pos  0.843174  0.0349944   0.141535   0.923766 0.00412141  0.0640241
underflow!0.00448093
pos   0.82586  0.0874624   0.147185   0.880254 0.00448093  0.0388593
underflow!0.00305914
pos  0.850531  0.0761944   0.145628   0.831438 0.00305914   0.166246
underflow!0.00425503
pos  0.860622  0.0544234   0.127697   0.872417 0.00425503  0.0890496
underflow!0.00428584
pos  0.729406   0.101937   0.145212   0.832373 0.00428584   0.107072
underflow!0.00421188
pos  0.864306  0.0608321   0.156949    0.90894 0.00421188   0.110855
underflow!0.00219133
pos  0.783972   0.172604    0.17792     0.8373 0.00219133   0.169409
underflow!0.0036167
pos 0.869951  0.115291  0.163452  0.866199 0.0036167  0.129237
underflow!0.00476044
pos  0.872387    0.11166   0.142117   0.858566 0.00476044   0.107749
underflow!0.00364494
pos  0.876637   0.126928   0.145307   0.914648 0.00364494   0.144874
underflow!0.00498342
pos  0.813993  0.0553602   0.150671   0.705475 0.00498342  0.0641392
underflow!0.00366239
pos  0.825384  0.0892811   0.139209   0.799827 0.00366239   0.202852
underflow!0.00191833
pos  0.864605  0.0714541   0.160651   0.867395 0.00191833   0.108824
underflow!0.00442494
pos  0.838271   0.122276   0.159179     0.9488 0.00442494    0.13909
underflow!0.00492679
pos  0.819933  0.0487875   0.293784   0.874038 0.00492679  0.0900533
underflow!0.00443987
pos  0.764957  0.0910277   0.160365   0.859796 0.00443987  0.0863793
underflow!0.00360802
pos  0.826162  0.0890104   0.139119   0.875078 0.00360802   0.109997
underflow!0.00416333
pos  0.844551  0.0939591   0.154683    0.88646 0.00416333  0.0934726
underflow!0.00355204
pos  0.842584   0.087776   0.150016   0.791402 0.00355204   0.106002
underflow!0.00220528
pos  0.931828   0.207105   0.111328   0.744693 0.00220528   0.201158
underflow!0.00325644
pos   0.83676   0.100366  0.0874005   0.885497 0.00325644   0.221394
underflow!0.00401474
pos  0.770501  0.0911702   0.198124   0.830508 0.00401474  0.0654072
underflow!0.00498817
pos  0.833328  0.0932158   0.174239    0.81457 0.00498817  0.0456611
underflow!0.0034389
pos 0.793358 0.0627176  0.121311   0.88239 0.0034389 0.0434154
underflow!0.00496296
pos  0.809611  0.0903237   0.147683   0.854446 0.00496296  0.0875605
underflow!0.00236537
pos  0.737415  0.0333815   0.232992   0.846008 0.00236537   0.128232
underflow!0.000532242
pos   0.826536    0.104621     0.14116    0.853556 0.000532242    0.115366
underflow!0.00454907
pos  0.858487   0.197357   0.150512   0.849744 0.00454907  0.0556624
underflow!0.0044448
pos 0.933766  0.173373 0.0914271  0.808037 0.0044448  0.059709
underflow!0.00333556
pos  0.837585  0.0983066   0.142356   0.900557 0.00333556   0.133586
underflow!0.00473076
pos  0.840773  0.0766947   0.101498   0.768181 0.00473076  0.0672765
underflow!0.00214962
pos  0.830563   0.131044   0.146246    0.81772 0.00214962  0.0911936
underflow!0.0036165
pos 0.821665 0.0633424 0.0380757   0.82572 0.0036165  0.282908
underflow!0.0049491
pos 0.786747 0.0507906  0.143964  0.824669 0.0049491  0.137768
underflow!0.0041116
pos 0.869288   0.10078 0.0714572    0.8658 0.0041116  0.101706
underflow!0.00349856
pos  0.876977   0.133769   0.204176   0.787583 0.00349856  0.0973646
underflow!0.00406863
pos  0.825081   0.121827   0.125905   0.868516 0.00406863   0.087103
underflow!0.00472152
pos  0.751762  0.0406698   0.127106   0.830526 0.00472152   0.127792
underflow!0.00480705
pos  0.893847   0.104058   0.154919   0.849056 0.00480705   0.080911
underflow!0.00454604
pos  0.819382   0.100485   0.226648   0.782117 0.00454604   0.197765
underflow!0.0021452
pos 0.766916 0.0854613  0.166614  0.868313 0.0021452 0.0363956
underflow!0.00278183
pos  0.886916   0.100053  0.0872312   0.617371 0.00278183    0.16909
underflow!0.00439618
pos  0.741617   0.108052  0.0904775   0.863897 0.00439618   0.115016
underflow!0.0041481
pos 0.825997 0.0888766  0.167666  0.866558 0.0041481  0.175554
underflow!0.00334542
pos  0.754366  0.0853205  0.0856968   0.774629 0.00334542   0.074722
underflow!0.00174142
pos  0.863494  0.0538632   0.128922   0.782815 0.00174142   0.116222
underflow!0.00374248
pos  0.838862  0.0803955   0.151542   0.579848 0.00374248   0.110355
underflow!0.00388927
pos  0.794359  0.0837897    0.20247   0.747638 0.00388927   0.109157
underflow!0.00444493
pos   0.81137  0.0478914   0.127978   0.746169 0.00444493  0.0995608
underflow!0.00415571
pos  0.836628   0.117943   0.159729   0.737154 0.00415571  0.0769039
underflow!0.00487318
pos  0.825284   0.141784  0.0980496   0.630251 0.00487318  0.0365814
underflow!0.0045755
pos 0.838313  0.166816  0.127941  0.784562 0.0045755 0.0670711
underflow!0.00412767
pos  0.706664   0.158213  0.0801813   0.873028 0.00412767  0.0977772
underflow!0.00434889
pos   0.83025  0.0808805   0.106459   0.732469 0.00434889  0.0765493
underflow!0.0044214
pos 0.803132  0.100906  0.148929  0.579622 0.0044214 0.0955286
underflow!0.00259392
pos  0.743812   0.165587   0.158367   0.871022 0.00259392  0.0850443
underflow!0.00480919
pos  0.795612   0.074714   0.140042   0.801005 0.00480919  0.0568945
underflow!0.00335552
pos  0.832795   0.105004   0.122663   0.806492 0.00335552  0.0695913
underflow!0.00208761
pos   0.84648   0.181717   0.124827   0.781838 0.00208761   0.128184
underflow!0.00435457
pos  0.799168   0.116303    0.13817   0.876315 0.00435457  0.0544541
underflow!0.00481238
pos  0.774303   0.127369  0.0806344   0.721836 0.00481238  0.0852314
underflow!0.00349604
pos  0.839253   0.160345   0.132271   0.871324 0.00349604   0.119797
underflow!0.00468761
pos  0.852964   0.186549   0.149484   0.820465 0.00468761   0.158205
underflow!0.0048963
pos 0.873954   0.12222  0.100377  0.824624 0.0048963  0.162152
underflow!0.00313978
pos  0.902631  0.0690559    0.13338   0.874829 0.00313978   0.142023
underflow!0.00493345
pos  0.834239  0.0976883   0.144316   0.828803 0.00493345   0.111315
underflow!0.00499622
pos  0.832569   0.120285   0.158049   0.750637 0.00499622  0.0999398
underflow!0.00492723
pos  0.844105   0.176547   0.130837   0.842519 0.00492723  0.0864076
underflow!0.00497178
pos  0.856849    0.13671  0.0956328   0.854735 0.00497178  0.0980601
underflow!0.00415315
pos  0.900148   0.118668   0.180142   0.869955 0.00415315   0.135034
underflow!0.00331681
pos   0.93934  0.0930793   0.139614   0.919681 0.00331681   0.103893
underflow!0.00280985
pos  0.795332   0.195475   0.130174   0.811201 0.00280985  0.0798175
underflow!0.00442398
pos  0.870971  0.0587467   0.145364   0.926614 0.00442398   0.127307
underflow!0.00414495
pos  0.845688   0.140282  0.0612136   0.882923 0.00414495  0.0778657
underflow!0.00456838
pos  0.836258   0.116696   0.138983   0.771066 0.00456838  0.0454411
underflow!0.00302151
pos  0.840563   0.076413   0.140705   0.814931 0.00302151   0.107378
underflow!0.00408112
pos  0.836459   0.208247  0.0683465    0.74261 0.00408112  0.0740793
underflow!0.000930452
pos    0.81861   0.0568439    0.201639    0.871316 0.000930452    0.056311
Updating Weight Matrix!
GBVEC AND COST:     0.8452    0.119479    0.141746    0.824956   0.0169887    0.101012 0.000327212
Chkpt reached!
new weight matrix:
   0.012229           0           0           0           0           0           0           0           0           0           0           0           0
          0   0.0971997           0           0           0           0           0           0           0           0           0           0           0
          0           0  0.00491715           0           0           0           0           0           0           0           0           0           0
          0           0           0   0.0493482           0           0           0           0           0           0           0           0           0
          0           0           0           0 4.84552e-06           0           0           0           0           0           0           0           0
          0           0           0           0           0     3805.01           0           0           0           0           0           0           0
          0           0           0           0           0           0 4.90372e-07           0           0           0           0           0           0
          0           0           0           0           0           0           0    0.993972           0           0           0           0           0
          0           0           0           0           0           0           0           0    0.372632           0           0           0           0
          0           0           0           0           0           0           0           0           0 0.000449353           0           0           0
          0           0           0           0           0           0           0           0           0           0 7.86444e-05           0           0
          0           0           0           0           0           0           0           0           0           0           0      2.4025           0
          0           0           0           0           0           0           0           0           0           0           0           0     1.82184

underflow!1.0323e-18
pos  0.952044  0.0238876  0.0912932   0.729122 1.0323e-18  0.0352411
underflow!5.42121e-08
pos   0.925799   0.0738622    0.187932    0.860359 5.42121e-08   0.0120678
underflow!1.73387e-11
pos   0.783517    0.104365      0.1578    0.938124 1.73387e-11   0.0490584
underflow!1.69105e-59
pos   0.883037   0.0513894   0.0568786    0.907872 1.69105e-59   0.0512215
underflow!1.94609e-05
pos   0.619188    0.110178   0.0758172    0.860481 1.94609e-05   0.0421929
underflow!5.90803e-08
pos    0.76637   0.0829147    0.126413    0.976376 5.90803e-08   0.0292997
underflow!9.87861e-05
pos   0.781555    0.108432   0.0282396    0.933263 9.87861e-05   0.0443929
underflow!0.00045466
pos  0.855063  0.0404053   0.231879   0.760156 0.00045466  0.0383946
underflow!0.0015765
pos 0.693766 0.0940124  0.068797  0.698124 0.0015765 0.0571386
underflow!1.30851e-20
pos   0.810399     0.06227    0.154581    0.721483 1.30851e-20   0.0256635
underflow!1.4677e-15
pos  0.902266   0.187861  0.0635032   0.859225 1.4677e-15  0.0628425
underflow!2.85602e-20
pos   0.910058    0.162008    0.172797    0.830026 2.85602e-20   0.0313536
underflow!7.57485e-12
pos   0.877837    0.231213    0.226455    0.962977 7.57485e-12   0.0893923
underflow!8.26551e-12
pos   0.918883   0.0264732    0.128752    0.713239 8.26551e-12    0.118724
underflow!9.39879e-06
pos   0.812071   0.0381418   0.0656234    0.893564 9.39879e-06   0.0378731
underflow!5.10032e-12
pos   0.847505   0.0443218    0.205889       0.843 5.10032e-12    0.036468
underflow!6.09499e-27
pos   0.901018    0.173181    0.285633    0.962062 6.09499e-27    0.159893
underflow!1.62524e-09
pos   0.967299    0.219525    0.242477    0.823811 1.62524e-09  0.00634133
underflow!4.1674e-24
pos  0.730684  0.0795249  0.0538259   0.882254 4.1674e-24   0.185199
underflow!0.00272455
pos   0.842979   0.0518281   0.0580047    0.927609 1.97897e-35  0.00272455
underflow!2.0399e-29
pos  0.787312  0.0429605   0.164465   0.951736 2.0399e-29  0.0729452
underflow!1.41123e-17
pos     0.9802     0.19589    0.130095    0.853312 1.41123e-17    0.122303
underflow!1.54541e-30
pos   0.731099     0.22699   0.0499947    0.813965 1.54541e-30    0.196623
underflow!0.00289946
pos  0.804298  0.0432828   0.151008   0.914129 0.00289946   0.216298
underflow!0.00259691
pos  0.863345  0.0195361   0.273866   0.800553 0.00259691  0.0341503
underflow!0.00147827
pos  0.868118   0.104312   0.017407   0.745637 0.00147827  0.0125572
underflow!0.00258722
pos  0.873075  0.0331113   0.177116   0.746392 0.00258722  0.0424951
underflow!0.00351904
pos  0.720888  0.0985734    0.13828    0.72084 0.00351904  0.0914261
underflow!0.00371614
pos  0.903394   0.028381   0.117571   0.780389 0.00371614   0.133877
underflow!0.00160817
pos  0.819327   0.103888   0.168632    0.87996 0.00160817  0.0562335
underflow!0.00106695
pos  0.745879   0.198379    0.15235   0.884596 0.00106695  0.0971652
underflow!0.0024184
pos 0.911031 0.0280465  0.130137  0.725145 0.0024184  0.104464
underflow!0.00248615
pos  0.892853   0.165325   0.264584   0.945814 0.00248615    0.15128
underflow!0.00171637
pos  0.955805   0.210107   0.232994   0.823919 0.00171637  0.0152534
underflow!0.000833104
pos   0.692772   0.0585452   0.0689915    0.962751 0.000833104    0.104587
underflow!0.000805748
pos   0.826986   0.0802233    0.118811    0.891051 0.000805748   0.0170093
underflow!0.00243455
pos  0.890899  0.0856256   0.155122   0.728809 0.00243455  0.0235338
underflow!0.00117417
pos  0.784465   0.222284   0.054011   0.814446 0.00117417   0.192438
underflow!0.00331647
pos  0.866363  0.0784266  0.0188846   0.784698 0.00331647  0.0116687
underflow!0.00381205
pos   0.94383   0.093534    0.14042   0.909133 0.00381205  0.0389723
underflow!0.0045189
pos 0.796284  0.229186  0.203076   0.92684 0.0045189 0.0633407
underflow!0.00277549
pos  0.847722  0.0997143   0.102519   0.830518 0.00277549  0.0314302
underflow!0.00410428
pos   0.76622  0.0724209  0.0836775   0.882718 0.00410428   0.159074
underflow!0.00477819
pos  0.827363  0.0810377   0.119287   0.889679 0.00838275 0.00477819
underflow!0.00382275
pos  0.787422  0.0771614   0.187057   0.937464 0.00382275  0.0732817
underflow!0.00396178
pos  0.914333  0.0971657   0.134765   0.922144 0.00396178  0.0476566
underflow!0.00274031
pos  0.811341  0.0978529   0.136218   0.905557 0.00274031  0.0767633
underflow!0.0024564
pos 0.701229 0.0916558    0.1632  0.954836 0.0024564 0.0652811
underflow!0.00283827
pos  0.742985   0.200235    0.16553   0.854984 0.00283827  0.0957452
underflow!0.0030481
pos 0.816926    0.3145   0.32705   0.91947 0.0030481 0.0728819
underflow!0.00488259
pos  0.765912  0.0731873  0.0820721     0.8631 0.00488259  0.0236513
underflow!0.00325208
pos  0.803157  0.0463367   0.150762   0.914052 0.00325208   0.213234
underflow!0.00494568
pos  0.822709  0.0978709   0.191897   0.858858 0.00494568  0.0904421
underflow!0.00461475
pos  0.791545  0.0952387   0.203334   0.867922 0.00461475  0.0857234
underflow!0.00275375
pos  0.903777  0.0624063   0.171062   0.852272 0.00275375  0.0891689
underflow!0.00445298
pos  0.809224  0.0568915   0.137132   0.901195 0.00445298    0.19704
underflow!0.00224276
pos    0.7894  0.0546857  0.0248081   0.868423 0.00224276    0.36246
underflow!0.00413423
pos  0.761025   0.129736   0.168603   0.759482 0.00413423  0.0403699
underflow!0.00105025
pos  0.916181   0.224364   0.182446   0.921924 0.00105025    0.17207
underflow!0.00064459
pos  0.716182  0.0191553  0.0893984   0.961556 0.00064459   0.185592
underflow!0.00299978
pos  0.938203   0.133616   0.121621   0.849793 0.00299978   0.152133
underflow!0.00334901
pos  0.846087  0.0745636   0.200366   0.833476 0.00334901  0.0475224
underflow!0.00338644
pos  0.923296  0.0613672   0.137777   0.870638 0.00338644  0.0582227
underflow!0.0033906
pos 0.622352  0.105435  0.132416  0.890722 0.0033906  0.093863
underflow!0.00274221
pos  0.799632   0.174468  0.0948201   0.944254 0.00274221  0.0841102
underflow!0.00320868
pos  0.793998  0.0350365   0.182034   0.682056 0.00320868  0.0574552
underflow!0.00495178
pos  0.846125  0.0777366   0.195965   0.832866 0.00495178  0.0510635
underflow!0.0043897
pos 0.800398 0.0653447  0.168718  0.522907 0.0043897 0.0641325
underflow!0.00432617
pos  0.881868   0.290336   0.162081   0.926707 0.00432617   0.130419
underflow!0.00435381
pos  0.898247    0.13263   0.154296    0.84711 0.00435381  0.0935668
underflow!0.00423204
pos   0.80027   0.114479   0.127095   0.868163 0.00423204   0.088026
underflow!0.00239808
pos  0.845948  0.0725418   0.137783   0.745725 0.00239808  0.0763637
underflow!0.00406062
pos  0.728878   0.101248   0.145095   0.837041 0.00406062  0.0865838
underflow!0.00332527
pos  0.834487  0.0791961   0.168358   0.742854 0.00332527   0.213696
underflow!0.00311566
pos  0.824931   0.112912   0.209708   0.891771 0.00311566  0.0685538
underflow!0.000841331
pos   0.835315    0.103389    0.297384    0.805649 0.000841331   0.0329583
underflow!0.00435014
pos  0.840925   0.122202   0.140068   0.750845 0.00435014   0.108276
underflow!0.00445956
pos  0.889525   0.100837  0.0531182   0.885348 0.00445956     0.2191
underflow!0.00294423
pos  0.802333   0.114217   0.142959   0.833141 0.00294423   0.106098
underflow!0.00348772
pos  0.840901  0.0602238   0.137506   0.767785 0.00348772   0.119235
underflow!0.00162236
pos  0.856064   0.118209    0.23459   0.716194 0.00162236  0.0949617
underflow!0.00478097
pos  0.735608   0.170296   0.170016   0.815532 0.00478097  0.0797772
underflow!0.00490542
pos  0.813892   0.128689  0.0910586   0.759333 0.00490542  0.0876357
underflow!0.00491195
pos  0.854099   0.121258   0.160164   0.893795 0.00491195   0.117096
underflow!0.00355064
pos  0.852235   0.142874    0.10452   0.812652 0.00355064   0.133837
underflow!0.00406073
pos  0.832234  0.0817034   0.148507   0.892065 0.00406073   0.146789
underflow!0.00361674
pos  0.835343   0.123584  0.0724221   0.749414 0.00361674   0.128991
underflow!0.00322525
pos   0.92251   0.185902   0.156637   0.827883 0.00322525  0.0884833
underflow!0.00219282
pos  0.896481  0.0780181   0.108389   0.802482 0.00219282  0.0777555
underflow!0.00375511
pos  0.827119  0.0668055   0.249459   0.786983 0.00375511   0.103379
underflow!0.00445671
pos  0.811937  0.0900976   0.127762   0.872262 0.00445671   0.235681
underflow!0.00420993
pos  0.725328   0.107169   0.191938   0.771168 0.00420993   0.123742
underflow!0.00303857
pos  0.851812   0.115353   0.122974   0.820584 0.00303857   0.115288
underflow!0.0035684
pos 0.819827  0.134843  0.122024  0.832715 0.0035684 0.0928408
underflow!0.00314469
pos  0.962522   0.165383   0.104772   0.823129 0.00314469   0.117616
underflow!0.00323383
pos    0.8476  0.0808622  0.0782498   0.868194 0.00323383   0.123282
underflow!0.00453695
pos  0.882295  0.0985952   0.175262   0.934115 0.00453695  0.0634307
underflow!0.0017514
pos 0.807467  0.105428 0.0689647  0.659857 0.0017514 0.0252461
underflow!0.00173385
pos  0.843238   0.109396   0.159757   0.833277 0.00173385   0.122271
underflow!0.00402327
pos  0.784573   0.105942  0.0965833   0.826513 0.00402327  0.0779978
underflow!0.0032967
pos 0.886267 0.0837824   0.13327  0.814471 0.0032967 0.0536351
underflow!0.00343951
pos  0.845321  0.0658126   0.147121   0.823023 0.00343951  0.0999748
underflow!0.00263483
pos  0.842906   0.103842   0.162526   0.879497 0.00263483  0.0960882
underflow!0.00297069
pos  0.852589  0.0993207   0.136781   0.908295 0.00297069   0.101047
underflow!0.00321231
pos  0.869747   0.130224   0.149086    0.82278 0.00321231   0.104754
underflow!0.00431415
pos  0.872941   0.147012   0.135054   0.847282 0.00431415   0.103896
underflow!0.00268161
pos  0.807852   0.107558   0.123658    0.81008 0.00268161  0.0722614
underflow!0.00450931
pos  0.864085   0.223668   0.120766   0.839802 0.00450931    0.18362
underflow!0.00499255
pos  0.917228   0.118211   0.226561   0.837117 0.00499255   0.163433
underflow!0.00253235
pos  0.865768  0.0981139   0.105392    0.84483 0.00253235  0.0956798
underflow!0.00472782
pos  0.864151   0.125881   0.145595   0.932505 0.00472782  0.0824108
underflow!0.00306229
pos   0.85768  0.0743462   0.104791   0.827549 0.00306229   0.101704
underflow!0.00354417
pos  0.883611   0.116199   0.141432   0.868228 0.00354417  0.0355588
underflow!0.0045965
pos 0.837931  0.102437  0.135411   0.83646 0.0045965 0.0813392
underflow!0.00342418
pos  0.905202   0.105373   0.292265   0.820449 0.00342418   0.118691
underflow!0.0024924
pos 0.845688  0.144877  0.427143  0.820299 0.0024924  0.152422
underflow!0.00467845
pos  0.917658    0.12081    0.12944   0.741062 0.00467845  0.0824415
underflow!0.00407413
pos  0.852105    0.10158  0.0737197   0.814216 0.00407413   0.105301
underflow!0.00401649
pos  0.733812   0.203501   0.206666   0.817078 0.00401649   0.125055
underflow!0.00436048
pos  0.842516   0.118929   0.129129   0.827436 0.00436048   0.127033
underflow!0.00487495
pos   0.84583   0.118652   0.142832   0.810308 0.00487495  0.0988041
underflow!0.00475249
pos  0.846742   0.122042   0.104912   0.754284 0.00475249   0.125007
underflow!0.00230855
pos  0.950419   0.135788    0.11645   0.926868 0.00230855  0.0821068
underflow!0.00363403
pos  0.823072   0.032486   0.133166   0.840832 0.00363403  0.0820876
underflow!0.002286
pos0.899076 0.124858 0.144696 0.799034 0.002286 0.117318
underflow!0.00364057
pos   0.86466   0.118717   0.119244   0.824374 0.00364057   0.166225
underflow!0.00362296
pos  0.848124   0.118668   0.141638   0.830811 0.00362296   0.140861
underflow!0.0024906
pos 0.834255  0.119256  0.142775  0.839536 0.0024906  0.103088
underflow!0.00462993
pos  0.866341  0.0839767   0.137951   0.819649 0.00462993  0.0960227
underflow!0.00194201
pos  0.904364  0.0351362   0.098614   0.791994 0.00194201   0.119986
underflow!0.00277482
pos  0.855661  0.0337926   0.143446   0.829787 0.00277482  0.0883406
underflow!0.00437572
pos  0.874532  0.0928947   0.130549   0.756879 0.00437572  0.0479616
underflow!0.00210112
pos  0.830623   0.119082    0.13847   0.825946 0.00210112   0.104855
underflow!0.00360224
pos  0.871851   0.138728   0.126389   0.828281 0.00360224  0.0857543
underflow!0.00466744
pos  0.874498   0.119792    0.14843    0.80432 0.00466744  0.0850702
underflow!0.00272036
pos  0.855695   0.107122    0.31325   0.887514 0.00272036  0.0952227
underflow!0.00175493
pos  0.804795  0.0599737   0.143761   0.767754 0.00175493   0.233733
underflow!0.00274284
pos  0.887733   0.118557  0.0801963   0.810843 0.00274284   0.113406
underflow!0.0049795
pos 0.886248 0.0390631  0.257786   0.81599 0.0049795 0.0321376
underflow!0.00442275
pos  0.899573   0.120091   0.116351   0.818927 0.00442275  0.0598435
underflow!0.00460751
pos  0.852275  0.0798951   0.135527    0.82166 0.00460751   0.191731
underflow!0.00303472
pos  0.835664  0.0634188  0.0788909   0.828949 0.00303472  0.0804278
underflow!0.00451185
pos  0.864333    0.13002    0.13279   0.835034 0.00451185   0.180469
underflow!0.00217231
pos  0.840301  0.0479296   0.242728   0.822273 0.00217231  0.0635687
underflow!0.00387441
pos  0.834441  0.0730744   0.142563   0.935015 0.00387441   0.220858
underflow!0.00383925
pos  0.823474   0.161702   0.123149   0.830641 0.00383925   0.101115
underflow!0.0023925
pos 0.854069  0.186278  0.159834  0.852717 0.0023925  0.118974
underflow!0.00237169
pos  0.843891   0.105209   0.080697   0.836072 0.00237169  0.0356738
underflow!0.00329069
pos  0.759513   0.128507  0.0744602   0.772431 0.00329069  0.0455487
underflow!0.00427894
pos  0.944048  0.0854082  0.0492278   0.830514 0.00427894   0.104969
underflow!0.00440243
pos   0.85764   0.106605    0.11316   0.882637 0.00440243  0.0793172
underflow!0.00495481
pos  0.843286  0.0717046   0.172784   0.826388 0.00495481  0.0851221
underflow!0.00358484
pos  0.843203   0.120854   0.123214   0.827298 0.00358484  0.0658098
underflow!0.00482374
pos  0.810317   0.119517   0.145192   0.916949 0.00482374  0.0805881
underflow!0.00444951
pos  0.905681   0.122418   0.140997   0.814896 0.00444951   0.169297
underflow!0.00499905
pos   0.92405  0.0622232   0.145185   0.831437 0.00499905  0.0768948
underflow!0.00451656
pos  0.844471  0.0572099   0.142811   0.826687 0.00451656   0.104764
underflow!0.00437478
pos  0.852962  0.0671705   0.182604   0.776404 0.00437478   0.101751
underflow!0.00447679
pos   0.80751     0.1131   0.139518   0.876027 0.00447679  0.0797343
underflow!0.00471506
pos  0.844457   0.116941    0.14388   0.852948 0.00471506   0.103229
underflow!0.0041521
pos 0.852128  0.117867  0.141963  0.825573 0.0041521  0.101707
underflow!0.00291615
pos  0.860713   0.118653  0.0762252   0.821471 0.00291615  0.0968519
underflow!0.00487092
pos  0.857778   0.170867   0.141435   0.828803 0.00487092   0.110762
underflow!0.00296585
pos  0.868091  0.0906114   0.141943   0.776291 0.00296585   0.028881
underflow!0.00423197
pos  0.914121   0.113127   0.145896   0.826126 0.00423197   0.100295
underflow!0.0012902
pos 0.843891   0.12092  0.146529  0.830162 0.0012902 0.0979498
underflow!0.00458537
pos  0.871572   0.108604   0.117266   0.839421 0.00458537   0.294971
underflow!0.00296631
pos  0.862102   0.119505   0.155954   0.829211 0.00296631   0.111442
underflow!0.00372021
pos   0.84283    0.16386  0.0764769   0.824685 0.00372021   0.117258
underflow!0.00406375
pos  0.780636  0.0707493   0.151523   0.857824 0.00406375  0.0873475
underflow!0.00106404
pos  0.966159   0.227057   0.142796   0.826497 0.00106404   0.101562
underflow!0.00306767
pos  0.836858   0.132794  0.0968195   0.826465 0.00306767  0.0930897
underflow!0.00384235
pos  0.879534   0.118463  0.0817549   0.826098 0.00384235  0.0897384
underflow!0.00178546
pos  0.861987   0.210902   0.143809   0.893783 0.00178546  0.0923618
underflow!0.00471816
pos  0.844107   0.130114   0.175735   0.834531 0.00471816   0.107639
underflow!0.0045489
pos 0.830081  0.140855  0.143477   0.83289 0.0045489 0.0742241
underflow!0.00390224
pos  0.841723   0.116813   0.142559   0.828751 0.00390224  0.0920488
underflow!0.00447335
pos  0.766085   0.084785  0.0750604   0.779441 0.00447335   0.101667
underflow!0.000877608
pos   0.844295    0.122127    0.150953    0.821051 0.000877608   0.0867237
underflow!0.00449575
pos  0.842153   0.117676  0.0646336   0.881682 0.00449575   0.101361
Updating Weight Matrix!
GBVEC AND COST:    0.84473    0.119937    0.142791    0.826501   0.0165177    0.101694 0.000416168
Chkpt reached!
new weight matrix:
   0.012229           0           0           0           0           0           0           0           0           0           0
          0   0.0493286           0           0           0           0           0           0           0           0           0
          0           0 4.84521e-06           0           0           0           0           0           0           0           0
          0           0           0 0.000500173           0           0           0           0           0           0           0
          0           0           0           0     3803.49           0           0           0           0           0           0
          0           0           0           0           0 0.000128764           0           0           0           0           0
          0           0           0           0           0           0    0.988016           0           0           0           0
          0           0           0           0           0           0           0 0.000480118           0           0           0
          0           0           0           0           0           0           0           0     0.37247           0           0
          0           0           0           0           0           0           0           0           0 0.000449449           0
          0           0           0           0           0           0           0           0           0           0 5.40552e-07

underflow!1.87817e-30
pos    0.87901    0.140222    0.191935    0.886408 1.87817e-30    0.161761
underflow!1.60222e-07
pos   0.637966   0.0702189    0.081695    0.940147 1.60222e-07   0.0784607
underflow!1.02049e-58
pos   0.794498   0.0724255   0.0563669    0.767329 1.02049e-58   0.0211574
underflow!1.19236e-08
pos   0.927872   0.0540745    0.108415    0.847492 1.19236e-08   0.0982016
underflow!1.47918e-12
pos   0.576485   0.0276146   0.0992487    0.888996 1.47918e-12   0.0443541
underflow!0.000264657
pos   0.741951    0.205422   0.0292045     0.82755 0.000264657    0.126467
underflow!1.04389e-07
pos   0.912538    0.200778    0.160528    0.862344 1.04389e-07   0.0212665
underflow!5.62846e-32
pos   0.937723   0.0784879   0.0201383    0.819216 5.62846e-32    0.112618
underflow!1.75595e-12
pos   0.912495    0.309018    0.292448    0.937677 1.75595e-12   0.0285267
underflow!1.34565e-20
pos   0.723507    0.105936    0.198442    0.650997 1.34565e-20  0.00140397
underflow!0.00140397
pos   0.723507    0.105936    0.198442    0.650997 1.34565e-20  0.00140397
underflow!7.40053e-05
pos   0.756911  0.00308446    0.168964    0.803429 7.40053e-05   0.0911489
underflow!0.00308446
pos   0.756911  0.00308446    0.168964    0.803429 7.40053e-05   0.0911489
underflow!0.00132247
pos  0.908023  0.0454143   0.199626   0.905268 0.00132247  0.0928097
underflow!3.00685e-06
pos   0.931546   0.0245569   0.0966245    0.883254 3.00685e-06     0.39364
underflow!6.45354e-06
pos   0.943591   0.0869755    0.330444    0.861047 6.45354e-06   0.0194412
underflow!0.00018834
pos  0.819095  0.0409836   0.225118   0.851369 0.00018834   0.135776
underflow!1.38789e-10
pos   0.784251   0.0648922    0.265925    0.932804 1.38789e-10    0.143349
underflow!1.14496e-08
pos   0.816039   0.0452783      0.2399    0.782828 1.14496e-08   0.0324316
underflow!1.13191e-17
pos   0.901726    0.125849   0.0779047    0.834436 1.13191e-17    0.147926
underflow!5.91519e-11
pos   0.940082     0.13636    0.111895    0.759735 5.91519e-11   0.0311729
underflow!5.93699e-10
pos   0.717482     0.23197    0.105169    0.802194 5.93699e-10   0.0641861
underflow!2.9711e-13
pos  0.828101  0.0787929   0.204121   0.761633 2.9711e-13   0.144334
underflow!2.93604e-08
pos   0.902919    0.125227   0.0590855    0.641909 2.93604e-08  0.00599847
underflow!0.00282685
pos  0.980417    0.13453  0.0455196   0.859866 0.00282685   0.184896
underflow!1.05244e-28
pos    0.97582   0.0717482   0.0542528    0.787626 1.05244e-28    0.111568
underflow!4.22681e-05
pos   0.877952   0.0745265    0.086002    0.887092 4.22681e-05   0.0552736
underflow!7.68264e-09
pos   0.893998   0.0641059   0.0087238    0.678425 7.68264e-09   0.0199398
underflow!0.00386112
pos    0.90942    0.238931   0.0231349    0.891879 4.20084e-09  0.00386112
underflow!0.0044799
pos 0.662496 0.0703877 0.0925831   0.91795 0.0044799 0.0850535
underflow!0.00338088
pos  0.880914  0.0671393   0.144146    0.89517 0.00338088   0.175573
underflow!0.00347791
pos  0.741942   0.099102  0.0635832   0.773069 0.00347791  0.0445779
underflow!0.000457842
pos   0.932223    0.246587   0.0740552    0.781792 0.000457842    0.102837
underflow!0.00377572
pos  0.911804  0.0508468   0.107123   0.870348 0.00377572   0.327251
underflow!0.00494253
pos   0.93444   0.131527  0.0888348   0.805513 0.00494253  0.0392822
underflow!0.00319109
pos  0.936636  0.0620257  0.0308131   0.785738 0.00319109   0.111667
underflow!0.00482924
pos  0.908211   0.219323  0.0864748   0.806541 0.00482924   0.136745
underflow!0.00323501
pos  0.787875  0.0996086   0.149798      0.827 0.00323501  0.0764176
underflow!0.00393022
pos  0.843666   0.178982   0.115137   0.817942 0.00393022  0.0998872
underflow!0.00401535
pos  0.830968  0.0735181   0.140111   0.751957 0.00401535  0.0518366
underflow!0.00259603
pos  0.861221   0.118978   0.145273    0.79407 0.00259603    0.10457
underflow!0.00269651
pos  0.859165    0.15301   0.184964   0.864157 0.00269651  0.0650373
underflow!0.00462341
pos   0.90654   0.105305   0.141817   0.801705 0.00462341  0.0983556
underflow!0.00465202
pos  0.893645  0.0835285   0.239179   0.822729 0.00465202  0.0412061
underflow!0.0049333
pos 0.807149 0.0985652 0.0662611  0.783983 0.0049333   0.11043
underflow!0.00424457
pos  0.836733  0.0967089   0.137246   0.874896 0.00424457   0.132436
underflow!0.00352889
pos  0.834536  0.0995554   0.154824   0.905933 0.00352889   0.126576
underflow!0.00381699
pos  0.876727   0.113019   0.160047   0.813309 0.00381699   0.100505
underflow!0.00461022
pos  0.874248    0.13479   0.219149    0.82796 0.00461022  0.0695878
underflow!0.00353438
pos  0.834066  0.0823786   0.150324   0.757494 0.00353438  0.0983075
underflow!0.00444898
pos  0.816869   0.134945   0.157445   0.867626 0.00444898  0.0927949
