PSO_S_ODE_NonLinear
Using two part PSOSample Size:100 with:27 moments.
Using Record Time:38.76
Bounds for Uniform Distribution (0,1)
Blind PSO --> nParts:300 Nsteps:5
Targeted PSO --> nParts:20 Nsteps:20
mu: 80 120  85
covarMat:
 50   0   0
  0 100   0
  0   0  50

Yt:  3.82376   2.87693   2.47531  0.125707   5.47794   3.43893   49.0986   39.5763   12.9946 0.0187632   70.3053   25.2911  0.781948   9.79928  0.655994   11.2372    13.908   8.38039  0.139629   48.0963   11.3028  0.337822   21.7128    18.124  0.496214  0.473689   29.9005
seedk: 0.374424  0.696458  0.216281  0.833269  0.113112 0.0144135| cost:24514.3
Xt: 5.22742  1.60243  0.63811 0.510784  2.75132  7.02152  70.1451  21.2605  1.33371 0.337737  30.1564  164.488  1.53763  3.76466  3.72098  9.02327  51.7572  2.83492 0.368467  24.4639  20.3577 0.408817  4.57746  14.2444  1.11502  5.20384  39.8059
PSO begins!
GBMAT from targeted PSO:

 0.374424  0.696458  0.216281  0.833269  0.113112 0.0144135   24514.3
 0.374424  0.696458  0.216281  0.833269  0.113112 0.0144135   24514.3
 0.703204  0.324199  0.320318  0.192694  0.368005  0.098676   3908.58
 0.782182  0.290677  0.528939  0.385592  0.532988   0.17225   3842.02
 0.782182  0.290677  0.528939  0.370881  0.532988   0.17225   3836.88
 0.761943  0.238362  0.447909  0.312638  0.485188  0.147895   3802.33

truk:  0.515996 0.0603199  0.103199  0.896801   0.05516 0.0722394
total difference b/w truk and final GBVEC0.742907

targeted PSO has started!
Updating Weight Matrix!
GBVEC AND COST:0.761943 0.238362 0.447909 0.312638 0.485188 0.147895  3802.33
Chkpt reached!
new weight matrix:
  0.0115141           0           0           0           0           0           0           0           0           0           0           0           0           0           0           0           0           0           0           0           0           0           0           0           0           0           0
          0   0.0125495           0           0           0           0           0           0           0           0           0           0           0           0           0           0           0           0           0           0           0           0           0           0           0           0           0
          0           0    0.085034           0           0           0           0           0           0           0           0           0           0           0           0           0           0           0           0           0           0           0           0           0           0           0           0
          0           0           0     1.72752           0           0           0           0           0           0           0           0           0           0           0           0           0           0           0           0           0           0           0           0           0           0           0
          0           0           0           0  0.00926171           0           0           0           0           0           0           0           0           0           0           0           0           0           0           0           0           0           0           0           0           0           0
          0           0           0           0           0   0.0172248           0           0           0           0           0           0           0           0           0           0           0           0           0           0           0           0           0           0           0           0           0
          0           0           0           0           0           0 1.23407e-05           0           0           0           0           0           0           0           0           0           0           0           0           0           0           0           0           0           0           0           0
          0           0           0           0           0           0           0 1.57199e-05           0           0           0           0           0           0           0           0           0           0           0           0           0           0           0           0           0           0           0
          0           0           0           0           0           0           0           0 0.000293413           0           0           0           0           0           0           0           0           0           0           0           0           0           0           0           0           0           0
          0           0           0           0           0           0           0           0           0    0.121973           0           0           0           0           0           0           0           0           0           0           0           0           0           0           0           0           0
          0           0           0           0           0           0           0           0           0           0  6.7027e-06           0           0           0           0           0           0           0           0           0           0           0           0           0           0           0           0
          0           0           0           0           0           0           0           0           0           0           0 7.86709e-06           0           0           0           0           0           0           0           0           0           0           0           0           0           0           0
          0           0           0           0           0           0           0           0           0           0           0           0    0.214277           0           0           0           0           0           0           0           0           0           0           0           0           0           0
          0           0           0           0           0           0           0           0           0           0           0           0           0  0.00113032           0           0           0           0           0           0           0           0           0           0           0           0           0
          0           0           0           0           0           0           0           0           0           0           0           0           0           0  0.00403785           0           0           0           0           0           0           0           0           0           0           0           0
          0           0           0           0           0           0           0           0           0           0           0           0           0           0           0  0.00054146           0           0           0           0           0           0           0           0           0           0           0
          0           0           0           0           0           0           0           0           0           0           0           0           0           0           0           0 0.000203818           0           0           0           0           0           0           0           0           0           0
          0           0           0           0           0           0           0           0           0           0           0           0           0           0           0           0           0 0.000271566           0           0           0           0           0           0           0           0           0
          0           0           0           0           0           0           0           0           0           0           0           0           0           0           0           0           0           0   0.0184098           0           0           0           0           0           0           0           0
          0           0           0           0           0           0           0           0           0           0           0           0           0           0           0           0           0           0           0 1.11568e-05           0           0           0           0           0           0           0
          0           0           0           0           0           0           0           0           0           0           0           0           0           0           0           0           0           0           0           0 3.43159e-05           0           0           0           0           0           0
          0           0           0           0           0           0           0           0           0           0           0           0           0           0           0           0           0           0           0           0           0   0.0258176           0           0           0           0           0
          0           0           0           0           0           0           0           0           0           0           0           0           0           0           0           0           0           0           0           0           0           0 8.01044e-05           0           0           0           0
          0           0           0           0           0           0           0           0           0           0           0           0           0           0           0           0           0           0           0           0           0           0           0  5.8749e-05           0           0           0
          0           0           0           0           0           0           0           0           0           0           0           0           0           0           0           0           0           0           0           0           0           0           0           0  0.00539606           0           0
          0           0           0           0           0           0           0           0           0           0           0           0           0           0           0           0           0           0           0           0           0           0           0           0           0  0.00283417           0
          0           0           0           0           0           0           0           0           0           0           0           0           0           0           0           0           0           0           0           0           0           0           0           0           0           0  1.0946e-05



new GBMAT with step:0
 0.374424  0.696458  0.216281  0.833269  0.113112 0.0144135   24514.3
 0.374424  0.696458  0.216281  0.833269  0.113112 0.0144135   24514.3
 0.703204  0.324199  0.320318  0.192694  0.368005  0.098676   3908.58
 0.782182  0.290677  0.528939  0.385592  0.532988   0.17225   3842.02
 0.782182  0.290677  0.528939  0.370881  0.532988   0.17225   3836.88
 0.761943  0.238362  0.447909  0.312638  0.485188  0.147895   3802.33
 0.761943  0.238362  0.447909  0.312638  0.485188  0.147895   6.12363
 0.761943  0.238362  0.447909  0.312638  0.485188  0.147895   6.12363
New PBMAT:
   0.720834     0.25403    0.448254    0.336238    0.327864    0.188863     2.94153
   0.544048    0.326949    0.236553    0.326718    0.507129    0.249283     2.26057
   0.907305    0.127062    0.286127     0.38339    0.526164    0.178643     2.49962
   0.290989   0.0695916    0.289474    0.227916    0.450991    0.149986     5.13591
   0.800168    0.313462    0.617232    0.258688    0.627672    0.247315     10.2199
   0.720654    0.236714    0.430189    0.223776    0.569311    0.076341     21.1515
   0.915929    0.113363    0.453681    0.289908    0.656412    0.151246     10.3928
   0.863229    0.279794     0.44713    0.142687    0.419392   0.0442769     40.7063
    0.73798    0.121289    0.406015    0.588573    0.421074    0.306566     1.14498
   0.691258   0.0713714    0.642905    0.231795    0.299822 2.38745e-05     27.8919
   0.818495    0.298669    0.489066    0.192579    0.232425   0.0192072     19.4593
   0.920454    0.239328    0.454321    0.211214    0.395461   0.0968133     13.3305
   0.772886    0.120819    0.550709    0.289438    0.740521   0.0647086     29.7323
   0.651796     0.34592    0.503575    0.290925    0.449647    0.035555      19.889
   0.922172    0.597962    0.385652    0.495282    0.681801    0.296483     2.32214
   0.854002    0.267587    0.366469    0.328071     0.38633    0.166244     3.13617
   0.955795    0.308221    0.533513    0.448217    0.661776  0.00671596     28.2388
   0.731398    0.254822    0.273999     0.29266    0.355672   0.0361817     9.04462
   0.964963    0.220728    0.498436   0.0696636    0.318039     0.20534     36.1042
   0.968377    0.197733    0.601816    0.271388    0.414187    0.175191     8.11122

underflow!2.38745e-05
pos   0.691258   0.0713714    0.642905    0.231795    0.299822 2.38745e-05


new GBMAT with step:1
 0.374424  0.696458  0.216281  0.833269  0.113112 0.0144135   24514.3
 0.374424  0.696458  0.216281  0.833269  0.113112 0.0144135   24514.3
 0.703204  0.324199  0.320318  0.192694  0.368005  0.098676   3908.58
 0.782182  0.290677  0.528939  0.385592  0.532988   0.17225   3842.02
 0.782182  0.290677  0.528939  0.370881  0.532988   0.17225   3836.88
 0.761943  0.238362  0.447909  0.312638  0.485188  0.147895   3802.33
 0.761943  0.238362  0.447909  0.312638  0.485188  0.147895   6.12363
 0.761943  0.238362  0.447909  0.312638  0.485188  0.147895   6.12363
 0.887053 0.0786011  0.308667  0.445271  0.520455  0.174359   2.19796


new GBMAT with step:2
 0.374424  0.696458  0.216281  0.833269  0.113112 0.0144135   24514.3
 0.374424  0.696458  0.216281  0.833269  0.113112 0.0144135   24514.3
 0.703204  0.324199  0.320318  0.192694  0.368005  0.098676   3908.58
 0.782182  0.290677  0.528939  0.385592  0.532988   0.17225   3842.02
 0.782182  0.290677  0.528939  0.370881  0.532988   0.17225   3836.88
 0.761943  0.238362  0.447909  0.312638  0.485188  0.147895   3802.33
 0.761943  0.238362  0.447909  0.312638  0.485188  0.147895   6.12363
 0.761943  0.238362  0.447909  0.312638  0.485188  0.147895   6.12363
 0.887053 0.0786011  0.308667  0.445271  0.520455  0.174359   2.19796
 0.820975  0.104708  0.403476  0.498405  0.328097  0.359599   1.14153


new GBMAT with step:3
 0.374424  0.696458  0.216281  0.833269  0.113112 0.0144135   24514.3
 0.374424  0.696458  0.216281  0.833269  0.113112 0.0144135   24514.3
 0.703204  0.324199  0.320318  0.192694  0.368005  0.098676   3908.58
 0.782182  0.290677  0.528939  0.385592  0.532988   0.17225   3842.02
 0.782182  0.290677  0.528939  0.370881  0.532988   0.17225   3836.88
 0.761943  0.238362  0.447909  0.312638  0.485188  0.147895   3802.33
 0.761943  0.238362  0.447909  0.312638  0.485188  0.147895   6.12363
 0.761943  0.238362  0.447909  0.312638  0.485188  0.147895   6.12363
 0.887053 0.0786011  0.308667  0.445271  0.520455  0.174359   2.19796
 0.820975  0.104708  0.403476  0.498405  0.328097  0.359599   1.14153
 0.804651 0.0700845 0.0932453  0.336743   0.27438  0.161925  0.958588
Updating Weight Matrix!
GBVEC AND COST: 0.804651 0.0700845 0.0932453  0.336743   0.27438  0.161925  0.958588
Chkpt reached!
new weight matrix:
  0.0131982           0           0           0           0           0           0           0           0           0           0           0           0           0           0           0           0           0           0           0           0           0           0           0           0           0           0
          0  0.00656594           0           0           0           0           0           0           0           0           0           0           0           0           0           0           0           0           0           0           0           0           0           0           0           0           0
          0           0   0.0490547           0           0           0           0           0           0           0           0           0           0           0           0           0           0           0           0           0           0           0           0           0           0           0           0
          0           0           0     23.7295           0           0           0           0           0           0           0           0           0           0           0           0           0           0           0           0           0           0           0           0           0           0           0
          0           0           0           0  0.00502128           0           0           0           0           0           0           0           0           0           0           0           0           0           0           0           0           0           0           0           0           0           0
          0           0           0           0           0   0.0539982           0           0           0           0           0           0           0           0           0           0           0           0           0           0           0           0           0           0           0           0           0
          0           0           0           0           0           0 1.51395e-05           0           0           0           0           0           0           0           0           0           0           0           0           0           0           0           0           0           0           0           0
          0           0           0           0           0           0           0  2.3094e-06           0           0           0           0           0           0           0           0           0           0           0           0           0           0           0           0           0           0           0
          0           0           0           0           0           0           0           0 0.000146894           0           0           0           0           0           0           0           0           0           0           0           0           0           0           0           0           0           0
          0           0           0           0           0           0           0           0           0     50.5781           0           0           0           0           0           0           0           0           0           0           0           0           0           0           0           0           0
          0           0           0           0           0           0           0           0           0           0 1.00891e-06           0           0           0           0           0           0           0           0           0           0           0           0           0           0           0           0
          0           0           0           0           0           0           0           0           0           0           0 0.000119481           0           0           0           0           0           0           0           0           0           0           0           0           0           0           0
          0           0           0           0           0           0           0           0           0           0           0           0    0.788735           0           0           0           0           0           0           0           0           0           0           0           0           0           0
          0           0           0           0           0           0           0           0           0           0           0           0           0 0.000765737           0           0           0           0           0           0           0           0           0           0           0           0           0
          0           0           0           0           0           0           0           0           0           0           0           0           0           0   0.0724353           0           0           0           0           0           0           0           0           0           0           0           0
          0           0           0           0           0           0           0           0           0           0           0           0           0           0           0 0.000635738           0           0           0           0           0           0           0           0           0           0           0
          0           0           0           0           0           0           0           0           0           0           0           0           0           0           0           0 0.000856318           0           0           0           0           0           0           0           0           0           0
          0           0           0           0           0           0           0           0           0           0           0           0           0           0           0           0           0 4.17549e-05           0           0           0           0           0           0           0           0           0
          0           0           0           0           0           0           0           0           0           0           0           0           0           0           0           0           0           0    0.548476           0           0           0           0           0           0           0           0
          0           0           0           0           0           0           0           0           0           0           0           0           0           0           0           0           0           0           0 1.53919e-06           0           0           0           0           0           0           0
          0           0           0           0           0           0           0           0           0           0           0           0           0           0           0           0           0           0           0           0  0.00011363           0           0           0           0           0           0
          0           0           0           0           0           0           0           0           0           0           0           0           0           0           0           0           0           0           0           0           0    0.215113           0           0           0           0           0
          0           0           0           0           0           0           0           0           0           0           0           0           0           0           0           0           0           0           0           0           0           0 2.30199e-05           0           0           0           0
          0           0           0           0           0           0           0           0           0           0           0           0           0           0           0           0           0           0           0           0           0           0           0 0.000178551           0           0           0
          0           0           0           0           0           0           0           0           0           0           0           0           0           0           0           0           0           0           0           0           0           0           0           0    0.136312           0           0
          0           0           0           0           0           0           0           0           0           0           0           0           0           0           0           0           0           0           0           0           0           0           0           0           0    0.499535           0
          0           0           0           0           0           0           0           0           0           0           0           0           0           0           0           0           0           0           0           0           0           0           0           0           0           0 5.15891e-05



new GBMAT with step:4
 0.374424  0.696458  0.216281  0.833269  0.113112 0.0144135   24514.3
 0.374424  0.696458  0.216281  0.833269  0.113112 0.0144135   24514.3
 0.703204  0.324199  0.320318  0.192694  0.368005  0.098676   3908.58
 0.782182  0.290677  0.528939  0.385592  0.532988   0.17225   3842.02
 0.782182  0.290677  0.528939  0.370881  0.532988   0.17225   3836.88
 0.761943  0.238362  0.447909  0.312638  0.485188  0.147895   3802.33
 0.761943  0.238362  0.447909  0.312638  0.485188  0.147895   6.12363
 0.761943  0.238362  0.447909  0.312638  0.485188  0.147895   6.12363
 0.887053 0.0786011  0.308667  0.445271  0.520455  0.174359   2.19796
 0.820975  0.104708  0.403476  0.498405  0.328097  0.359599   1.14153
 0.804651 0.0700845 0.0932453  0.336743   0.27438  0.161925  0.958588
 0.804651 0.0700845 0.0932453  0.336743   0.27438  0.161925   4.39093
 0.804651 0.0700845 0.0932453  0.336743   0.27438  0.161925   4.39093
underflow!0.00044024
pos  0.905805 2.1835e-07 0.00044024   0.396664  0.0781517   0.146183
underflow!2.1835e-07
pos  0.905805 2.1835e-07 0.00044024   0.396664  0.0781517   0.146183
underflow!0.000208186
pos   0.737653 0.000208186   0.0382662    0.360331    0.270923   0.0764669
underflow!3.29137e-06
pos    0.67945 3.29137e-06   0.0245339    0.215253    0.156765    0.125568
underflow!0.00056464
pos   0.70911 0.00056464  0.0476558   0.243925   0.494197  0.0825814
underflow!0.00042844
pos  0.915244  0.0887286 0.00042844   0.177436   0.443193   0.114256
underflow!0.000820591
pos   0.874531 0.000820591 0.000220797    0.324712    0.263469   0.0999719


new GBMAT with step:5
 0.374424  0.696458  0.216281  0.833269  0.113112 0.0144135   24514.3
 0.374424  0.696458  0.216281  0.833269  0.113112 0.0144135   24514.3
 0.703204  0.324199  0.320318  0.192694  0.368005  0.098676   3908.58
 0.782182  0.290677  0.528939  0.385592  0.532988   0.17225   3842.02
 0.782182  0.290677  0.528939  0.370881  0.532988   0.17225   3836.88
 0.761943  0.238362  0.447909  0.312638  0.485188  0.147895   3802.33
 0.761943  0.238362  0.447909  0.312638  0.485188  0.147895   6.12363
 0.761943  0.238362  0.447909  0.312638  0.485188  0.147895   6.12363
 0.887053 0.0786011  0.308667  0.445271  0.520455  0.174359   2.19796
 0.820975  0.104708  0.403476  0.498405  0.328097  0.359599   1.14153
 0.804651 0.0700845 0.0932453  0.336743   0.27438  0.161925  0.958588
 0.804651 0.0700845 0.0932453  0.336743   0.27438  0.161925   4.39093
 0.804651 0.0700845 0.0932453  0.336743   0.27438  0.161925   4.39093
 0.933493 0.0648836 0.0472161  0.383874  0.232352   0.17171   1.14965
underflow!0.000869238
pos   0.763701 0.000869238   0.0120015    0.367639    0.221243    0.078018
underflow!0.000222938
pos    0.70092 0.000222938   0.0213402    0.254086    0.148915    0.113451


new GBMAT with step:6
 0.374424  0.696458  0.216281  0.833269  0.113112 0.0144135   24514.3
 0.374424  0.696458  0.216281  0.833269  0.113112 0.0144135   24514.3
 0.703204  0.324199  0.320318  0.192694  0.368005  0.098676   3908.58
 0.782182  0.290677  0.528939  0.385592  0.532988   0.17225   3842.02
 0.782182  0.290677  0.528939  0.370881  0.532988   0.17225   3836.88
 0.761943  0.238362  0.447909  0.312638  0.485188  0.147895   3802.33
 0.761943  0.238362  0.447909  0.312638  0.485188  0.147895   6.12363
 0.761943  0.238362  0.447909  0.312638  0.485188  0.147895   6.12363
 0.887053 0.0786011  0.308667  0.445271  0.520455  0.174359   2.19796
 0.820975  0.104708  0.403476  0.498405  0.328097  0.359599   1.14153
 0.804651 0.0700845 0.0932453  0.336743   0.27438  0.161925  0.958588
 0.804651 0.0700845 0.0932453  0.336743   0.27438  0.161925   4.39093
 0.804651 0.0700845 0.0932453  0.336743   0.27438  0.161925   4.39093
 0.933493 0.0648836 0.0472161  0.383874  0.232352   0.17171   1.14965
 0.935566  0.232649 0.0186403  0.189901   0.13959 0.0876393   1.13853


new GBMAT with step:7
 0.374424  0.696458  0.216281  0.833269  0.113112 0.0144135   24514.3
 0.374424  0.696458  0.216281  0.833269  0.113112 0.0144135   24514.3
 0.703204  0.324199  0.320318  0.192694  0.368005  0.098676   3908.58
 0.782182  0.290677  0.528939  0.385592  0.532988   0.17225   3842.02
 0.782182  0.290677  0.528939  0.370881  0.532988   0.17225   3836.88
 0.761943  0.238362  0.447909  0.312638  0.485188  0.147895   3802.33
 0.761943  0.238362  0.447909  0.312638  0.485188  0.147895   6.12363
 0.761943  0.238362  0.447909  0.312638  0.485188  0.147895   6.12363
 0.887053 0.0786011  0.308667  0.445271  0.520455  0.174359   2.19796
 0.820975  0.104708  0.403476  0.498405  0.328097  0.359599   1.14153
 0.804651 0.0700845 0.0932453  0.336743   0.27438  0.161925  0.958588
 0.804651 0.0700845 0.0932453  0.336743   0.27438  0.161925   4.39093
 0.804651 0.0700845 0.0932453  0.336743   0.27438  0.161925   4.39093
 0.933493 0.0648836 0.0472161  0.383874  0.232352   0.17171   1.14965
 0.935566  0.232649 0.0186403  0.189901   0.13959 0.0876393   1.13853
 0.935566  0.232649 0.0186403  0.189901   0.13959 0.0876393   1.13853
Updating Weight Matrix!
GBVEC AND COST: 0.935566  0.232649 0.0186403  0.189901   0.13959 0.0876393   1.13853
Chkpt reached!
new weight matrix:
  0.0140668           0           0           0           0           0           0           0           0           0           0           0           0           0           0           0           0           0           0           0           0           0           0           0           0           0           0
          0  0.00597458           0           0           0           0           0           0           0           0           0           0           0           0           0           0           0           0           0           0           0           0           0           0           0           0           0
          0           0   0.0419376           0           0           0           0           0           0           0           0           0           0           0           0           0           0           0           0           0           0           0           0           0           0           0           0
          0           0           0     111.691           0           0           0           0           0           0           0           0           0           0           0           0           0           0           0           0           0           0           0           0           0           0           0
          0           0           0           0  0.00452075           0           0           0           0           0           0           0           0           0           0           0           0           0           0           0           0           0           0           0           0           0           0
          0           0           0           0           0   0.0682853           0           0           0           0           0           0           0           0           0           0           0           0           0           0           0           0           0           0           0           0           0
          0           0           0           0           0           0 1.65404e-05           0           0           0           0           0           0           0           0           0           0           0           0           0           0           0           0           0           0           0           0
          0           0           0           0           0           0           0 1.68809e-06           0           0           0           0           0           0           0           0           0           0           0           0           0           0           0           0           0           0           0
          0           0           0           0           0           0           0           0 9.46449e-05           0           0           0           0           0           0           0           0           0           0           0           0           0           0           0           0           0           0
          0           0           0           0           0           0           0           0           0     1844.29           0           0           0           0           0           0           0           0           0           0           0           0           0           0           0           0           0
          0           0           0           0           0           0           0           0           0           0 7.71284e-07           0           0           0           0           0           0           0           0           0           0           0           0           0           0           0           0
          0           0           0           0           0           0           0           0           0           0           0 0.000128924           0           0           0           0           0           0           0           0           0           0           0           0           0           0           0
          0           0           0           0           0           0           0           0           0           0           0           0      0.5192           0           0           0           0           0           0           0           0           0           0           0           0           0           0
          0           0           0           0           0           0           0           0           0           0           0           0           0 0.000744445           0           0           0           0           0           0           0           0           0           0           0           0           0
          0           0           0           0           0           0           0           0           0           0           0           0           0           0    0.345539           0           0           0           0           0           0           0           0           0           0           0           0
          0           0           0           0           0           0           0           0           0           0           0           0           0           0           0 0.000667062           0           0           0           0           0           0           0           0           0           0           0
          0           0           0           0           0           0           0           0           0           0           0           0           0           0           0           0  0.00113978           0           0           0           0           0           0           0           0           0           0
          0           0           0           0           0           0           0           0           0           0           0           0           0           0           0           0           0  3.4728e-05           0           0           0           0           0           0           0           0           0
          0           0           0           0           0           0           0           0           0           0           0           0           0           0           0           0           0           0     3.71069           0           0           0           0           0           0           0           0
          0           0           0           0           0           0           0           0           0           0           0           0           0           0           0           0           0           0           0 1.15002e-06           0           0           0           0           0           0           0
          0           0           0           0           0           0           0           0           0           0           0           0           0           0           0           0           0           0           0           0 0.000454867           0           0           0           0           0           0
          0           0           0           0           0           0           0           0           0           0           0           0           0           0           0           0           0           0           0           0           0     1.11379           0           0           0           0           0
          0           0           0           0           0           0           0           0           0           0           0           0           0           0           0           0           0           0           0           0           0           0 1.84074e-05           0           0           0           0
          0           0           0           0           0           0           0           0           0           0           0           0           0           0           0           0           0           0           0           0           0           0           0  0.00023091           0           0           0
          0           0           0           0           0           0           0           0           0           0           0           0           0           0           0           0           0           0           0           0           0           0           0           0    0.758965           0           0
          0           0           0           0           0           0           0           0           0           0           0           0           0           0           0           0           0           0           0           0           0           0           0           0           0     1.96942           0
          0           0           0           0           0           0           0           0           0           0           0           0           0           0           0           0           0           0           0           0           0           0           0           0           0           0 0.000123998



new GBMAT with step:8
 0.374424  0.696458  0.216281  0.833269  0.113112 0.0144135   24514.3
 0.374424  0.696458  0.216281  0.833269  0.113112 0.0144135   24514.3
 0.703204  0.324199  0.320318  0.192694  0.368005  0.098676   3908.58
 0.782182  0.290677  0.528939  0.385592  0.532988   0.17225   3842.02
 0.782182  0.290677  0.528939  0.370881  0.532988   0.17225   3836.88
 0.761943  0.238362  0.447909  0.312638  0.485188  0.147895   3802.33
 0.761943  0.238362  0.447909  0.312638  0.485188  0.147895   6.12363
 0.761943  0.238362  0.447909  0.312638  0.485188  0.147895   6.12363
 0.887053 0.0786011  0.308667  0.445271  0.520455  0.174359   2.19796
 0.820975  0.104708  0.403476  0.498405  0.328097  0.359599   1.14153
 0.804651 0.0700845 0.0932453  0.336743   0.27438  0.161925  0.958588
 0.804651 0.0700845 0.0932453  0.336743   0.27438  0.161925   4.39093
 0.804651 0.0700845 0.0932453  0.336743   0.27438  0.161925   4.39093
 0.933493 0.0648836 0.0472161  0.383874  0.232352   0.17171   1.14965
 0.935566  0.232649 0.0186403  0.189901   0.13959 0.0876393   1.13853
 0.935566  0.232649 0.0186403  0.189901   0.13959 0.0876393   1.13853
 0.935566  0.232649 0.0186403  0.189901   0.13959 0.0876393    1.6949
 0.935566  0.232649 0.0186403  0.189901   0.13959 0.0876393    1.6949
underflow!5.61079e-10
pos   0.995252   0.0687969 5.61079e-10    0.322284   0.0298488     0.11961
underflow!4.51815e-07
pos   0.936778    0.158237 4.51815e-07    0.253342   0.0562867    0.102672
underflow!1.30985e-07
pos   0.999921   0.0526551 1.30985e-07    0.106293   0.0462809    0.248931
underflow!1.49669e-37
pos   0.606675    0.542318 1.49669e-37   0.0526721    0.236539  0.00856458
underflow!7.0091e-06
pos   0.999978    0.121735  7.0091e-06   0.0596102 0.000896526 0.000978206
underflow!0.000896526
pos   0.999978    0.121735  7.0091e-06   0.0596102 0.000896526 0.000978206
underflow!0.000978206
pos   0.999978    0.121735  7.0091e-06   0.0596102 0.000896526 0.000978206
underflow!9.16833e-05
pos    0.98446    0.377527 9.16833e-05    0.138193    0.528735   0.0489694
underflow!2.61487e-87
pos   0.620312    0.328547 2.61487e-87    0.137486   0.0922909   0.0431319
underflow!3.55413e-106
pos    0.999785     0.333755 3.55413e-106     0.348808    0.0201437     0.134104


new GBMAT with step:9
 0.374424  0.696458  0.216281  0.833269  0.113112 0.0144135   24514.3
 0.374424  0.696458  0.216281  0.833269  0.113112 0.0144135   24514.3
 0.703204  0.324199  0.320318  0.192694  0.368005  0.098676   3908.58
 0.782182  0.290677  0.528939  0.385592  0.532988   0.17225   3842.02
 0.782182  0.290677  0.528939  0.370881  0.532988   0.17225   3836.88
 0.761943  0.238362  0.447909  0.312638  0.485188  0.147895   3802.33
 0.761943  0.238362  0.447909  0.312638  0.485188  0.147895   6.12363
 0.761943  0.238362  0.447909  0.312638  0.485188  0.147895   6.12363
 0.887053 0.0786011  0.308667  0.445271  0.520455  0.174359   2.19796
 0.820975  0.104708  0.403476  0.498405  0.328097  0.359599   1.14153
 0.804651 0.0700845 0.0932453  0.336743   0.27438  0.161925  0.958588
 0.804651 0.0700845 0.0932453  0.336743   0.27438  0.161925   4.39093
 0.804651 0.0700845 0.0932453  0.336743   0.27438  0.161925   4.39093
 0.933493 0.0648836 0.0472161  0.383874  0.232352   0.17171   1.14965
 0.935566  0.232649 0.0186403  0.189901   0.13959 0.0876393   1.13853
 0.935566  0.232649 0.0186403  0.189901   0.13959 0.0876393   1.13853
 0.935566  0.232649 0.0186403  0.189901   0.13959 0.0876393    1.6949
 0.935566  0.232649 0.0186403  0.189901   0.13959 0.0876393    1.6949
 0.934181  0.224112 0.0154424  0.185401  0.135928 0.0730237   1.62929
underflow!0.000141493
pos   0.936769    0.158801 0.000141493    0.252862   0.0569178    0.102558
underflow!0.000165702
pos   0.999215   0.0544941 0.000165702   0.0618118   0.0251631    0.157307


new GBMAT with step:10
 0.374424  0.696458  0.216281  0.833269  0.113112 0.0144135   24514.3
 0.374424  0.696458  0.216281  0.833269  0.113112 0.0144135   24514.3
 0.703204  0.324199  0.320318  0.192694  0.368005  0.098676   3908.58
 0.782182  0.290677  0.528939  0.385592  0.532988   0.17225   3842.02
 0.782182  0.290677  0.528939  0.370881  0.532988   0.17225   3836.88
 0.761943  0.238362  0.447909  0.312638  0.485188  0.147895   3802.33
 0.761943  0.238362  0.447909  0.312638  0.485188  0.147895   6.12363
 0.761943  0.238362  0.447909  0.312638  0.485188  0.147895   6.12363
 0.887053 0.0786011  0.308667  0.445271  0.520455  0.174359   2.19796
 0.820975  0.104708  0.403476  0.498405  0.328097  0.359599   1.14153
 0.804651 0.0700845 0.0932453  0.336743   0.27438  0.161925  0.958588
 0.804651 0.0700845 0.0932453  0.336743   0.27438  0.161925   4.39093
 0.804651 0.0700845 0.0932453  0.336743   0.27438  0.161925   4.39093
 0.933493 0.0648836 0.0472161  0.383874  0.232352   0.17171   1.14965
 0.935566  0.232649 0.0186403  0.189901   0.13959 0.0876393   1.13853
 0.935566  0.232649 0.0186403  0.189901   0.13959 0.0876393   1.13853
 0.935566  0.232649 0.0186403  0.189901   0.13959 0.0876393    1.6949
 0.935566  0.232649 0.0186403  0.189901   0.13959 0.0876393    1.6949
 0.934181  0.224112 0.0154424  0.185401  0.135928 0.0730237   1.62929
 0.934181  0.224112 0.0154424  0.185401  0.135928 0.0730237   1.62929


new GBMAT with step:11
 0.374424  0.696458  0.216281  0.833269  0.113112 0.0144135   24514.3
 0.374424  0.696458  0.216281  0.833269  0.113112 0.0144135   24514.3
 0.703204  0.324199  0.320318  0.192694  0.368005  0.098676   3908.58
 0.782182  0.290677  0.528939  0.385592  0.532988   0.17225   3842.02
 0.782182  0.290677  0.528939  0.370881  0.532988   0.17225   3836.88
 0.761943  0.238362  0.447909  0.312638  0.485188  0.147895   3802.33
 0.761943  0.238362  0.447909  0.312638  0.485188  0.147895   6.12363
 0.761943  0.238362  0.447909  0.312638  0.485188  0.147895   6.12363
 0.887053 0.0786011  0.308667  0.445271  0.520455  0.174359   2.19796
 0.820975  0.104708  0.403476  0.498405  0.328097  0.359599   1.14153
 0.804651 0.0700845 0.0932453  0.336743   0.27438  0.161925  0.958588
 0.804651 0.0700845 0.0932453  0.336743   0.27438  0.161925   4.39093
 0.804651 0.0700845 0.0932453  0.336743   0.27438  0.161925   4.39093
 0.933493 0.0648836 0.0472161  0.383874  0.232352   0.17171   1.14965
 0.935566  0.232649 0.0186403  0.189901   0.13959 0.0876393   1.13853
 0.935566  0.232649 0.0186403  0.189901   0.13959 0.0876393   1.13853
 0.935566  0.232649 0.0186403  0.189901   0.13959 0.0876393    1.6949
 0.935566  0.232649 0.0186403  0.189901   0.13959 0.0876393    1.6949
 0.934181  0.224112 0.0154424  0.185401  0.135928 0.0730237   1.62929
 0.934181  0.224112 0.0154424  0.185401  0.135928 0.0730237   1.62929
 0.945678  0.222643 0.0126799  0.137202 0.0918605 0.0519997   1.59639
Updating Weight Matrix!
GBVEC AND COST: 0.945678  0.222643 0.0126799  0.137202 0.0918605 0.0519997   1.59639
Chkpt reached!
new weight matrix:
  0.0140601           0           0           0           0           0           0           0           0           0           0           0           0           0           0           0           0           0           0           0           0           0           0           0           0           0           0
          0   0.0059811           0           0           0           0           0           0           0           0           0           0           0           0           0           0           0           0           0           0           0           0           0           0           0           0           0
          0           0   0.0419174           0           0           0           0           0           0           0           0           0           0           0           0           0           0           0           0           0           0           0           0           0           0           0           0
          0           0           0     122.025           0           0           0           0           0           0           0           0           0           0           0           0           0           0           0           0           0           0           0           0           0           0           0
          0           0           0           0  0.00452925           0           0           0           0           0           0           0           0           0           0           0           0           0           0           0           0           0           0           0           0           0           0
          0           0           0           0           0   0.0680665           0           0           0           0           0           0           0           0           0           0           0           0           0           0           0           0           0           0           0           0           0
          0           0           0           0           0           0 1.65312e-05           0           0           0           0           0           0           0           0           0           0           0           0           0           0           0           0           0           0           0           0
          0           0           0           0           0           0           0 1.69572e-06           0           0           0           0           0           0           0           0           0           0           0           0           0           0           0           0           0           0           0
          0           0           0           0           0           0           0           0 9.44139e-05           0           0           0           0           0           0           0           0           0           0           0           0           0           0           0           0           0           0
          0           0           0           0           0           0           0           0           0     2218.15           0           0           0           0           0           0           0           0           0           0           0           0           0           0           0           0           0
          0           0           0           0           0           0           0           0           0           0  7.7434e-07           0           0           0           0           0           0           0           0           0           0           0           0           0           0           0           0
          0           0           0           0           0           0           0           0           0           0           0 0.000128869           0           0           0           0           0           0           0           0           0           0           0           0           0           0           0
          0           0           0           0           0           0           0           0           0           0           0           0    0.569216           0           0           0           0           0           0           0           0           0           0           0           0           0           0
          0           0           0           0           0           0           0           0           0           0           0           0           0 0.000746076           0           0           0           0           0           0           0           0           0           0           0           0           0
          0           0           0           0           0           0           0           0           0           0           0           0           0           0    0.372783           0           0           0           0           0           0           0           0           0           0           0           0
          0           0           0           0           0           0           0           0           0           0           0           0           0           0           0 0.000671374           0           0           0           0           0           0           0           0           0           0           0
          0           0           0           0           0           0           0           0           0           0           0           0           0           0           0           0  0.00113623           0           0           0           0           0           0           0           0           0           0
          0           0           0           0           0           0           0           0           0           0           0           0           0           0           0           0           0 3.48098e-05           0           0           0           0           0           0           0           0           0
          0           0           0           0           0           0           0           0           0           0           0           0           0           0           0           0           0           0     4.14975           0           0           0           0           0           0           0           0
          0           0           0           0           0           0           0           0           0           0           0           0           0           0           0           0           0           0           0 1.15485e-06           0           0           0           0           0           0           0
          0           0           0           0           0           0           0           0           0           0           0           0           0           0           0           0           0           0           0           0 0.000442334           0           0           0           0           0           0
          0           0           0           0           0           0           0           0           0           0           0           0           0           0           0           0           0           0           0           0           0      1.2065           0           0           0           0           0
          0           0           0           0           0           0           0           0           0           0           0           0           0           0           0           0           0           0           0           0           0           0 1.84587e-05           0           0           0           0
          0           0           0           0           0           0           0           0           0           0           0           0           0           0           0           0           0           0           0           0           0           0           0 0.000229585           0           0           0
          0           0           0           0           0           0           0           0           0           0           0           0           0           0           0           0           0           0           0           0           0           0           0           0    0.834123           0           0
          0           0           0           0           0           0           0           0           0           0           0           0           0           0           0           0           0           0           0           0           0           0           0           0           0     1.97835           0
          0           0           0           0           0           0           0           0           0           0           0           0           0           0           0           0           0           0           0           0           0           0           0           0           0           0  0.00012223



new GBMAT with step:12
 0.374424  0.696458  0.216281  0.833269  0.113112 0.0144135   24514.3
 0.374424  0.696458  0.216281  0.833269  0.113112 0.0144135   24514.3
 0.703204  0.324199  0.320318  0.192694  0.368005  0.098676   3908.58
 0.782182  0.290677  0.528939  0.385592  0.532988   0.17225   3842.02
 0.782182  0.290677  0.528939  0.370881  0.532988   0.17225   3836.88
 0.761943  0.238362  0.447909  0.312638  0.485188  0.147895   3802.33
 0.761943  0.238362  0.447909  0.312638  0.485188  0.147895   6.12363
 0.761943  0.238362  0.447909  0.312638  0.485188  0.147895   6.12363
 0.887053 0.0786011  0.308667  0.445271  0.520455  0.174359   2.19796
 0.820975  0.104708  0.403476  0.498405  0.328097  0.359599   1.14153
 0.804651 0.0700845 0.0932453  0.336743   0.27438  0.161925  0.958588
 0.804651 0.0700845 0.0932453  0.336743   0.27438  0.161925   4.39093
 0.804651 0.0700845 0.0932453  0.336743   0.27438  0.161925   4.39093
 0.933493 0.0648836 0.0472161  0.383874  0.232352   0.17171   1.14965
 0.935566  0.232649 0.0186403  0.189901   0.13959 0.0876393   1.13853
 0.935566  0.232649 0.0186403  0.189901   0.13959 0.0876393   1.13853
 0.935566  0.232649 0.0186403  0.189901   0.13959 0.0876393    1.6949
 0.935566  0.232649 0.0186403  0.189901   0.13959 0.0876393    1.6949
 0.934181  0.224112 0.0154424  0.185401  0.135928 0.0730237   1.62929
 0.934181  0.224112 0.0154424  0.185401  0.135928 0.0730237   1.62929
 0.945678  0.222643 0.0126799  0.137202 0.0918605 0.0519997   1.59639
 0.945678  0.222643 0.0126799  0.137202 0.0918605 0.0519997   1.61443
 0.945678  0.222643 0.0126799  0.137202 0.0918605 0.0519997   1.61443
underflow!0.0006725
pos   0.998829    0.220005 2.52774e-35    0.109806   0.0466923   0.0006725
underflow!1.72925e-58
pos          1    0.205449 1.72925e-58    0.191383 0.000253712 4.62739e-06
underflow!4.33907e-05
pos   0.904657   0.0916732 4.35566e-52    0.125252   0.0295011 4.33907e-05
underflow!4.35566e-52
pos   0.904657   0.0916732 4.35566e-52    0.125252   0.0295011 4.33907e-05
underflow!2.88913e-150
pos    0.995254     0.091067 2.88913e-150    0.0345279    0.0297259   0.00234758
underflow!6.02391e-71
pos   0.988235    0.418109 6.02391e-71    0.023813   0.0649349   0.0624976
underflow!0.000677076
pos          1    0.289563 0.000677076   0.0347392    0.424568  0.00485035
underflow!4.69699e-230
pos    0.777368    0.0866623 4.69699e-230      0.13241     0.113628   0.00304351
underflow!1.33559e-08
pos   0.994283   0.0569403 1.33559e-08   0.0457703   0.0362554    0.466379
underflow!1.54315e-10
pos   0.636466    0.552944 1.54315e-10   0.0738346   0.0687214  0.00663544
underflow!2.20767e-45
pos   0.999881   0.0360243 2.20767e-45   0.0158869   0.0164163  0.00119841
underflow!6.64084e-30
pos   0.999991    0.303782 6.64084e-30   0.0967419   0.0726543  1.5155e-06
underflow!0.000259927
pos    0.97608    0.333855  0.00113787    0.339942    0.224935 0.000259927


new GBMAT with step:13
 0.374424  0.696458  0.216281  0.833269  0.113112 0.0144135   24514.3
 0.374424  0.696458  0.216281  0.833269  0.113112 0.0144135   24514.3
 0.703204  0.324199  0.320318  0.192694  0.368005  0.098676   3908.58
 0.782182  0.290677  0.528939  0.385592  0.532988   0.17225   3842.02
 0.782182  0.290677  0.528939  0.370881  0.532988   0.17225   3836.88
 0.761943  0.238362  0.447909  0.312638  0.485188  0.147895   3802.33
 0.761943  0.238362  0.447909  0.312638  0.485188  0.147895   6.12363
 0.761943  0.238362  0.447909  0.312638  0.485188  0.147895   6.12363
 0.887053 0.0786011  0.308667  0.445271  0.520455  0.174359   2.19796
 0.820975  0.104708  0.403476  0.498405  0.328097  0.359599   1.14153
 0.804651 0.0700845 0.0932453  0.336743   0.27438  0.161925  0.958588
 0.804651 0.0700845 0.0932453  0.336743   0.27438  0.161925   4.39093
 0.804651 0.0700845 0.0932453  0.336743   0.27438  0.161925   4.39093
 0.933493 0.0648836 0.0472161  0.383874  0.232352   0.17171   1.14965
 0.935566  0.232649 0.0186403  0.189901   0.13959 0.0876393   1.13853
 0.935566  0.232649 0.0186403  0.189901   0.13959 0.0876393   1.13853
 0.935566  0.232649 0.0186403  0.189901   0.13959 0.0876393    1.6949
 0.935566  0.232649 0.0186403  0.189901   0.13959 0.0876393    1.6949
 0.934181  0.224112 0.0154424  0.185401  0.135928 0.0730237   1.62929
 0.934181  0.224112 0.0154424  0.185401  0.135928 0.0730237   1.62929
 0.945678  0.222643 0.0126799  0.137202 0.0918605 0.0519997   1.59639
 0.945678  0.222643 0.0126799  0.137202 0.0918605 0.0519997   1.61443
 0.945678  0.222643 0.0126799  0.137202 0.0918605 0.0519997   1.61443
 0.945678  0.222643 0.0126799  0.137202 0.0918605 0.0519997   1.61443


new GBMAT with step:14
 0.374424  0.696458  0.216281  0.833269  0.113112 0.0144135   24514.3
 0.374424  0.696458  0.216281  0.833269  0.113112 0.0144135   24514.3
 0.703204  0.324199  0.320318  0.192694  0.368005  0.098676   3908.58
 0.782182  0.290677  0.528939  0.385592  0.532988   0.17225   3842.02
 0.782182  0.290677  0.528939  0.370881  0.532988   0.17225   3836.88
 0.761943  0.238362  0.447909  0.312638  0.485188  0.147895   3802.33
 0.761943  0.238362  0.447909  0.312638  0.485188  0.147895   6.12363
 0.761943  0.238362  0.447909  0.312638  0.485188  0.147895   6.12363
 0.887053 0.0786011  0.308667  0.445271  0.520455  0.174359   2.19796
 0.820975  0.104708  0.403476  0.498405  0.328097  0.359599   1.14153
 0.804651 0.0700845 0.0932453  0.336743   0.27438  0.161925  0.958588
 0.804651 0.0700845 0.0932453  0.336743   0.27438  0.161925   4.39093
 0.804651 0.0700845 0.0932453  0.336743   0.27438  0.161925   4.39093
 0.933493 0.0648836 0.0472161  0.383874  0.232352   0.17171   1.14965
 0.935566  0.232649 0.0186403  0.189901   0.13959 0.0876393   1.13853
 0.935566  0.232649 0.0186403  0.189901   0.13959 0.0876393   1.13853
 0.935566  0.232649 0.0186403  0.189901   0.13959 0.0876393    1.6949
 0.935566  0.232649 0.0186403  0.189901   0.13959 0.0876393    1.6949
 0.934181  0.224112 0.0154424  0.185401  0.135928 0.0730237   1.62929
 0.934181  0.224112 0.0154424  0.185401  0.135928 0.0730237   1.62929
 0.945678  0.222643 0.0126799  0.137202 0.0918605 0.0519997   1.59639
 0.945678  0.222643 0.0126799  0.137202 0.0918605 0.0519997   1.61443
 0.945678  0.222643 0.0126799  0.137202 0.0918605 0.0519997   1.61443
 0.945678  0.222643 0.0126799  0.137202 0.0918605 0.0519997   1.61443
 0.945678  0.222643 0.0126799  0.137202 0.0918605 0.0519997   1.61443


new GBMAT with step:15
 0.374424  0.696458  0.216281  0.833269  0.113112 0.0144135   24514.3
 0.374424  0.696458  0.216281  0.833269  0.113112 0.0144135   24514.3
 0.703204  0.324199  0.320318  0.192694  0.368005  0.098676   3908.58
 0.782182  0.290677  0.528939  0.385592  0.532988   0.17225   3842.02
 0.782182  0.290677  0.528939  0.370881  0.532988   0.17225   3836.88
 0.761943  0.238362  0.447909  0.312638  0.485188  0.147895   3802.33
 0.761943  0.238362  0.447909  0.312638  0.485188  0.147895   6.12363
 0.761943  0.238362  0.447909  0.312638  0.485188  0.147895   6.12363
 0.887053 0.0786011  0.308667  0.445271  0.520455  0.174359   2.19796
 0.820975  0.104708  0.403476  0.498405  0.328097  0.359599   1.14153
 0.804651 0.0700845 0.0932453  0.336743   0.27438  0.161925  0.958588
 0.804651 0.0700845 0.0932453  0.336743   0.27438  0.161925   4.39093
 0.804651 0.0700845 0.0932453  0.336743   0.27438  0.161925   4.39093
 0.933493 0.0648836 0.0472161  0.383874  0.232352   0.17171   1.14965
 0.935566  0.232649 0.0186403  0.189901   0.13959 0.0876393   1.13853
 0.935566  0.232649 0.0186403  0.189901   0.13959 0.0876393   1.13853
 0.935566  0.232649 0.0186403  0.189901   0.13959 0.0876393    1.6949
 0.935566  0.232649 0.0186403  0.189901   0.13959 0.0876393    1.6949
 0.934181  0.224112 0.0154424  0.185401  0.135928 0.0730237   1.62929
 0.934181  0.224112 0.0154424  0.185401  0.135928 0.0730237   1.62929
 0.945678  0.222643 0.0126799  0.137202 0.0918605 0.0519997   1.59639
 0.945678  0.222643 0.0126799  0.137202 0.0918605 0.0519997   1.61443
 0.945678  0.222643 0.0126799  0.137202 0.0918605 0.0519997   1.61443
 0.945678  0.222643 0.0126799  0.137202 0.0918605 0.0519997   1.61443
 0.945678  0.222643 0.0126799  0.137202 0.0918605 0.0519997   1.61443
 0.945678  0.222643 0.0126799  0.137202 0.0918605 0.0519997   1.61443
Updating Weight Matrix!
GBVEC AND COST: 0.945678  0.222643 0.0126799  0.137202 0.0918605 0.0519997   1.61443
Chkpt reached!
new weight matrix:
  0.0140601           0           0           0           0           0           0           0           0           0           0           0           0           0           0           0           0           0           0           0           0           0           0           0           0           0           0
          0   0.0059811           0           0           0           0           0           0           0           0           0           0           0           0           0           0           0           0           0           0           0           0           0           0           0           0           0
          0           0   0.0419174           0           0           0           0           0           0           0           0           0           0           0           0           0           0           0           0           0           0           0           0           0           0           0           0
          0           0           0     122.025           0           0           0           0           0           0           0           0           0           0           0           0           0           0           0           0           0           0           0           0           0           0           0
          0           0           0           0  0.00452925           0           0           0           0           0           0           0           0           0           0           0           0           0           0           0           0           0           0           0           0           0           0
          0           0           0           0           0   0.0680665           0           0           0           0           0           0           0           0           0           0           0           0           0           0           0           0           0           0           0           0           0
          0           0           0           0           0           0 1.65312e-05           0           0           0           0           0           0           0           0           0           0           0           0           0           0           0           0           0           0           0           0
          0           0           0           0           0           0           0 1.69572e-06           0           0           0           0           0           0           0           0           0           0           0           0           0           0           0           0           0           0           0
          0           0           0           0           0           0           0           0 9.44139e-05           0           0           0           0           0           0           0           0           0           0           0           0           0           0           0           0           0           0
          0           0           0           0           0           0           0           0           0     2218.15           0           0           0           0           0           0           0           0           0           0           0           0           0           0           0           0           0
          0           0           0           0           0           0           0           0           0           0  7.7434e-07           0           0           0           0           0           0           0           0           0           0           0           0           0           0           0           0
          0           0           0           0           0           0           0           0           0           0           0 0.000128869           0           0           0           0           0           0           0           0           0           0           0           0           0           0           0
          0           0           0           0           0           0           0           0           0           0           0           0    0.569216           0           0           0           0           0           0           0           0           0           0           0           0           0           0
          0           0           0           0           0           0           0           0           0           0           0           0           0 0.000746076           0           0           0           0           0           0           0           0           0           0           0           0           0
          0           0           0           0           0           0           0           0           0           0           0           0           0           0    0.372783           0           0           0           0           0           0           0           0           0           0           0           0
          0           0           0           0           0           0           0           0           0           0           0           0           0           0           0 0.000671374           0           0           0           0           0           0           0           0           0           0           0
          0           0           0           0           0           0           0           0           0           0           0           0           0           0           0           0  0.00113623           0           0           0           0           0           0           0           0           0           0
          0           0           0           0           0           0           0           0           0           0           0           0           0           0           0           0           0 3.48098e-05           0           0           0           0           0           0           0           0           0
          0           0           0           0           0           0           0           0           0           0           0           0           0           0           0           0           0           0     4.14975           0           0           0           0           0           0           0           0
          0           0           0           0           0           0           0           0           0           0           0           0           0           0           0           0           0           0           0 1.15485e-06           0           0           0           0           0           0           0
          0           0           0           0           0           0           0           0           0           0           0           0           0           0           0           0           0           0           0           0 0.000442334           0           0           0           0           0           0
          0           0           0           0           0           0           0           0           0           0           0           0           0           0           0           0           0           0           0           0           0      1.2065           0           0           0           0           0
          0           0           0           0           0           0           0           0           0           0           0           0           0           0           0           0           0           0           0           0           0           0 1.84587e-05           0           0           0           0
          0           0           0           0           0           0           0           0           0           0           0           0           0           0           0           0           0           0           0           0           0           0           0 0.000229585           0           0           0
          0           0           0           0           0           0           0           0           0           0           0           0           0           0           0           0           0           0           0           0           0           0           0           0    0.834123           0           0
          0           0           0           0           0           0           0           0           0           0           0           0           0           0           0           0           0           0           0           0           0           0           0           0           0     1.97835           0
          0           0           0           0           0           0           0           0           0           0           0           0           0           0           0           0           0           0           0           0           0           0           0           0           0           0  0.00012223



new GBMAT with step:16
 0.374424  0.696458  0.216281  0.833269  0.113112 0.0144135   24514.3
 0.374424  0.696458  0.216281  0.833269  0.113112 0.0144135   24514.3
 0.703204  0.324199  0.320318  0.192694  0.368005  0.098676   3908.58
 0.782182  0.290677  0.528939  0.385592  0.532988   0.17225   3842.02
 0.782182  0.290677  0.528939  0.370881  0.532988   0.17225   3836.88
 0.761943  0.238362  0.447909  0.312638  0.485188  0.147895   3802.33
 0.761943  0.238362  0.447909  0.312638  0.485188  0.147895   6.12363
 0.761943  0.238362  0.447909  0.312638  0.485188  0.147895   6.12363
 0.887053 0.0786011  0.308667  0.445271  0.520455  0.174359   2.19796
 0.820975  0.104708  0.403476  0.498405  0.328097  0.359599   1.14153
 0.804651 0.0700845 0.0932453  0.336743   0.27438  0.161925  0.958588
 0.804651 0.0700845 0.0932453  0.336743   0.27438  0.161925   4.39093
 0.804651 0.0700845 0.0932453  0.336743   0.27438  0.161925   4.39093
 0.933493 0.0648836 0.0472161  0.383874  0.232352   0.17171   1.14965
 0.935566  0.232649 0.0186403  0.189901   0.13959 0.0876393   1.13853
 0.935566  0.232649 0.0186403  0.189901   0.13959 0.0876393   1.13853
 0.935566  0.232649 0.0186403  0.189901   0.13959 0.0876393    1.6949
 0.935566  0.232649 0.0186403  0.189901   0.13959 0.0876393    1.6949
 0.934181  0.224112 0.0154424  0.185401  0.135928 0.0730237   1.62929
 0.934181  0.224112 0.0154424  0.185401  0.135928 0.0730237   1.62929
 0.945678  0.222643 0.0126799  0.137202 0.0918605 0.0519997   1.59639
 0.945678  0.222643 0.0126799  0.137202 0.0918605 0.0519997   1.61443
 0.945678  0.222643 0.0126799  0.137202 0.0918605 0.0519997   1.61443
 0.945678  0.222643 0.0126799  0.137202 0.0918605 0.0519997   1.61443
 0.945678  0.222643 0.0126799  0.137202 0.0918605 0.0519997   1.61443
 0.945678  0.222643 0.0126799  0.137202 0.0918605 0.0519997   1.61443
 0.945678  0.222643 0.0126799  0.137202 0.0918605 0.0519997   1.61443
 0.945678  0.222643 0.0126799  0.137202 0.0918605 0.0519997   1.61443
underflow!1.46757e-07
pos   0.906572    0.342442 1.46757e-07   0.0961162   0.0569469 0.000450358
underflow!3.67007e-13
pos   0.999977   0.0645328 3.67007e-13   0.0281455  0.00949105 3.21466e-07
underflow!5.46863e-19
pos   0.781281    0.314021 5.46863e-19   0.0338739   0.0147055    0.200828
underflow!1.33752e-79
pos   0.879539    0.354311 1.33752e-79    0.103091    0.165694  2.6093e-08
underflow!2.6093e-08
pos   0.879539    0.354311 1.33752e-79    0.103091    0.165694  2.6093e-08
underflow!0.000374915
pos   0.998651    0.123046    0.202291   0.0154429    0.209913 0.000374915
underflow!2.72454e-22
pos   0.999998   0.0709357 2.72454e-22    0.178311    0.233595  0.00241411
underflow!7.06428e-11
pos   0.984585     0.17685 3.99471e-32    0.208754   0.0792869 7.06428e-11
underflow!0.000105064
pos   0.996173   0.0520261 1.92589e-42    0.227777 0.000791368 0.000105064
underflow!5.85743e-05
pos     0.9992   0.0675681 5.75199e-12    0.019739   0.0247672 5.85743e-05
underflow!5.75199e-12
pos     0.9992   0.0675681 5.75199e-12    0.019739   0.0247672 5.85743e-05


new GBMAT with step:17
 0.374424  0.696458  0.216281  0.833269  0.113112 0.0144135   24514.3
 0.374424  0.696458  0.216281  0.833269  0.113112 0.0144135   24514.3
 0.703204  0.324199  0.320318  0.192694  0.368005  0.098676   3908.58
 0.782182  0.290677  0.528939  0.385592  0.532988   0.17225   3842.02
 0.782182  0.290677  0.528939  0.370881  0.532988   0.17225   3836.88
 0.761943  0.238362  0.447909  0.312638  0.485188  0.147895   3802.33
 0.761943  0.238362  0.447909  0.312638  0.485188  0.147895   6.12363
 0.761943  0.238362  0.447909  0.312638  0.485188  0.147895   6.12363
 0.887053 0.0786011  0.308667  0.445271  0.520455  0.174359   2.19796
 0.820975  0.104708  0.403476  0.498405  0.328097  0.359599   1.14153
 0.804651 0.0700845 0.0932453  0.336743   0.27438  0.161925  0.958588
 0.804651 0.0700845 0.0932453  0.336743   0.27438  0.161925   4.39093
 0.804651 0.0700845 0.0932453  0.336743   0.27438  0.161925   4.39093
 0.933493 0.0648836 0.0472161  0.383874  0.232352   0.17171   1.14965
 0.935566  0.232649 0.0186403  0.189901   0.13959 0.0876393   1.13853
 0.935566  0.232649 0.0186403  0.189901   0.13959 0.0876393   1.13853
 0.935566  0.232649 0.0186403  0.189901   0.13959 0.0876393    1.6949
 0.935566  0.232649 0.0186403  0.189901   0.13959 0.0876393    1.6949
 0.934181  0.224112 0.0154424  0.185401  0.135928 0.0730237   1.62929
 0.934181  0.224112 0.0154424  0.185401  0.135928 0.0730237   1.62929
 0.945678  0.222643 0.0126799  0.137202 0.0918605 0.0519997   1.59639
 0.945678  0.222643 0.0126799  0.137202 0.0918605 0.0519997   1.61443
 0.945678  0.222643 0.0126799  0.137202 0.0918605 0.0519997   1.61443
 0.945678  0.222643 0.0126799  0.137202 0.0918605 0.0519997   1.61443
 0.945678  0.222643 0.0126799  0.137202 0.0918605 0.0519997   1.61443
 0.945678  0.222643 0.0126799  0.137202 0.0918605 0.0519997   1.61443
 0.945678  0.222643 0.0126799  0.137202 0.0918605 0.0519997   1.61443
 0.945678  0.222643 0.0126799  0.137202 0.0918605 0.0519997   1.61443
 0.945678  0.222643 0.0126799  0.137202 0.0918605 0.0519997   1.61443
underflow!0.000301836
pos   0.915885    0.648108    1.77e-05    0.121582    0.552308 0.000301836
underflow!1.77e-05
pos   0.915885    0.648108    1.77e-05    0.121582    0.552308 0.000301836


new GBMAT with step:18
 0.374424  0.696458  0.216281  0.833269  0.113112 0.0144135   24514.3
 0.374424  0.696458  0.216281  0.833269  0.113112 0.0144135   24514.3
 0.703204  0.324199  0.320318  0.192694  0.368005  0.098676   3908.58
 0.782182  0.290677  0.528939  0.385592  0.532988   0.17225   3842.02
 0.782182  0.290677  0.528939  0.370881  0.532988   0.17225   3836.88
 0.761943  0.238362  0.447909  0.312638  0.485188  0.147895   3802.33
 0.761943  0.238362  0.447909  0.312638  0.485188  0.147895   6.12363
 0.761943  0.238362  0.447909  0.312638  0.485188  0.147895   6.12363
 0.887053 0.0786011  0.308667  0.445271  0.520455  0.174359   2.19796
 0.820975  0.104708  0.403476  0.498405  0.328097  0.359599   1.14153
 0.804651 0.0700845 0.0932453  0.336743   0.27438  0.161925  0.958588
 0.804651 0.0700845 0.0932453  0.336743   0.27438  0.161925   4.39093
 0.804651 0.0700845 0.0932453  0.336743   0.27438  0.161925   4.39093
 0.933493 0.0648836 0.0472161  0.383874  0.232352   0.17171   1.14965
 0.935566  0.232649 0.0186403  0.189901   0.13959 0.0876393   1.13853
 0.935566  0.232649 0.0186403  0.189901   0.13959 0.0876393   1.13853
 0.935566  0.232649 0.0186403  0.189901   0.13959 0.0876393    1.6949
 0.935566  0.232649 0.0186403  0.189901   0.13959 0.0876393    1.6949
 0.934181  0.224112 0.0154424  0.185401  0.135928 0.0730237   1.62929
 0.934181  0.224112 0.0154424  0.185401  0.135928 0.0730237   1.62929
 0.945678  0.222643 0.0126799  0.137202 0.0918605 0.0519997   1.59639
 0.945678  0.222643 0.0126799  0.137202 0.0918605 0.0519997   1.61443
 0.945678  0.222643 0.0126799  0.137202 0.0918605 0.0519997   1.61443
 0.945678  0.222643 0.0126799  0.137202 0.0918605 0.0519997   1.61443
 0.945678  0.222643 0.0126799  0.137202 0.0918605 0.0519997   1.61443
 0.945678  0.222643 0.0126799  0.137202 0.0918605 0.0519997   1.61443
 0.945678  0.222643 0.0126799  0.137202 0.0918605 0.0519997   1.61443
 0.945678  0.222643 0.0126799  0.137202 0.0918605 0.0519997   1.61443
 0.945678  0.222643 0.0126799  0.137202 0.0918605 0.0519997   1.61443
 0.954087  0.198166 0.0110494  0.116227  0.072333 0.0333732   1.54493


new GBMAT with step:19
 0.374424  0.696458  0.216281  0.833269  0.113112 0.0144135   24514.3
 0.374424  0.696458  0.216281  0.833269  0.113112 0.0144135   24514.3
 0.703204  0.324199  0.320318  0.192694  0.368005  0.098676   3908.58
 0.782182  0.290677  0.528939  0.385592  0.532988   0.17225   3842.02
 0.782182  0.290677  0.528939  0.370881  0.532988   0.17225   3836.88
 0.761943  0.238362  0.447909  0.312638  0.485188  0.147895   3802.33
 0.761943  0.238362  0.447909  0.312638  0.485188  0.147895   6.12363
 0.761943  0.238362  0.447909  0.312638  0.485188  0.147895   6.12363
 0.887053 0.0786011  0.308667  0.445271  0.520455  0.174359   2.19796
 0.820975  0.104708  0.403476  0.498405  0.328097  0.359599   1.14153
 0.804651 0.0700845 0.0932453  0.336743   0.27438  0.161925  0.958588
 0.804651 0.0700845 0.0932453  0.336743   0.27438  0.161925   4.39093
 0.804651 0.0700845 0.0932453  0.336743   0.27438  0.161925   4.39093
 0.933493 0.0648836 0.0472161  0.383874  0.232352   0.17171   1.14965
 0.935566  0.232649 0.0186403  0.189901   0.13959 0.0876393   1.13853
 0.935566  0.232649 0.0186403  0.189901   0.13959 0.0876393   1.13853
 0.935566  0.232649 0.0186403  0.189901   0.13959 0.0876393    1.6949
 0.935566  0.232649 0.0186403  0.189901   0.13959 0.0876393    1.6949
 0.934181  0.224112 0.0154424  0.185401  0.135928 0.0730237   1.62929
 0.934181  0.224112 0.0154424  0.185401  0.135928 0.0730237   1.62929
 0.945678  0.222643 0.0126799  0.137202 0.0918605 0.0519997   1.59639
 0.945678  0.222643 0.0126799  0.137202 0.0918605 0.0519997   1.61443
 0.945678  0.222643 0.0126799  0.137202 0.0918605 0.0519997   1.61443
 0.945678  0.222643 0.0126799  0.137202 0.0918605 0.0519997   1.61443
 0.945678  0.222643 0.0126799  0.137202 0.0918605 0.0519997   1.61443
 0.945678  0.222643 0.0126799  0.137202 0.0918605 0.0519997   1.61443
 0.945678  0.222643 0.0126799  0.137202 0.0918605 0.0519997   1.61443
 0.945678  0.222643 0.0126799  0.137202 0.0918605 0.0519997   1.61443
 0.945678  0.222643 0.0126799  0.137202 0.0918605 0.0519997   1.61443
 0.954087  0.198166 0.0110494  0.116227  0.072333 0.0333732   1.54493
 0.956701  0.201515 0.0110697  0.118493 0.0661169 0.0341491   1.50882
GBMAT after targeted PSO:
 0.374424  0.696458  0.216281  0.833269  0.113112 0.0144135   24514.3
 0.374424  0.696458  0.216281  0.833269  0.113112 0.0144135   24514.3
 0.703204  0.324199  0.320318  0.192694  0.368005  0.098676   3908.58
 0.782182  0.290677  0.528939  0.385592  0.532988   0.17225   3842.02
 0.782182  0.290677  0.528939  0.370881  0.532988   0.17225   3836.88
 0.761943  0.238362  0.447909  0.312638  0.485188  0.147895   3802.33
 0.761943  0.238362  0.447909  0.312638  0.485188  0.147895   6.12363
 0.761943  0.238362  0.447909  0.312638  0.485188  0.147895   6.12363
 0.887053 0.0786011  0.308667  0.445271  0.520455  0.174359   2.19796
 0.820975  0.104708  0.403476  0.498405  0.328097  0.359599   1.14153
 0.804651 0.0700845 0.0932453  0.336743   0.27438  0.161925  0.958588
 0.804651 0.0700845 0.0932453  0.336743   0.27438  0.161925   4.39093
 0.804651 0.0700845 0.0932453  0.336743   0.27438  0.161925   4.39093
 0.933493 0.0648836 0.0472161  0.383874  0.232352   0.17171   1.14965
 0.935566  0.232649 0.0186403  0.189901   0.13959 0.0876393   1.13853
 0.935566  0.232649 0.0186403  0.189901   0.13959 0.0876393   1.13853
 0.935566  0.232649 0.0186403  0.189901   0.13959 0.0876393    1.6949
 0.935566  0.232649 0.0186403  0.189901   0.13959 0.0876393    1.6949
 0.934181  0.224112 0.0154424  0.185401  0.135928 0.0730237   1.62929
 0.934181  0.224112 0.0154424  0.185401  0.135928 0.0730237   1.62929
 0.945678  0.222643 0.0126799  0.137202 0.0918605 0.0519997   1.59639
 0.945678  0.222643 0.0126799  0.137202 0.0918605 0.0519997   1.61443
 0.945678  0.222643 0.0126799  0.137202 0.0918605 0.0519997   1.61443
 0.945678  0.222643 0.0126799  0.137202 0.0918605 0.0519997   1.61443
 0.945678  0.222643 0.0126799  0.137202 0.0918605 0.0519997   1.61443
 0.945678  0.222643 0.0126799  0.137202 0.0918605 0.0519997   1.61443
 0.945678  0.222643 0.0126799  0.137202 0.0918605 0.0519997   1.61443
 0.945678  0.222643 0.0126799  0.137202 0.0918605 0.0519997   1.61443
 0.945678  0.222643 0.0126799  0.137202 0.0918605 0.0519997   1.61443
 0.954087  0.198166 0.0110494  0.116227  0.072333 0.0333732   1.54493
 0.956701  0.201515 0.0110697  0.118493 0.0661169 0.0341491   1.50882
truk:  0.515996 0.0603199  0.103199  0.896801   0.05516 0.0722394
total difference b/w truk and final GBVEC:0.82998
CODE FINISHED RUNNING IN 7 s TIME!
Job Statistics for 1523086:
           JobID       User               Start                 End    Elapsed     MaxRSS   TotalCPU      State Exit        NodeList                                  ReqTRES 
---------------- ---------- ------------------- ------------------- ---------- ---------- ---------- ---------- ---- --------------- ---------------------------------------- 
         1523086   rsjxw007 2021-08-05T11:36:54 2021-08-05T11:37:02   00:00:08             00:07.218  COMPLETED  0:0   r1pl-hpcf-n22         billing=1,cpu=1,mem=7812M,node=1 
   1523086.batch            2021-08-05T11:36:54 2021-08-05T11:37:02   00:00:08          0  00:07.216  COMPLETED  0:0   r1pl-hpcf-n22                                          
  1523086.extern            2021-08-05T11:36:54 2021-08-05T11:37:02   00:00:08          0  00:00.001  COMPLETED  0:0   r1pl-hpcf-n22                                          
CPU Efficiency: 87.50% of 00:00:08 core-walltime
