PSO_S_ODE_NonLinear
Using two part PSOSample Size:1000 with:27 moments.
Using Record Time:38.76
Bounds for Uniform Distribution (0,1)
Blind PSO --> nParts:300 Nsteps:5
Targeted PSO --> nParts:20 Nsteps:20
mu: 80 120  85
covarMat:
 50   0   0
  0 100   0
  0   0  50

Yt:  4.19836   3.69396   2.43792  0.127133   6.25901   3.38673   61.5149   131.174   11.3804 0.0191248   170.732   22.0444  0.770294   11.5588  0.719858   13.0489   16.4245   13.6095  0.145635   144.929   18.3056  0.323954   25.3139    15.834  0.488713  0.454687   34.5943
seedk: 0.408071  0.385965  0.459561  0.168705 0.0316876  0.438182| cost:553.934
Xt: 4.25488  4.54147  2.02924 0.941996   7.5127  2.12824  53.7479   127.77  9.15402  1.08928   179.82   10.069  4.20459  10.0426  5.47266  19.7198  10.5326  16.0652  2.45665  146.292   16.849  2.38157  27.6008  9.60063   5.9275  2.49776  28.9474
PSO begins!
underflow!4.93826e-06
pos   0.243314    0.439282    0.201456   0.0620079  0.00802472 4.93826e-06
GBMAT from targeted PSO:

 0.408071  0.385965  0.459561  0.168705 0.0316876  0.438182   553.934
 0.408071  0.385965  0.459561  0.168705 0.0316876  0.438182   553.934
 0.370075  0.393655  0.277862  0.934483  0.226479  0.230913   271.002
 0.320439  0.480941  0.293437  0.955249  0.179258  0.240015   268.049
 0.326898  0.488468  0.293475  0.948336  0.196073  0.236272   264.193
 0.326898  0.488468  0.293475  0.948336  0.196073  0.236272   264.193

truk:  0.515996 0.0603199  0.103199  0.896801   0.05516 0.0722394
total difference b/w truk and final GBVEC0.304693

targeted PSO has started!
Updating Weight Matrix!
GBVEC AND COST:0.326898 0.488468 0.293475 0.948336 0.196073 0.236272  264.193
Chkpt reached!
new weight matrix:
  0.0127138           0           0           0           0           0           0           0           0           0           0           0           0           0           0           0           0           0           0           0           0           0           0           0           0           0           0
          0  0.00435692           0           0           0           0           0           0           0           0           0           0           0           0           0           0           0           0           0           0           0           0           0           0           0           0           0
          0           0   0.0958515           0           0           0           0           0           0           0           0           0           0           0           0           0           0           0           0           0           0           0           0           0           0           0           0
          0           0           0     61.4582           0           0           0           0           0           0           0           0           0           0           0           0           0           0           0           0           0           0           0           0           0           0           0
          0           0           0           0  0.00383965           0           0           0           0           0           0           0           0           0           0           0           0           0           0           0           0           0           0           0           0           0           0
          0           0           0           0           0   0.0545609           0           0           0           0           0           0           0           0           0           0           0           0           0           0           0           0           0           0           0           0           0
          0           0           0           0           0           0 8.23924e-06           0           0           0           0           0           0           0           0           0           0           0           0           0           0           0           0           0           0           0           0
          0           0           0           0           0           0           0 3.55604e-07           0           0           0           0           0           0           0           0           0           0           0           0           0           0           0           0           0           0           0
          0           0           0           0           0           0           0           0 0.000514813           0           0           0           0           0           0           0           0           0           0           0           0           0           0           0           0           0           0
          0           0           0           0           0           0           0           0           0     307.024           0           0           0           0           0           0           0           0           0           0           0           0           0           0           0           0           0
          0           0           0           0           0           0           0           0           0           0 3.08706e-07           0           0           0           0           0           0           0           0           0           0           0           0           0           0           0           0
          0           0           0           0           0           0           0           0           0           0           0 0.000153962           0           0           0           0           0           0           0           0           0           0           0           0           0           0           0
          0           0           0           0           0           0           0           0           0           0           0           0   0.0359908           0           0           0           0           0           0           0           0           0           0           0           0           0           0
          0           0           0           0           0           0           0           0           0           0           0           0           0  0.00049555           0           0           0           0           0           0           0           0           0           0           0           0           0
          0           0           0           0           0           0           0           0           0           0           0           0           0           0    0.118782           0           0           0           0           0           0           0           0           0           0           0           0
          0           0           0           0           0           0           0           0           0           0           0           0           0           0           0  0.00041237           0           0           0           0           0           0           0           0           0           0           0
          0           0           0           0           0           0           0           0           0           0           0           0           0           0           0           0 0.000270408           0           0           0           0           0           0           0           0           0           0
          0           0           0           0           0           0           0           0           0           0           0           0           0           0           0           0           0 0.000142016           0           0           0           0           0           0           0           0           0
          0           0           0           0           0           0           0           0           0           0           0           0           0           0           0           0           0           0     1.97257           0           0           0           0           0           0           0           0
          0           0           0           0           0           0           0           0           0           0           0           0           0           0           0           0           0           0           0 3.32181e-07           0           0           0           0           0           0           0
          0           0           0           0           0           0           0           0           0           0           0           0           0           0           0           0           0           0           0           0 8.50664e-05           0           0           0           0           0           0
          0           0           0           0           0           0           0           0           0           0           0           0           0           0           0           0           0           0           0           0           0     1.21997           0           0           0           0           0
          0           0           0           0           0           0           0           0           0           0           0           0           0           0           0           0           0           0           0           0           0           0 8.66891e-05           0           0           0           0
          0           0           0           0           0           0           0           0           0           0           0           0           0           0           0           0           0           0           0           0           0           0           0 0.000283681           0           0           0
          0           0           0           0           0           0           0           0           0           0           0           0           0           0           0           0           0           0           0           0           0           0           0           0     0.56662           0           0
          0           0           0           0           0           0           0           0           0           0           0           0           0           0           0           0           0           0           0           0           0           0           0           0           0    0.743261           0
          0           0           0           0           0           0           0           0           0           0           0           0           0           0           0           0           0           0           0           0           0           0           0           0           0           0 5.15874e-05



new GBMAT with step:0
 0.408071  0.385965  0.459561  0.168705 0.0316876  0.438182   553.934
 0.408071  0.385965  0.459561  0.168705 0.0316876  0.438182   553.934
 0.370075  0.393655  0.277862  0.934483  0.226479  0.230913   271.002
 0.320439  0.480941  0.293437  0.955249  0.179258  0.240015   268.049
 0.326898  0.488468  0.293475  0.948336  0.196073  0.236272   264.193
 0.326898  0.488468  0.293475  0.948336  0.196073  0.236272   264.193
 0.326898  0.488468  0.293475  0.948336  0.196073  0.236272   2.96153
 0.326898  0.488468  0.293475  0.948336  0.196073  0.236272   2.96153
New PBMAT:
 0.410535  0.472812   0.20893         1 0.0536721  0.232394  0.596833
 0.322237  0.744439  0.164623  0.822163  0.437627   0.32599   2.88698
 0.267902   0.18808  0.443426  0.998526   0.30534  0.373114   8.94008
 0.210431   0.65418  0.185786  0.998024  0.135835  0.103488   1.74089
 0.724861  0.389781  0.389563  0.868977  0.118838 0.0417462   80.5205
 0.246222  0.502794  0.199989  0.999994  0.520019  0.197878   6.10589
 0.235104   0.42691  0.160303  0.993333  0.253446 0.0755397   5.07434
 0.376436  0.662541  0.109217         1  0.246949 0.0515284   3.58498
  0.56267    0.6893  0.681223    0.9998  0.173692   0.45678   13.6088
 0.379509  0.536144  0.501819         1 0.0660332  0.449893   3.15428
 0.536609  0.499191  0.233364  0.843491  0.309808 0.0252064    376.68
0.0708295  0.562792  0.542006  0.986892  0.129689  0.337642   12.9983
  0.43222  0.319498  0.162428   0.33465  0.157364 0.0292651   347.691
 0.394535  0.698977  0.207908  0.991071  0.137819  0.392455     1.513
 0.487956  0.296922  0.374041         1  0.271798    0.3492   6.56661
 0.249198  0.748997  0.195922         1  0.225678  0.344741   2.88827
 0.174914  0.323275  0.632075   0.77265  0.189358  0.147187   45.2011
 0.117214  0.444039 0.0650827         1 0.0408803  0.292197    5.3089
 0.213597  0.718405  0.359031  0.524141  0.251418  0.180202   38.2826
 0.282798  0.260142  0.254381  0.999997  0.214235  0.169112   3.35508



new GBMAT with step:1
 0.408071  0.385965  0.459561  0.168705 0.0316876  0.438182   553.934
 0.408071  0.385965  0.459561  0.168705 0.0316876  0.438182   553.934
 0.370075  0.393655  0.277862  0.934483  0.226479  0.230913   271.002
 0.320439  0.480941  0.293437  0.955249  0.179258  0.240015   268.049
 0.326898  0.488468  0.293475  0.948336  0.196073  0.236272   264.193
 0.326898  0.488468  0.293475  0.948336  0.196073  0.236272   264.193
 0.326898  0.488468  0.293475  0.948336  0.196073  0.236272   2.96153
 0.326898  0.488468  0.293475  0.948336  0.196073  0.236272   2.96153
 0.223223  0.214653  0.240088  0.989712  0.186419  0.177204   1.99143


new GBMAT with step:2
 0.408071  0.385965  0.459561  0.168705 0.0316876  0.438182   553.934
 0.408071  0.385965  0.459561  0.168705 0.0316876  0.438182   553.934
 0.370075  0.393655  0.277862  0.934483  0.226479  0.230913   271.002
 0.320439  0.480941  0.293437  0.955249  0.179258  0.240015   268.049
 0.326898  0.488468  0.293475  0.948336  0.196073  0.236272   264.193
 0.326898  0.488468  0.293475  0.948336  0.196073  0.236272   264.193
 0.326898  0.488468  0.293475  0.948336  0.196073  0.236272   2.96153
 0.326898  0.488468  0.293475  0.948336  0.196073  0.236272   2.96153
 0.223223  0.214653  0.240088  0.989712  0.186419  0.177204   1.99143
 0.340446  0.376619  0.181201  0.996165  0.103602  0.180231  0.538563


new GBMAT with step:3
 0.408071  0.385965  0.459561  0.168705 0.0316876  0.438182   553.934
 0.408071  0.385965  0.459561  0.168705 0.0316876  0.438182   553.934
 0.370075  0.393655  0.277862  0.934483  0.226479  0.230913   271.002
 0.320439  0.480941  0.293437  0.955249  0.179258  0.240015   268.049
 0.326898  0.488468  0.293475  0.948336  0.196073  0.236272   264.193
 0.326898  0.488468  0.293475  0.948336  0.196073  0.236272   264.193
 0.326898  0.488468  0.293475  0.948336  0.196073  0.236272   2.96153
 0.326898  0.488468  0.293475  0.948336  0.196073  0.236272   2.96153
 0.223223  0.214653  0.240088  0.989712  0.186419  0.177204   1.99143
 0.340446  0.376619  0.181201  0.996165  0.103602  0.180231  0.538563
 0.494867  0.472129  0.191346  0.997282  0.102198  0.159896  0.419879


new GBMAT with step:4
 0.408071  0.385965  0.459561  0.168705 0.0316876  0.438182   553.934
 0.408071  0.385965  0.459561  0.168705 0.0316876  0.438182   553.934
 0.370075  0.393655  0.277862  0.934483  0.226479  0.230913   271.002
 0.320439  0.480941  0.293437  0.955249  0.179258  0.240015   268.049
 0.326898  0.488468  0.293475  0.948336  0.196073  0.236272   264.193
 0.326898  0.488468  0.293475  0.948336  0.196073  0.236272   264.193
 0.326898  0.488468  0.293475  0.948336  0.196073  0.236272   2.96153
 0.326898  0.488468  0.293475  0.948336  0.196073  0.236272   2.96153
 0.223223  0.214653  0.240088  0.989712  0.186419  0.177204   1.99143
 0.340446  0.376619  0.181201  0.996165  0.103602  0.180231  0.538563
 0.494867  0.472129  0.191346  0.997282  0.102198  0.159896  0.419879
 0.485641  0.463727    0.1869  0.997523  0.102198  0.149478   0.40494


new GBMAT with step:5
 0.408071  0.385965  0.459561  0.168705 0.0316876  0.438182   553.934
 0.408071  0.385965  0.459561  0.168705 0.0316876  0.438182   553.934
 0.370075  0.393655  0.277862  0.934483  0.226479  0.230913   271.002
 0.320439  0.480941  0.293437  0.955249  0.179258  0.240015   268.049
 0.326898  0.488468  0.293475  0.948336  0.196073  0.236272   264.193
 0.326898  0.488468  0.293475  0.948336  0.196073  0.236272   264.193
 0.326898  0.488468  0.293475  0.948336  0.196073  0.236272   2.96153
 0.326898  0.488468  0.293475  0.948336  0.196073  0.236272   2.96153
 0.223223  0.214653  0.240088  0.989712  0.186419  0.177204   1.99143
 0.340446  0.376619  0.181201  0.996165  0.103602  0.180231  0.538563
 0.494867  0.472129  0.191346  0.997282  0.102198  0.159896  0.419879
 0.485641  0.463727    0.1869  0.997523  0.102198  0.149478   0.40494
 0.474137    0.4499  0.156995  0.990014 0.0948992  0.140267  0.291664


new GBMAT with step:6
 0.408071  0.385965  0.459561  0.168705 0.0316876  0.438182   553.934
 0.408071  0.385965  0.459561  0.168705 0.0316876  0.438182   553.934
 0.370075  0.393655  0.277862  0.934483  0.226479  0.230913   271.002
 0.320439  0.480941  0.293437  0.955249  0.179258  0.240015   268.049
 0.326898  0.488468  0.293475  0.948336  0.196073  0.236272   264.193
 0.326898  0.488468  0.293475  0.948336  0.196073  0.236272   264.193
 0.326898  0.488468  0.293475  0.948336  0.196073  0.236272   2.96153
 0.326898  0.488468  0.293475  0.948336  0.196073  0.236272   2.96153
 0.223223  0.214653  0.240088  0.989712  0.186419  0.177204   1.99143
 0.340446  0.376619  0.181201  0.996165  0.103602  0.180231  0.538563
 0.494867  0.472129  0.191346  0.997282  0.102198  0.159896  0.419879
 0.485641  0.463727    0.1869  0.997523  0.102198  0.149478   0.40494
 0.474137    0.4499  0.156995  0.990014 0.0948992  0.140267  0.291664
 0.474137    0.4499  0.156995  0.990014 0.0948992  0.140267  0.291664


new GBMAT with step:7
 0.408071  0.385965  0.459561  0.168705 0.0316876  0.438182   553.934
 0.408071  0.385965  0.459561  0.168705 0.0316876  0.438182   553.934
 0.370075  0.393655  0.277862  0.934483  0.226479  0.230913   271.002
 0.320439  0.480941  0.293437  0.955249  0.179258  0.240015   268.049
 0.326898  0.488468  0.293475  0.948336  0.196073  0.236272   264.193
 0.326898  0.488468  0.293475  0.948336  0.196073  0.236272   264.193
 0.326898  0.488468  0.293475  0.948336  0.196073  0.236272   2.96153
 0.326898  0.488468  0.293475  0.948336  0.196073  0.236272   2.96153
 0.223223  0.214653  0.240088  0.989712  0.186419  0.177204   1.99143
 0.340446  0.376619  0.181201  0.996165  0.103602  0.180231  0.538563
 0.494867  0.472129  0.191346  0.997282  0.102198  0.159896  0.419879
 0.485641  0.463727    0.1869  0.997523  0.102198  0.149478   0.40494
 0.474137    0.4499  0.156995  0.990014 0.0948992  0.140267  0.291664
 0.474137    0.4499  0.156995  0.990014 0.0948992  0.140267  0.291664
 0.472716  0.424209  0.160474  0.987872 0.0860145  0.125457  0.235332


new GBMAT with step:8
 0.408071  0.385965  0.459561  0.168705 0.0316876  0.438182   553.934
 0.408071  0.385965  0.459561  0.168705 0.0316876  0.438182   553.934
 0.370075  0.393655  0.277862  0.934483  0.226479  0.230913   271.002
 0.320439  0.480941  0.293437  0.955249  0.179258  0.240015   268.049
 0.326898  0.488468  0.293475  0.948336  0.196073  0.236272   264.193
 0.326898  0.488468  0.293475  0.948336  0.196073  0.236272   264.193
 0.326898  0.488468  0.293475  0.948336  0.196073  0.236272   2.96153
 0.326898  0.488468  0.293475  0.948336  0.196073  0.236272   2.96153
 0.223223  0.214653  0.240088  0.989712  0.186419  0.177204   1.99143
 0.340446  0.376619  0.181201  0.996165  0.103602  0.180231  0.538563
 0.494867  0.472129  0.191346  0.997282  0.102198  0.159896  0.419879
 0.485641  0.463727    0.1869  0.997523  0.102198  0.149478   0.40494
 0.474137    0.4499  0.156995  0.990014 0.0948992  0.140267  0.291664
 0.474137    0.4499  0.156995  0.990014 0.0948992  0.140267  0.291664
 0.472716  0.424209  0.160474  0.987872 0.0860145  0.125457  0.235332
 0.470774  0.423268  0.160476  0.987786 0.0855424  0.124771  0.234333


new GBMAT with step:9
 0.408071  0.385965  0.459561  0.168705 0.0316876  0.438182   553.934
 0.408071  0.385965  0.459561  0.168705 0.0316876  0.438182   553.934
 0.370075  0.393655  0.277862  0.934483  0.226479  0.230913   271.002
 0.320439  0.480941  0.293437  0.955249  0.179258  0.240015   268.049
 0.326898  0.488468  0.293475  0.948336  0.196073  0.236272   264.193
 0.326898  0.488468  0.293475  0.948336  0.196073  0.236272   264.193
 0.326898  0.488468  0.293475  0.948336  0.196073  0.236272   2.96153
 0.326898  0.488468  0.293475  0.948336  0.196073  0.236272   2.96153
 0.223223  0.214653  0.240088  0.989712  0.186419  0.177204   1.99143
 0.340446  0.376619  0.181201  0.996165  0.103602  0.180231  0.538563
 0.494867  0.472129  0.191346  0.997282  0.102198  0.159896  0.419879
 0.485641  0.463727    0.1869  0.997523  0.102198  0.149478   0.40494
 0.474137    0.4499  0.156995  0.990014 0.0948992  0.140267  0.291664
 0.474137    0.4499  0.156995  0.990014 0.0948992  0.140267  0.291664
 0.472716  0.424209  0.160474  0.987872 0.0860145  0.125457  0.235332
 0.470774  0.423268  0.160476  0.987786 0.0855424  0.124771  0.234333
 0.564089  0.445011  0.159265   0.98639 0.0825864   0.12646   0.18401
overflow!
underflow!-0.283324
pos 0.121117  0.543344 -0.283324  0.989151  0.185085  0.323013
overflow!
underflow!-0.23484
pos 0.651538  0.523321  0.162134  0.985208 0.0811785  -0.23484


new GBMAT with step:10
 0.408071  0.385965  0.459561  0.168705 0.0316876  0.438182   553.934
 0.408071  0.385965  0.459561  0.168705 0.0316876  0.438182   553.934
 0.370075  0.393655  0.277862  0.934483  0.226479  0.230913   271.002
 0.320439  0.480941  0.293437  0.955249  0.179258  0.240015   268.049
 0.326898  0.488468  0.293475  0.948336  0.196073  0.236272   264.193
 0.326898  0.488468  0.293475  0.948336  0.196073  0.236272   264.193
 0.326898  0.488468  0.293475  0.948336  0.196073  0.236272   2.96153
 0.326898  0.488468  0.293475  0.948336  0.196073  0.236272   2.96153
 0.223223  0.214653  0.240088  0.989712  0.186419  0.177204   1.99143
 0.340446  0.376619  0.181201  0.996165  0.103602  0.180231  0.538563
 0.494867  0.472129  0.191346  0.997282  0.102198  0.159896  0.419879
 0.485641  0.463727    0.1869  0.997523  0.102198  0.149478   0.40494
 0.474137    0.4499  0.156995  0.990014 0.0948992  0.140267  0.291664
 0.474137    0.4499  0.156995  0.990014 0.0948992  0.140267  0.291664
 0.472716  0.424209  0.160474  0.987872 0.0860145  0.125457  0.235332
 0.470774  0.423268  0.160476  0.987786 0.0855424  0.124771  0.234333
 0.564089  0.445011  0.159265   0.98639 0.0825864   0.12646   0.18401
 0.663708  0.348675  0.143617  0.991042  0.100896  0.129926  0.150324
underflow!-0.169589
pos  0.51768  0.580887  0.132654  0.979934 -0.169589  0.126014
overflow!


new GBMAT with step:11
 0.408071  0.385965  0.459561  0.168705 0.0316876  0.438182   553.934
 0.408071  0.385965  0.459561  0.168705 0.0316876  0.438182   553.934
 0.370075  0.393655  0.277862  0.934483  0.226479  0.230913   271.002
 0.320439  0.480941  0.293437  0.955249  0.179258  0.240015   268.049
 0.326898  0.488468  0.293475  0.948336  0.196073  0.236272   264.193
 0.326898  0.488468  0.293475  0.948336  0.196073  0.236272   264.193
 0.326898  0.488468  0.293475  0.948336  0.196073  0.236272   2.96153
 0.326898  0.488468  0.293475  0.948336  0.196073  0.236272   2.96153
 0.223223  0.214653  0.240088  0.989712  0.186419  0.177204   1.99143
 0.340446  0.376619  0.181201  0.996165  0.103602  0.180231  0.538563
 0.494867  0.472129  0.191346  0.997282  0.102198  0.159896  0.419879
 0.485641  0.463727    0.1869  0.997523  0.102198  0.149478   0.40494
 0.474137    0.4499  0.156995  0.990014 0.0948992  0.140267  0.291664
 0.474137    0.4499  0.156995  0.990014 0.0948992  0.140267  0.291664
 0.472716  0.424209  0.160474  0.987872 0.0860145  0.125457  0.235332
 0.470774  0.423268  0.160476  0.987786 0.0855424  0.124771  0.234333
 0.564089  0.445011  0.159265   0.98639 0.0825864   0.12646   0.18401
 0.663708  0.348675  0.143617  0.991042  0.100896  0.129926  0.150324
 0.656253  0.356379  0.144953  0.990774 0.0987649  0.130785  0.150222
Updating Weight Matrix!
GBVEC AND COST: 0.656253  0.356379  0.144953  0.990774 0.0987649  0.130785  0.150222
Chkpt reached!
new weight matrix:
  0.0127274           0           0           0           0           0           0           0           0           0           0           0           0           0           0           0           0           0           0           0           0           0           0           0           0           0           0
          0  0.00430491           0           0           0           0           0           0           0           0           0           0           0           0           0           0           0           0           0           0           0           0           0           0           0           0           0
          0           0   0.0864272           0           0           0           0           0           0           0           0           0           0           0           0           0           0           0           0           0           0           0           0           0           0           0           0
          0           0           0     138.171           0           0           0           0           0           0           0           0           0           0           0           0           0           0           0           0           0           0           0           0           0           0           0
          0           0           0           0  0.00380122           0           0           0           0           0           0           0           0           0           0           0           0           0           0           0           0           0           0           0           0           0           0
          0           0           0           0           0   0.0550705           0           0           0           0           0           0           0           0           0           0           0           0           0           0           0           0           0           0           0           0           0
          0           0           0           0           0           0 8.38584e-06           0           0           0           0           0           0           0           0           0           0           0           0           0           0           0           0           0           0           0           0
          0           0           0           0           0           0           0 3.53988e-07           0           0           0           0           0           0           0           0           0           0           0           0           0           0           0           0           0           0           0
          0           0           0           0           0           0           0           0 0.000431796           0           0           0           0           0           0           0           0           0           0           0           0           0           0           0           0           0           0
          0           0           0           0           0           0           0           0           0     2363.53           0           0           0           0           0           0           0           0           0           0           0           0           0           0           0           0           0
          0           0           0           0           0           0           0           0           0           0 3.06711e-07           0           0           0           0           0           0           0           0           0           0           0           0           0           0           0           0
          0           0           0           0           0           0           0           0           0           0           0 0.000156815           0           0           0           0           0           0           0           0           0           0           0           0           0           0           0
          0           0           0           0           0           0           0           0           0           0           0           0    0.248552           0           0           0           0           0           0           0           0           0           0           0           0           0           0
          0           0           0           0           0           0           0           0           0           0           0           0           0 0.000476498           0           0           0           0           0           0           0           0           0           0           0           0           0
          0           0           0           0           0           0           0           0           0           0           0           0           0           0    0.304214           0           0           0           0           0           0           0           0           0           0           0           0
          0           0           0           0           0           0           0           0           0           0           0           0           0           0           0 0.000433132           0           0           0           0           0           0           0           0           0           0           0
          0           0           0           0           0           0           0           0           0           0           0           0           0           0           0           0 0.000282528           0           0           0           0           0           0           0           0           0           0
          0           0           0           0           0           0           0           0           0           0           0           0           0           0           0           0           0 0.000134501           0           0           0           0           0           0           0           0           0
          0           0           0           0           0           0           0           0           0           0           0           0           0           0           0           0           0           0     6.63547           0           0           0           0           0           0           0           0
          0           0           0           0           0           0           0           0           0           0           0           0           0           0           0           0           0           0           0 3.30375e-07           0           0           0           0           0           0           0
          0           0           0           0           0           0           0           0           0           0           0           0           0           0           0           0           0           0           0           0 9.03692e-05           0           0           0           0           0           0
          0           0           0           0           0           0           0           0           0           0           0           0           0           0           0           0           0           0           0           0           0     2.46841           0           0           0           0           0
          0           0           0           0           0           0           0           0           0           0           0           0           0           0           0           0           0           0           0           0           0           0 8.08075e-05           0           0           0           0
          0           0           0           0           0           0           0           0           0           0           0           0           0           0           0           0           0           0           0           0           0           0           0 0.000267513           0           0           0
          0           0           0           0           0           0           0           0           0           0           0           0           0           0           0           0           0           0           0           0           0           0           0           0     1.61661           0           0
          0           0           0           0           0           0           0           0           0           0           0           0           0           0           0           0           0           0           0           0           0           0           0           0           0     1.58568           0
          0           0           0           0           0           0           0           0           0           0           0           0           0           0           0           0           0           0           0           0           0           0           0           0           0           0 5.44922e-05

underflow!-0.0605
pos 0.992765   1.10823  -0.18829  0.962418 0.0868622   -0.0605
overflow!
underflow!-0.139091
pos   1.12416    0.45522 -0.0701127   0.921674  -0.117668  -0.139091
underflow!-0.117668
pos   1.12416    0.45522 -0.0701127   0.921674  -0.117668  -0.139091
underflow!-0.382475
pos 0.762206 0.0305999  0.483813      -nan -0.382475  0.206526
underflow!-0.137306
pos 0.600834  0.376581 -0.137306  0.994875  0.179993      -nan


new GBMAT with step:12
 0.408071  0.385965  0.459561  0.168705 0.0316876  0.438182   553.934
 0.408071  0.385965  0.459561  0.168705 0.0316876  0.438182   553.934
 0.370075  0.393655  0.277862  0.934483  0.226479  0.230913   271.002
 0.320439  0.480941  0.293437  0.955249  0.179258  0.240015   268.049
 0.326898  0.488468  0.293475  0.948336  0.196073  0.236272   264.193
 0.326898  0.488468  0.293475  0.948336  0.196073  0.236272   264.193
 0.326898  0.488468  0.293475  0.948336  0.196073  0.236272   2.96153
 0.326898  0.488468  0.293475  0.948336  0.196073  0.236272   2.96153
 0.223223  0.214653  0.240088  0.989712  0.186419  0.177204   1.99143
 0.340446  0.376619  0.181201  0.996165  0.103602  0.180231  0.538563
 0.494867  0.472129  0.191346  0.997282  0.102198  0.159896  0.419879
 0.485641  0.463727    0.1869  0.997523  0.102198  0.149478   0.40494
 0.474137    0.4499  0.156995  0.990014 0.0948992  0.140267  0.291664
 0.474137    0.4499  0.156995  0.990014 0.0948992  0.140267  0.291664
 0.472716  0.424209  0.160474  0.987872 0.0860145  0.125457  0.235332
 0.470774  0.423268  0.160476  0.987786 0.0855424  0.124771  0.234333
 0.564089  0.445011  0.159265   0.98639 0.0825864   0.12646   0.18401
 0.663708  0.348675  0.143617  0.991042  0.100896  0.129926  0.150324
 0.656253  0.356379  0.144953  0.990774 0.0987649  0.130785  0.150222
 0.656253  0.356379  0.144953  0.990774 0.0987649  0.130785  0.571337
 0.656253  0.356379  0.144953  0.990774 0.0987649  0.130785  0.571337
underflow!-0.469073
pos -0.25775  -1.10719  0.848129  0.968294  0.284327 -0.469073
underflow!-0.00137612
pos   0.561448    0.286989    0.141208     0.99064   0.0812903 -0.00137612
underflow!-1.69159
pos-1.69159     -nan 0.469203  1.06469 0.297662  1.14641
overflow!
overflow!
underflow!-0.642546
pos  2.40114   1.31441 -0.642546  0.739843  0.412407  0.418809
overflow!
underflow!-1.22566
pos  4.27886      -nan  -1.09586   0.92928 -0.952679  -1.22566
underflow!-1.09586
pos  4.27886      -nan  -1.09586   0.92928 -0.952679  -1.22566
underflow!-0.952679
pos  4.27886      -nan  -1.09586   0.92928 -0.952679  -1.22566
slurmstepd: error: *** JOB 1523074 ON r1pl-hpcf-n21 CANCELLED AT 2021-08-05T11:05:50 ***
Job Statistics for 1523074:
           JobID       User               Start                 End    Elapsed     MaxRSS   TotalCPU      State Exit        NodeList                                  ReqTRES 
---------------- ---------- ------------------- ------------------- ---------- ---------- ---------- ---------- ---- --------------- ---------------------------------------- 
         1523074   rsjxw007 2021-08-05T09:36:50 2021-08-05T11:05:50   01:29:00              01:28:34 CANCELLED+  0:0   r1pl-hpcf-n21         billing=1,cpu=1,mem=7812M,node=1 
   1523074.batch            2021-08-05T09:36:50 2021-08-05T11:05:52   01:29:02      1.77M   01:28:34  CANCELLED 0:15   r1pl-hpcf-n21                                          
  1523074.extern            2021-08-05T09:36:50 2021-08-05T11:05:50   01:29:00          0  00:00.001  COMPLETED  0:0   r1pl-hpcf-n21                                          
CPU Efficiency: 99.51% of 01:29:00 core-walltime
