PSO_S_ODE_NonLinear
Using two part PSO
Bounds for Uniform Distribution0,1
Blind PSO using 27 moments.
Sample Size:10 Nparts:300 Nsteps:40
Targeted PSO updated nParts:20 Nsteps:200
using tf:48.45
mu: 80 120  85
covarMat:
 50   0   0
  0 100   0
  0   0  50

Yt:  2.71301   3.54373   2.75847  0.137444   6.43965   3.88796   13.0122   75.8543   11.2834 0.0212425   132.025   22.2234  0.873657   6.89741  0.466934     8.238   9.83734   21.8977  0.194986    97.947   30.3571  0.340294   33.5214   15.8336  0.556522   0.48286   46.6736
seedk:0.794777 0.711186 0.837936 0.386142 0.836975 0.417699| cost:36105.3
Xt:3.21679 6.54269 1.26066 1.34957 9.15292 2.52898 20.6667 190.817 2.35903 2.45294 231.318 9.49353  2.4572 3.98057 6.11044 12.5482 7.98533 12.0806 3.74656 206.644 24.2346 2.01781 16.4574 4.73239 8.21731 4.04788 33.0148
PSO begins!
underflow!0.000815591
pos   0.293763 0.000815591    0.803369   0.0179284    0.486767    0.631077
GBMAT from first PSO:

 0.794777  0.711186  0.837936  0.386142  0.836975  0.417699   36105.3
 0.425432  0.256316  0.173273  0.758208  0.122784 0.0103369   4896.64
 0.296151  0.518022  0.701458  0.850757   0.63984 0.0838245   4058.77
 0.414268  0.590313  0.503239  0.158582  0.484537 0.0726824   3849.62
   0.2826  0.506037  0.512655 0.0614112  0.182886 0.0633398   3526.89
 0.652929  0.328623   0.26122 0.0710694  0.243936 0.0259903   3502.09
 0.464299  0.626559  0.794819  0.135148   0.35148  0.107134   3474.97
 0.541867  0.445263  0.732803    0.2492  0.670217   0.10397   3455.91
 0.500079  0.147823  0.460933   0.27618  0.488749 0.0610899   3455.46
 0.516346  0.208613  0.403754  0.225606  0.415063 0.0544332   3452.29
 0.829779 0.0454613  0.785642  0.167453  0.575189  0.117594   3434.39
   0.8034  0.108021  0.761274  0.187195  0.542131  0.111119   3350.71
 0.684082  0.242995  0.761733  0.209085   0.58494    0.1071   3344.26
 0.766185  0.146599  0.608413  0.170738   0.38483 0.0850486   3344.08
 0.771181  0.161132  0.712785  0.214265  0.482905  0.101233   3336.16
 0.742772  0.174339  0.700001  0.212648  0.510756 0.0987388   3334.27
 0.763896  0.161281  0.693311   0.19066  0.497516 0.0991584   3332.05
 0.758023  0.130685  0.679718  0.195152  0.493138 0.0965202   3329.54
 0.780101  0.131249  0.680803  0.183341  0.450092 0.0966797   3329.03
 0.783789  0.132985  0.684006  0.183423  0.448883 0.0976578   3328.68
 0.805045  0.148932  0.686997  0.174557  0.448412 0.0979254   3328.62
 0.803125  0.148793  0.685623  0.177216  0.447696 0.0975353   3328.38
 0.796362  0.149109  0.688427   0.18185  0.453996 0.0980675   3328.36
   0.8306  0.131405  0.688457  0.180518   0.45003 0.0979162   3327.48
  0.82243  0.121643  0.688594   0.17875  0.445629 0.0987837   3326.95
 0.821807  0.125218  0.690514  0.182762  0.451515 0.0986615   3326.75
 0.864964  0.132409  0.690956  0.180072  0.451123 0.0989751   3325.81
 0.867736  0.132704  0.691153  0.181689  0.450422 0.0990207    3325.7
 0.867179  0.128259  0.689977  0.181472  0.450578 0.0989596   3325.66
 0.866826  0.115047  0.691182  0.181742  0.450926  0.098817   3325.64
 0.846841 0.0910638  0.692483  0.174296   0.44254  0.099187   3325.64
 0.842744 0.0613801   0.69649  0.176342  0.435097 0.0998791   3324.59
 0.845965 0.0627306   0.69782  0.174159  0.422845  0.100365   3324.34
 0.872017 0.0639039  0.697361  0.174374  0.429118  0.100064   3324.27
  0.86635 0.0581896  0.701623  0.174634  0.426166  0.100772   3323.92
 0.877077 0.0444955  0.696248  0.173147  0.426509  0.100418   3323.62
 0.885788 0.0399887  0.720474  0.157637  0.372756  0.104061   3322.39
 0.919601  0.040528  0.719717  0.158911  0.376137  0.103918   3322.06
 0.899239 0.0447752  0.763981  0.169831  0.386262  0.110437   3321.88
 0.895311 0.0449189  0.747406  0.166696  0.385747    0.1079   3321.82
 0.894418 0.0402133  0.742617  0.166064  0.401465  0.107132   3321.71
 0.897725 0.0417332  0.743616  0.166928  0.397106  0.107192   3321.63
 0.925219 0.0444804  0.747425  0.163964  0.394773  0.107795   3321.36
 0.913307  0.045569  0.748544  0.165237  0.394775  0.107994   3321.32
 0.908161 0.0454971  0.752546  0.166436  0.392648   0.10858   3321.27

truk:  0.515996 0.0603199  0.103199  0.896801   0.05516 0.0722394
total difference b/w truk and final GBVEC1.22432

targeted PSO has started!
Chkpt reached!
new weight matrix:
  0.0424781           0           0           0           0           0           0           0           0           0           0           0           0           0           0           0           0           0           0           0           0           0           0           0           0           0           0
          0  0.00536667           0           0           0           0           0           0           0           0           0           0           0           0           0           0           0           0           0           0           0           0           0           0           0           0           0
          0           0    0.204922           0           0           0           0           0           0           0           0           0           0           0           0           0           0           0           0           0           0           0           0           0           0           0           0
          0           0           0    0.595178           0           0           0           0           0           0           0           0           0           0           0           0           0           0           0           0           0           0           0           0           0           0           0
          0           0           0           0  0.00428099           0           0           0           0           0           0           0           0           0           0           0           0           0           0           0           0           0           0           0           0           0           0
          0           0           0           0           0   0.0307019           0           0           0           0           0           0           0           0           0           0           0           0           0           0           0           0           0           0           0           0           0
          0           0           0           0           0           0  0.00045419           0           0           0           0           0           0           0           0           0           0           0           0           0           0           0           0           0           0           0           0
          0           0           0           0           0           0           0 6.38331e-06           0           0           0           0           0           0           0           0           0           0           0           0           0           0           0           0           0           0           0
          0           0           0           0           0           0           0           0   0.0036989           0           0           0           0           0           0           0           0           0           0           0           0           0           0           0           0           0           0
          0           0           0           0           0           0           0           0           0   0.0224818           0           0           0           0           0           0           0           0           0           0           0           0           0           0           0           0           0
          0           0           0           0           0           0           0           0           0           0 3.35687e-06           0           0           0           0           0           0           0           0           0           0           0           0           0           0           0           0
          0           0           0           0           0           0           0           0           0           0           0 0.000183165           0           0           0           0           0           0           0           0           0           0           0           0           0           0           0
          0           0           0           0           0           0           0           0           0           0           0           0     1.16703           0           0           0           0           0           0           0           0           0           0           0           0           0           0
          0           0           0           0           0           0           0           0           0           0           0           0           0   0.0121851           0           0           0           0           0           0           0           0           0           0           0           0           0
          0           0           0           0           0           0           0           0           0           0           0           0           0           0  0.00744952           0           0           0           0           0           0           0           0           0           0           0           0
          0           0           0           0           0           0           0           0           0           0           0           0           0           0           0  0.00305901           0           0           0           0           0           0           0           0           0           0           0
          0           0           0           0           0           0           0           0           0           0           0           0           0           0           0           0  0.00226808           0           0           0           0           0           0           0           0           0           0
          0           0           0           0           0           0           0           0           0           0           0           0           0           0           0           0           0 0.000222483           0           0           0           0           0           0           0           0           0
          0           0           0           0           0           0           0           0           0           0           0           0           0           0           0           0           0           0  0.00750075           0           0           0           0           0           0           0           0
          0           0           0           0           0           0           0           0           0           0           0           0           0           0           0           0           0           0           0 4.65528e-06           0           0           0           0           0           0           0
          0           0           0           0           0           0           0           0           0           0           0           0           0           0           0           0           0           0           0           0 3.71517e-05           0           0           0           0           0           0
          0           0           0           0           0           0           0           0           0           0           0           0           0           0           0           0           0           0           0           0           0    0.198636           0           0           0           0           0
          0           0           0           0           0           0           0           0           0           0           0           0           0           0           0           0           0           0           0           0           0           0 0.000145422           0           0           0           0
          0           0           0           0           0           0           0           0           0           0           0           0           0           0           0           0           0           0           0           0           0           0           0  0.00156474           0           0           0
          0           0           0           0           0           0           0           0           0           0           0           0           0           0           0           0           0           0           0           0           0           0           0           0  0.00504088           0           0
          0           0           0           0           0           0           0           0           0           0           0           0           0           0           0           0           0           0           0           0           0           0           0           0           0  0.00390128           0
          0           0           0           0           0           0           0           0           0           0           0           0           0           0           0           0           0           0           0           0           0           0           0           0           0           0 2.79563e-05

underflow!6.74282e-05
pos    0.91907 6.74282e-05    0.894881   0.0281135    0.427835 5.21268e-05
underflow!2.92103e-07
pos   0.885718  3.0344e-09    0.857193    0.149554    0.416748 2.92103e-07
Chkpt reached!
new weight matrix:
  0.0489673           0           0           0           0           0           0           0           0           0           0           0           0           0           0           0           0           0           0           0           0           0           0           0           0           0           0
          0  0.00349745           0           0           0           0           0           0           0           0           0           0           0           0           0           0           0           0           0           0           0           0           0           0           0           0           0
          0           0    0.130931           0           0           0           0           0           0           0           0           0           0           0           0           0           0           0           0           0           0           0           0           0           0           0           0
          0           0           0     65.4842           0           0           0           0           0           0           0           0           0           0           0           0           0           0           0           0           0           0           0           0           0           0           0
          0           0           0           0  0.00303475           0           0           0           0           0           0           0           0           0           0           0           0           0           0           0           0           0           0           0           0           0           0
          0           0           0           0           0   0.0636133           0           0           0           0           0           0           0           0           0           0           0           0           0           0           0           0           0           0           0           0           0
          0           0           0           0           0           0 0.000745722           0           0           0           0           0           0           0           0           0           0           0           0           0           0           0           0           0           0           0           0
          0           0           0           0           0           0           0  2.5222e-06           0           0           0           0           0           0           0           0           0           0           0           0           0           0           0           0           0           0           0
          0           0           0           0           0           0           0           0  0.00270594           0           0           0           0           0           0           0           0           0           0           0           0           0           0           0           0           0           0
          0           0           0           0           0           0           0           0           0     751.876           0           0           0           0           0           0           0           0           0           0           0           0           0           0           0           0           0
          0           0           0           0           0           0           0           0           0           0 1.75602e-06           0           0           0           0           0           0           0           0           0           0           0           0           0           0           0           0
          0           0           0           0           0           0           0           0           0           0           0  0.00067094           0           0           0           0           0           0           0           0           0           0           0           0           0           0           0
          0           0           0           0           0           0           0           0           0           0           0           0     1.01313           0           0           0           0           0           0           0           0           0           0           0           0           0           0
          0           0           0           0           0           0           0           0           0           0           0           0           0  0.00593356           0           0           0           0           0           0           0           0           0           0           0           0           0
          0           0           0           0           0           0           0           0           0           0           0           0           0           0    0.818348           0           0           0           0           0           0           0           0           0           0           0           0
          0           0           0           0           0           0           0           0           0           0           0           0           0           0           0  0.00486069           0           0           0           0           0           0           0           0           0           0           0
          0           0           0           0           0           0           0           0           0           0           0           0           0           0           0           0  0.00274511           0           0           0           0           0           0           0           0           0           0
          0           0           0           0           0           0           0           0           0           0           0           0           0           0           0           0           0 0.000195095           0           0           0           0           0           0           0           0           0
          0           0           0           0           0           0           0           0           0           0           0           0           0           0           0           0           0           0     4.56671           0           0           0           0           0           0           0           0
          0           0           0           0           0           0           0           0           0           0           0           0           0           0           0           0           0           0           0  2.1239e-06           0           0           0           0           0           0           0
          0           0           0           0           0           0           0           0           0           0           0           0           0           0           0           0           0           0           0           0 9.78668e-05           0           0           0           0           0           0
          0           0           0           0           0           0           0           0           0           0           0           0           0           0           0           0           0           0           0           0           0      3.5882           0           0           0           0           0
          0           0           0           0           0           0           0           0           0           0           0           0           0           0           0           0           0           0           0           0           0           0 0.000130944           0           0           0           0
          0           0           0           0           0           0           0           0           0           0           0           0           0           0           0           0           0           0           0           0           0           0           0  0.00135054           0           0           0
          0           0           0           0           0           0           0           0           0           0           0           0           0           0           0           0           0           0           0           0           0           0           0           0     2.12598           0           0
          0           0           0           0           0           0           0           0           0           0           0           0           0           0           0           0           0           0           0           0           0           0           0           0           0     1.61306           0
          0           0           0           0           0           0           0           0           0           0           0           0           0           0           0           0           0           0           0           0           0           0           0           0           0           0  6.6211e-05

underflow!-0.0878775
pos  0.905856   0.195797    0.22093   0.938176  0.0235922 -0.0878775
underflow!-0.0368109
pos  0.865716   0.194035   0.188678   0.911916 -0.0368109  0.0642226
underflow!-0.0782581
pos  0.903703   0.195717   0.241394   0.931851 -0.0782581   0.103797
underflow!-0.377216
pos 0.907482 -0.377216  0.122014   1.10239 -0.139413    0.1604
overflow!
underflow!-0.00892341
pos   0.890911    0.174593    0.220823    0.930319 -0.00892341    0.146535
Chkpt reached!
new weight matrix:
  0.0483748           0           0           0           0           0           0           0           0           0           0           0           0           0           0           0           0           0           0           0           0           0           0           0           0           0           0
          0  0.00355686           0           0           0           0           0           0           0           0           0           0           0           0           0           0           0           0           0           0           0           0           0           0           0           0           0
          0           0    0.138546           0           0           0           0           0           0           0           0           0           0           0           0           0           0           0           0           0           0           0           0           0           0           0           0
          0           0           0     88.2259           0           0           0           0           0           0           0           0           0           0           0           0           0           0           0           0           0           0           0           0           0           0           0
          0           0           0           0  0.00307339           0           0           0           0           0           0           0           0           0           0           0           0           0           0           0           0           0           0           0           0           0           0
          0           0           0           0           0   0.0604212           0           0           0           0           0           0           0           0           0           0           0           0           0           0           0           0           0           0           0           0           0
          0           0           0           0           0           0 0.000709872           0           0           0           0           0           0           0           0           0           0           0           0           0           0           0           0           0           0           0           0
          0           0           0           0           0           0           0 2.61836e-06           0           0           0           0           0           0           0           0           0           0           0           0           0           0           0           0           0           0           0
          0           0           0           0           0           0           0           0  0.00286907           0           0           0           0           0           0           0           0           0           0           0           0           0           0           0           0           0           0
          0           0           0           0           0           0           0           0           0      1421.7           0           0           0           0           0           0           0           0           0           0           0           0           0           0           0           0           0
          0           0           0           0           0           0           0           0           0           0 1.81064e-06           0           0           0           0           0           0           0           0           0           0           0           0           0           0           0           0
          0           0           0           0           0           0           0           0           0           0           0 0.000620333           0           0           0           0           0           0           0           0           0           0           0           0           0           0           0
          0           0           0           0           0           0           0           0           0           0           0           0     1.03374           0           0           0           0           0           0           0           0           0           0           0           0           0           0
          0           0           0           0           0           0           0           0           0           0           0           0           0  0.00626668           0           0           0           0           0           0           0           0           0           0           0           0           0
          0           0           0           0           0           0           0           0           0           0           0           0           0           0      1.0636           0           0           0           0           0           0           0           0           0           0           0           0
          0           0           0           0           0           0           0           0           0           0           0           0           0           0           0  0.00519995           0           0           0           0           0           0           0           0           0           0           0
          0           0           0           0           0           0           0           0           0           0           0           0           0           0           0           0   0.0025076           0           0           0           0           0           0           0           0           0           0
          0           0           0           0           0           0           0           0           0           0           0           0           0           0           0           0           0  0.00019636           0           0           0           0           0           0           0           0           0
          0           0           0           0           0           0           0           0           0           0           0           0           0           0           0           0           0           0     5.26192           0           0           0           0           0           0           0           0
          0           0           0           0           0           0           0           0           0           0           0           0           0           0           0           0           0           0           0 2.19811e-06           0           0           0           0           0           0           0
          0           0           0           0           0           0           0           0           0           0           0           0           0           0           0           0           0           0           0           0 9.18429e-05           0           0           0           0           0           0
          0           0           0           0           0           0           0           0           0           0           0           0           0           0           0           0           0           0           0           0           0     5.16043           0           0           0           0           0
          0           0           0           0           0           0           0           0           0           0           0           0           0           0           0           0           0           0           0           0           0           0 0.000132236           0           0           0           0
          0           0           0           0           0           0           0           0           0           0           0           0           0           0           0           0           0           0           0           0           0           0           0  0.00135477           0           0           0
          0           0           0           0           0           0           0           0           0           0           0           0           0           0           0           0           0           0           0           0           0           0           0           0     2.80859           0           0
          0           0           0           0           0           0           0           0           0           0           0           0           0           0           0           0           0           0           0           0           0           0           0           0           0     1.93199           0
          0           0           0           0           0           0           0           0           0           0           0           0           0           0           0           0           0           0           0           0           0           0           0           0           0           0 6.31999e-05

overflow!
overflow!
underflow!-1.12863
pos -1.1116  7.24296 -1.12863  1.35289 0.616886  3.75089
underflow!-0.0406201
pos   1.21728       -nan       -nan       -nan -0.0406201  -0.440325
overflow!
underflow!-0.0700497
pos   1.06746   0.257704 -0.0700497   0.508423 -0.0352772   0.402587
overflow!
underflow!-0.0352772
pos   1.06746   0.257704 -0.0700497   0.508423 -0.0352772   0.402587
underflow!-0.379692
pos  1.26608  0.154749  0.058574   1.11208 -0.379692  0.161555
underflow!-0.226276
pos  2.39173 -0.767463   20.8021  0.944324 -0.226276  -1.86299
underflow!-1.86299
pos  2.39173 -0.767463   20.8021  0.944324 -0.226276  -1.86299
underflow!-0.0419152
pos  0.811165  0.0560589    0.33925   0.982265  0.0160455 -0.0419152
underflow!-0.0466059
pos  0.884998   0.223346   0.197182    0.92691  0.0160683 -0.0466059
slurmstepd: error: *** JOB 1522439 ON r1pl-hpcf-n21 CANCELLED AT 2021-08-03T14:29:50 ***
Job Statistics for 1522439:
           JobID       User               Start                 End    Elapsed     MaxRSS   TotalCPU      State Exit        NodeList                                  ReqTRES 
---------------- ---------- ------------------- ------------------- ---------- ---------- ---------- ---------- ---- --------------- ---------------------------------------- 
         1522439   rsjxw007 2021-08-03T13:57:34 2021-08-03T14:29:50   00:32:16             31:53.040 CANCELLED+  0:0   r1pl-hpcf-n21         billing=1,cpu=1,mem=7812M,node=1 
   1522439.batch            2021-08-03T13:57:34 2021-08-03T14:29:51   00:32:17      1.18M  31:53.039  CANCELLED 0:15   r1pl-hpcf-n21                                          
  1522439.extern            2021-08-03T13:57:34 2021-08-03T14:29:50   00:32:16          0  00:00.001  COMPLETED  0:0   r1pl-hpcf-n21                                          
CPU Efficiency: 98.81% of 00:32:16 core-walltime
