PSO_S_ODE_NonLinear
Using two part PSO Sample Size:25000 with:27 moments.
Using Record Time:48.45
Bounds for Uniform Distribution (0,1)
Blind PSO --> nParts:3000 Nsteps:20
Targeted PSO --> nParts:60 Nsteps:1000
sdbeta:0.1
wt:
1 0 0 0 0 0 0 0 0 0 0 0 0 0 0 0 0 0 0 0 0 0 0 0 0 0 0
0 1 0 0 0 0 0 0 0 0 0 0 0 0 0 0 0 0 0 0 0 0 0 0 0 0 0
0 0 1 0 0 0 0 0 0 0 0 0 0 0 0 0 0 0 0 0 0 0 0 0 0 0 0
0 0 0 1 0 0 0 0 0 0 0 0 0 0 0 0 0 0 0 0 0 0 0 0 0 0 0
0 0 0 0 1 0 0 0 0 0 0 0 0 0 0 0 0 0 0 0 0 0 0 0 0 0 0
0 0 0 0 0 1 0 0 0 0 0 0 0 0 0 0 0 0 0 0 0 0 0 0 0 0 0
0 0 0 0 0 0 1 0 0 0 0 0 0 0 0 0 0 0 0 0 0 0 0 0 0 0 0
0 0 0 0 0 0 0 1 0 0 0 0 0 0 0 0 0 0 0 0 0 0 0 0 0 0 0
0 0 0 0 0 0 0 0 1 0 0 0 0 0 0 0 0 0 0 0 0 0 0 0 0 0 0
0 0 0 0 0 0 0 0 0 1 0 0 0 0 0 0 0 0 0 0 0 0 0 0 0 0 0
0 0 0 0 0 0 0 0 0 0 1 0 0 0 0 0 0 0 0 0 0 0 0 0 0 0 0
0 0 0 0 0 0 0 0 0 0 0 1 0 0 0 0 0 0 0 0 0 0 0 0 0 0 0
0 0 0 0 0 0 0 0 0 0 0 0 1 0 0 0 0 0 0 0 0 0 0 0 0 0 0
0 0 0 0 0 0 0 0 0 0 0 0 0 1 0 0 0 0 0 0 0 0 0 0 0 0 0
0 0 0 0 0 0 0 0 0 0 0 0 0 0 1 0 0 0 0 0 0 0 0 0 0 0 0
0 0 0 0 0 0 0 0 0 0 0 0 0 0 0 1 0 0 0 0 0 0 0 0 0 0 0
0 0 0 0 0 0 0 0 0 0 0 0 0 0 0 0 1 0 0 0 0 0 0 0 0 0 0
0 0 0 0 0 0 0 0 0 0 0 0 0 0 0 0 0 1 0 0 0 0 0 0 0 0 0
0 0 0 0 0 0 0 0 0 0 0 0 0 0 0 0 0 0 1 0 0 0 0 0 0 0 0
0 0 0 0 0 0 0 0 0 0 0 0 0 0 0 0 0 0 0 1 0 0 0 0 0 0 0
0 0 0 0 0 0 0 0 0 0 0 0 0 0 0 0 0 0 0 0 1 0 0 0 0 0 0
0 0 0 0 0 0 0 0 0 0 0 0 0 0 0 0 0 0 0 0 0 1 0 0 0 0 0
0 0 0 0 0 0 0 0 0 0 0 0 0 0 0 0 0 0 0 0 0 0 1 0 0 0 0
0 0 0 0 0 0 0 0 0 0 0 0 0 0 0 0 0 0 0 0 0 0 0 1 0 0 0
0 0 0 0 0 0 0 0 0 0 0 0 0 0 0 0 0 0 0 0 0 0 0 0 1 0 0
0 0 0 0 0 0 0 0 0 0 0 0 0 0 0 0 0 0 0 0 0 0 0 0 0 1 0
0 0 0 0 0 0 0 0 0 0 0 0 0 0 0 0 0 0 0 0 0 0 0 0 0 0 1
mu: 80 120  85
covarMat:
 50   0   0
  0 100   0
  0   0  50

Yt: 3.99672  3.44981  2.34885 0.128483  5.92715  3.31439  55.4172  98.0831  10.5164 0.019367  134.721  20.9019 0.743675  10.0009  0.68049  11.4251   14.265  12.5962 0.142682  110.822  17.4802 0.312053  23.4247  14.8249 0.474102 0.442573  32.7477
seedk:0.693925 0.910366  0.63151 0.025633 0.212768 0.123427| cost:12863
Xt: 5.82931  1.34427 0.582979  4.38803  6.31527  2.97425  80.6632  43.3797  1.22713  27.3464  101.772  31.9396  1.29529    3.415  27.4113  32.1216  17.4691  3.22443  6.93247  53.5366  16.3693  4.75264  9.20421  6.26043  39.0315  24.2672  46.8969
PSO begins!
underflow!0.00422416
pos  0.544382   0.372471   0.232254 0.00422416    0.41772   0.882966
underflow!0.00475651
pos0.00475651   0.363396   0.385308   0.524345   0.610055   0.887197
underflow!0.000641538
pos   0.901909    0.901707     0.32004 0.000641538    0.289238     0.63456
underflow!0.00425306
pos  0.945395 0.00425306   0.183154   0.301728    0.86918   0.490127
overflow!
underflow!0.00318406
pos  0.314976 0.00318406   0.957717   0.594089   0.103451   0.459533
overflow!
underflow!0.000850798
pos   0.410744   0.0128433 0.000850798    0.463262    0.716827    0.195013
overflow!
underflow!0.00415818
pos  0.380102    0.17833 0.00415818   0.321242   0.803138   0.993046
underflow!0.000363884
pos   0.866742    0.395549    0.407546 0.000363884    0.682803    0.566145
overflow!
overflow!
overflow!
overflow!
overflow!
overflow!
overflow!
underflow!0.0022589
pos 0.584062 0.0022589  0.302643   0.92285  0.884751 0.0703438
overflow!
underflow!0.00454804
pos  0.126613 0.00454804    0.56356  0.0455205   0.835457    0.15903
underflow!0.000313119
pos0.000313119    0.876597    0.487777    0.558788   0.0877124    0.850167
overflow!
overflow!
underflow!0.00424186
pos  0.922467 0.00424186   0.288194   0.967735   0.514234   0.167986
overflow!
underflow!0.000578351
pos  0.0597124    0.022324     0.84944      0.8032 0.000578351    0.811954
overflow!
overflow!
overflow!
underflow!0.00257627
pos  0.420623   0.446448   0.354448   0.936094 0.00257627    0.50995
overflow!
underflow!0.00330834
pos0.00330834   0.651452   0.435315   0.518526     0.7855    0.21279
overflow!
underflow!0.00406582
pos  0.329987   0.851081   0.281558 0.00406582   0.424655   0.348042
underflow!0.000961427
pos   0.833712    0.505986    0.548698    0.753651   0.0691987 0.000961427
underflow!0.00138208
pos 0.0226714   0.956598   0.990981   0.609751 0.00138208   0.398179
underflow!0.00300003
pos  0.316128   0.407886   0.131335   0.591161 0.00300003  0.0598274
overflow!
overflow!
underflow!0.00337348
pos  0.366042   0.220436 0.00337348   0.996087   0.666073   0.135337
overflow!
underflow!0.000977076
pos   0.120353      0.9048 0.000977076    0.428966    0.911997    0.718972
underflow!0.0020567
pos 0.120527  0.839994   0.30362  0.462169  0.941509 0.0020567
overflow!
overflow!
underflow!0.00101772
pos  0.445908  0.0084913   0.723707 0.00101772  0.0796873   0.811566
overflow!
overflow!
overflow!
underflow!0.00400612
pos 0.0527378   0.203873 0.00400612   0.505864  0.0618507   0.553459
overflow!
underflow!0.00193319
pos  0.494571 0.00193319   0.460994   0.747136   0.124213   0.106825
overflow!
underflow!0.000609858
pos   0.421792    0.118379    0.481157 0.000401791 0.000609858    0.635002
overflow!
underflow!0.0020838
pos 0.218697  0.879821  0.451879 0.0020838  0.435009   0.14086
underflow!0.00343061
pos  0.116013 0.00343061   0.371633   0.745098    0.91137   0.880033
underflow!0.000927952
pos0.000927952     0.51679     0.61752    0.408697    0.970196   0.0633721
overflow!
overflow!
overflow!
overflow!
underflow!0.00374622
pos  0.930026   0.579999   0.678637   0.137122 0.00374622  0.0869019
underflow!0.00238369
pos  0.531821 0.00238369   0.819068   0.925786   0.501486   0.905991
overflow!
overflow!
overflow!
underflow!0.00328385
pos  0.204006   0.430112   0.747844  0.0450673   0.795498 0.00328385
underflow!0.0035513
pos0.0035513  0.506996  0.405895  0.891814  0.990975  0.415447
overflow!
overflow!
overflow!
overflow!
overflow!
