PSO_S_ODE_NonLinear
Using two part PSO Sample Size:5000 with:27 moments.
Using Times:10 30 50
Bounds for Uniform Distribution (0,1)
Blind PSO --> nParts:900 Nsteps:30
Targeted PSO --> nParts:100 Nsteps:10
sdbeta:0.1
wt:
1 0 0 0 0 0 0 0 0 0 0 0 0 0 0 0 0 0 0 0 0 0 0 0 0 0 0
0 1 0 0 0 0 0 0 0 0 0 0 0 0 0 0 0 0 0 0 0 0 0 0 0 0 0
0 0 1 0 0 0 0 0 0 0 0 0 0 0 0 0 0 0 0 0 0 0 0 0 0 0 0
0 0 0 1 0 0 0 0 0 0 0 0 0 0 0 0 0 0 0 0 0 0 0 0 0 0 0
0 0 0 0 1 0 0 0 0 0 0 0 0 0 0 0 0 0 0 0 0 0 0 0 0 0 0
0 0 0 0 0 1 0 0 0 0 0 0 0 0 0 0 0 0 0 0 0 0 0 0 0 0 0
0 0 0 0 0 0 1 0 0 0 0 0 0 0 0 0 0 0 0 0 0 0 0 0 0 0 0
0 0 0 0 0 0 0 1 0 0 0 0 0 0 0 0 0 0 0 0 0 0 0 0 0 0 0
0 0 0 0 0 0 0 0 1 0 0 0 0 0 0 0 0 0 0 0 0 0 0 0 0 0 0
0 0 0 0 0 0 0 0 0 1 0 0 0 0 0 0 0 0 0 0 0 0 0 0 0 0 0
0 0 0 0 0 0 0 0 0 0 1 0 0 0 0 0 0 0 0 0 0 0 0 0 0 0 0
0 0 0 0 0 0 0 0 0 0 0 1 0 0 0 0 0 0 0 0 0 0 0 0 0 0 0
0 0 0 0 0 0 0 0 0 0 0 0 1 0 0 0 0 0 0 0 0 0 0 0 0 0 0
0 0 0 0 0 0 0 0 0 0 0 0 0 1 0 0 0 0 0 0 0 0 0 0 0 0 0
0 0 0 0 0 0 0 0 0 0 0 0 0 0 1 0 0 0 0 0 0 0 0 0 0 0 0
0 0 0 0 0 0 0 0 0 0 0 0 0 0 0 1 0 0 0 0 0 0 0 0 0 0 0
0 0 0 0 0 0 0 0 0 0 0 0 0 0 0 0 1 0 0 0 0 0 0 0 0 0 0
0 0 0 0 0 0 0 0 0 0 0 0 0 0 0 0 0 1 0 0 0 0 0 0 0 0 0
0 0 0 0 0 0 0 0 0 0 0 0 0 0 0 0 0 0 1 0 0 0 0 0 0 0 0
0 0 0 0 0 0 0 0 0 0 0 0 0 0 0 0 0 0 0 1 0 0 0 0 0 0 0
0 0 0 0 0 0 0 0 0 0 0 0 0 0 0 0 0 0 0 0 1 0 0 0 0 0 0
0 0 0 0 0 0 0 0 0 0 0 0 0 0 0 0 0 0 0 0 0 1 0 0 0 0 0
0 0 0 0 0 0 0 0 0 0 0 0 0 0 0 0 0 0 0 0 0 0 1 0 0 0 0
0 0 0 0 0 0 0 0 0 0 0 0 0 0 0 0 0 0 0 0 0 0 0 1 0 0 0
0 0 0 0 0 0 0 0 0 0 0 0 0 0 0 0 0 0 0 0 0 0 0 0 1 0 0
0 0 0 0 0 0 0 0 0 0 0 0 0 0 0 0 0 0 0 0 0 0 0 0 0 1 0
0 0 0 0 0 0 0 0 0 0 0 0 0 0 0 0 0 0 0 0 0 0 0 0 0 0 1
Reading in data!
Loading in Truk!
Calculating Yt!
Yt:  11.1758   11.7845   7.49479  0.351489   19.6307   8.69427   153.659   341.531   35.6202 0.0498743   466.398   49.4188    2.2623   29.8646   1.80585   33.9327   36.7898   43.2544  0.440151   385.226   47.3354  0.903726   79.7783   40.6561   1.39375   1.09222   89.0838
with truk cost:1328.84
Xt at truk:  11.3718   10.9266   7.68442  0.359332   18.9703   8.91658   153.082   320.215   37.6602 0.0514401   446.766   52.0686   2.31827   29.7085   1.84642   33.8732   36.5837   43.0417  0.431443   363.688   46.9412  0.946263   81.6482   42.8917   1.42915    1.1435   90.9765
seedk:0.143338 0.627698 0.526315  0.80922 0.773293 0.210089| cost:17645.6
Xt at seedk:15.4018 13.4094 3.65443 1.94613   19.01 8.87692 193.898 297.792 10.9717 1.62689 392.805 65.2974 29.3368 22.6449 14.4361 66.4178 55.7876 31.9876 6.12668 335.906 77.0259 3.09296 46.0522 26.7391 10.8465 7.57757 111.343
PSO begins!
New GBMAT from blind pso!
0.143338 0.627698 0.526315  0.80922 0.773293 0.210089  17645.6
0.143338 0.627698 0.526315  0.80922 0.773293 0.210089  17645.6


underflow!0.00390863
pos0.00390863   0.796829    0.95896   0.409972   0.352911   0.847787
overflow!
underflow!0.000792692
pos0.000792692    0.306581    0.618762    0.269378     0.63893    0.741936
overflow!
overflow!
overflow!
underflow!0.00239426
pos  0.444813    0.12668 0.00239426    0.98601   0.927697   0.536139
overflow!
underflow!6.8663e-05
pos  0.579066 6.8663e-05   0.245682   0.575332   0.638573   0.594456
overflow!
underflow!0.00202961
pos   0.35725    0.20294  0.0426213   0.212996  0.0345751 0.00202961
overflow!
overflow!
underflow!0.00493212
pos  0.124319  0.0681722  0.0807936 0.00493212    0.30822   0.806401
overflow!
overflow!
underflow!0.00280104
pos  0.798518   0.214796   0.677059   0.139066   0.790485 0.00280104
underflow!0.000110707
pos0.000110707    0.843124    0.143549    0.975422    0.587141   0.0746999
underflow!0.00186431
pos  0.724663   0.617046 0.00186431   0.964041    0.50475   0.102198
overflow!
underflow!0.00424141
pos  0.746796   0.479812   0.625725 0.00424141   0.949739   0.329637
overflow!
New GBMAT from blind pso!
 0.143338  0.627698  0.526315   0.80922  0.773293  0.210089   17645.6
 0.143338  0.627698  0.526315   0.80922  0.773293  0.210089   17645.6
 0.503051  0.264182   0.16278  0.341973 0.0861029  0.147403   483.181


overflow!
overflow!
New GBMAT from blind pso!
 0.143338  0.627698  0.526315   0.80922  0.773293  0.210089   17645.6
 0.143338  0.627698  0.526315   0.80922  0.773293  0.210089   17645.6
 0.503051  0.264182   0.16278  0.341973 0.0861029  0.147403   483.181
 0.503051  0.264182   0.16278  0.341973 0.0861029  0.147403   483.181


New GBMAT from blind pso!
 0.143338  0.627698  0.526315   0.80922  0.773293  0.210089   17645.6
 0.143338  0.627698  0.526315   0.80922  0.773293  0.210089   17645.6
 0.503051  0.264182   0.16278  0.341973 0.0861029  0.147403   483.181
 0.503051  0.264182   0.16278  0.341973 0.0861029  0.147403   483.181
 0.503051  0.264182   0.16278  0.341973 0.0861029  0.147403   483.181


New GBMAT from blind pso!
 0.143338  0.627698  0.526315   0.80922  0.773293  0.210089   17645.6
 0.143338  0.627698  0.526315   0.80922  0.773293  0.210089   17645.6
 0.503051  0.264182   0.16278  0.341973 0.0861029  0.147403   483.181
 0.503051  0.264182   0.16278  0.341973 0.0861029  0.147403   483.181
 0.503051  0.264182   0.16278  0.341973 0.0861029  0.147403   483.181
 0.596822  0.316924  0.170611  0.442598  0.103842  0.147989   462.364


New GBMAT from blind pso!
 0.143338  0.627698  0.526315   0.80922  0.773293  0.210089   17645.6
 0.143338  0.627698  0.526315   0.80922  0.773293  0.210089   17645.6
 0.503051  0.264182   0.16278  0.341973 0.0861029  0.147403   483.181
 0.503051  0.264182   0.16278  0.341973 0.0861029  0.147403   483.181
 0.503051  0.264182   0.16278  0.341973 0.0861029  0.147403   483.181
 0.596822  0.316924  0.170611  0.442598  0.103842  0.147989   462.364
  0.54117  0.340547  0.160306  0.511514  0.124674   0.14299   406.315


New GBMAT from blind pso!
 0.143338  0.627698  0.526315   0.80922  0.773293  0.210089   17645.6
 0.143338  0.627698  0.526315   0.80922  0.773293  0.210089   17645.6
 0.503051  0.264182   0.16278  0.341973 0.0861029  0.147403   483.181
 0.503051  0.264182   0.16278  0.341973 0.0861029  0.147403   483.181
 0.503051  0.264182   0.16278  0.341973 0.0861029  0.147403   483.181
 0.596822  0.316924  0.170611  0.442598  0.103842  0.147989   462.364
  0.54117  0.340547  0.160306  0.511514  0.124674   0.14299   406.315
 0.570241  0.334731  0.173477  0.463265 0.0664879  0.156421   384.908


New GBMAT from blind pso!
 0.143338  0.627698  0.526315   0.80922  0.773293  0.210089   17645.6
 0.143338  0.627698  0.526315   0.80922  0.773293  0.210089   17645.6
 0.503051  0.264182   0.16278  0.341973 0.0861029  0.147403   483.181
 0.503051  0.264182   0.16278  0.341973 0.0861029  0.147403   483.181
 0.503051  0.264182   0.16278  0.341973 0.0861029  0.147403   483.181
 0.596822  0.316924  0.170611  0.442598  0.103842  0.147989   462.364
  0.54117  0.340547  0.160306  0.511514  0.124674   0.14299   406.315
 0.570241  0.334731  0.173477  0.463265 0.0664879  0.156421   384.908
 0.570241  0.334731  0.173477  0.463265 0.0664879  0.156421   384.908


New GBMAT from blind pso!
 0.143338  0.627698  0.526315   0.80922  0.773293  0.210089   17645.6
 0.143338  0.627698  0.526315   0.80922  0.773293  0.210089   17645.6
 0.503051  0.264182   0.16278  0.341973 0.0861029  0.147403   483.181
 0.503051  0.264182   0.16278  0.341973 0.0861029  0.147403   483.181
 0.503051  0.264182   0.16278  0.341973 0.0861029  0.147403   483.181
 0.596822  0.316924  0.170611  0.442598  0.103842  0.147989   462.364
  0.54117  0.340547  0.160306  0.511514  0.124674   0.14299   406.315
 0.570241  0.334731  0.173477  0.463265 0.0664879  0.156421   384.908
 0.570241  0.334731  0.173477  0.463265 0.0664879  0.156421   384.908
 0.584716  0.337077  0.127447  0.543685  0.180828  0.107272   384.482


New GBMAT from blind pso!
 0.143338  0.627698  0.526315   0.80922  0.773293  0.210089   17645.6
 0.143338  0.627698  0.526315   0.80922  0.773293  0.210089   17645.6
 0.503051  0.264182   0.16278  0.341973 0.0861029  0.147403   483.181
 0.503051  0.264182   0.16278  0.341973 0.0861029  0.147403   483.181
 0.503051  0.264182   0.16278  0.341973 0.0861029  0.147403   483.181
 0.596822  0.316924  0.170611  0.442598  0.103842  0.147989   462.364
  0.54117  0.340547  0.160306  0.511514  0.124674   0.14299   406.315
 0.570241  0.334731  0.173477  0.463265 0.0664879  0.156421   384.908
 0.570241  0.334731  0.173477  0.463265 0.0664879  0.156421   384.908
 0.584716  0.337077  0.127447  0.543685  0.180828  0.107272   384.482
 0.563901   0.32524 0.0836106  0.518348  0.145197 0.0604146   296.979


New GBMAT from blind pso!
 0.143338  0.627698  0.526315   0.80922  0.773293  0.210089   17645.6
 0.143338  0.627698  0.526315   0.80922  0.773293  0.210089   17645.6
 0.503051  0.264182   0.16278  0.341973 0.0861029  0.147403   483.181
 0.503051  0.264182   0.16278  0.341973 0.0861029  0.147403   483.181
 0.503051  0.264182   0.16278  0.341973 0.0861029  0.147403   483.181
 0.596822  0.316924  0.170611  0.442598  0.103842  0.147989   462.364
  0.54117  0.340547  0.160306  0.511514  0.124674   0.14299   406.315
 0.570241  0.334731  0.173477  0.463265 0.0664879  0.156421   384.908
 0.570241  0.334731  0.173477  0.463265 0.0664879  0.156421   384.908
 0.584716  0.337077  0.127447  0.543685  0.180828  0.107272   384.482
 0.563901   0.32524 0.0836106  0.518348  0.145197 0.0604146   296.979
 0.563901   0.32524 0.0836106  0.518348  0.145197 0.0604146   296.979


New GBMAT from blind pso!
 0.143338  0.627698  0.526315   0.80922  0.773293  0.210089   17645.6
 0.143338  0.627698  0.526315   0.80922  0.773293  0.210089   17645.6
 0.503051  0.264182   0.16278  0.341973 0.0861029  0.147403   483.181
 0.503051  0.264182   0.16278  0.341973 0.0861029  0.147403   483.181
 0.503051  0.264182   0.16278  0.341973 0.0861029  0.147403   483.181
 0.596822  0.316924  0.170611  0.442598  0.103842  0.147989   462.364
  0.54117  0.340547  0.160306  0.511514  0.124674   0.14299   406.315
 0.570241  0.334731  0.173477  0.463265 0.0664879  0.156421   384.908
 0.570241  0.334731  0.173477  0.463265 0.0664879  0.156421   384.908
 0.584716  0.337077  0.127447  0.543685  0.180828  0.107272   384.482
 0.563901   0.32524 0.0836106  0.518348  0.145197 0.0604146   296.979
 0.563901   0.32524 0.0836106  0.518348  0.145197 0.0604146   296.979
 0.513244  0.304649 0.0834328  0.518913  0.145197 0.0587974   295.178


New GBMAT from blind pso!
 0.143338  0.627698  0.526315   0.80922  0.773293  0.210089   17645.6
 0.143338  0.627698  0.526315   0.80922  0.773293  0.210089   17645.6
 0.503051  0.264182   0.16278  0.341973 0.0861029  0.147403   483.181
 0.503051  0.264182   0.16278  0.341973 0.0861029  0.147403   483.181
 0.503051  0.264182   0.16278  0.341973 0.0861029  0.147403   483.181
 0.596822  0.316924  0.170611  0.442598  0.103842  0.147989   462.364
  0.54117  0.340547  0.160306  0.511514  0.124674   0.14299   406.315
 0.570241  0.334731  0.173477  0.463265 0.0664879  0.156421   384.908
 0.570241  0.334731  0.173477  0.463265 0.0664879  0.156421   384.908
 0.584716  0.337077  0.127447  0.543685  0.180828  0.107272   384.482
 0.563901   0.32524 0.0836106  0.518348  0.145197 0.0604146   296.979
 0.563901   0.32524 0.0836106  0.518348  0.145197 0.0604146   296.979
 0.513244  0.304649 0.0834328  0.518913  0.145197 0.0587974   295.178
 0.513244  0.304649 0.0834328  0.518913  0.145197 0.0587974   295.178


New GBMAT from blind pso!
 0.143338  0.627698  0.526315   0.80922  0.773293  0.210089   17645.6
 0.143338  0.627698  0.526315   0.80922  0.773293  0.210089   17645.6
 0.503051  0.264182   0.16278  0.341973 0.0861029  0.147403   483.181
 0.503051  0.264182   0.16278  0.341973 0.0861029  0.147403   483.181
 0.503051  0.264182   0.16278  0.341973 0.0861029  0.147403   483.181
 0.596822  0.316924  0.170611  0.442598  0.103842  0.147989   462.364
  0.54117  0.340547  0.160306  0.511514  0.124674   0.14299   406.315
 0.570241  0.334731  0.173477  0.463265 0.0664879  0.156421   384.908
 0.570241  0.334731  0.173477  0.463265 0.0664879  0.156421   384.908
 0.584716  0.337077  0.127447  0.543685  0.180828  0.107272   384.482
 0.563901   0.32524 0.0836106  0.518348  0.145197 0.0604146   296.979
 0.563901   0.32524 0.0836106  0.518348  0.145197 0.0604146   296.979
 0.513244  0.304649 0.0834328  0.518913  0.145197 0.0587974   295.178
 0.513244  0.304649 0.0834328  0.518913  0.145197 0.0587974   295.178
 0.525688  0.358314 0.0924169  0.572818  0.138324 0.0695221   293.739


New GBMAT from blind pso!
 0.143338  0.627698  0.526315   0.80922  0.773293  0.210089   17645.6
 0.143338  0.627698  0.526315   0.80922  0.773293  0.210089   17645.6
 0.503051  0.264182   0.16278  0.341973 0.0861029  0.147403   483.181
 0.503051  0.264182   0.16278  0.341973 0.0861029  0.147403   483.181
 0.503051  0.264182   0.16278  0.341973 0.0861029  0.147403   483.181
 0.596822  0.316924  0.170611  0.442598  0.103842  0.147989   462.364
  0.54117  0.340547  0.160306  0.511514  0.124674   0.14299   406.315
 0.570241  0.334731  0.173477  0.463265 0.0664879  0.156421   384.908
 0.570241  0.334731  0.173477  0.463265 0.0664879  0.156421   384.908
 0.584716  0.337077  0.127447  0.543685  0.180828  0.107272   384.482
 0.563901   0.32524 0.0836106  0.518348  0.145197 0.0604146   296.979
 0.563901   0.32524 0.0836106  0.518348  0.145197 0.0604146   296.979
 0.513244  0.304649 0.0834328  0.518913  0.145197 0.0587974   295.178
 0.513244  0.304649 0.0834328  0.518913  0.145197 0.0587974   295.178
 0.525688  0.358314 0.0924169  0.572818  0.138324 0.0695221   293.739
 0.522585  0.337474 0.0906061  0.553616  0.130203 0.0673393   286.946


New GBMAT from blind pso!
 0.143338  0.627698  0.526315   0.80922  0.773293  0.210089   17645.6
 0.143338  0.627698  0.526315   0.80922  0.773293  0.210089   17645.6
 0.503051  0.264182   0.16278  0.341973 0.0861029  0.147403   483.181
 0.503051  0.264182   0.16278  0.341973 0.0861029  0.147403   483.181
 0.503051  0.264182   0.16278  0.341973 0.0861029  0.147403   483.181
 0.596822  0.316924  0.170611  0.442598  0.103842  0.147989   462.364
  0.54117  0.340547  0.160306  0.511514  0.124674   0.14299   406.315
 0.570241  0.334731  0.173477  0.463265 0.0664879  0.156421   384.908
 0.570241  0.334731  0.173477  0.463265 0.0664879  0.156421   384.908
 0.584716  0.337077  0.127447  0.543685  0.180828  0.107272   384.482
 0.563901   0.32524 0.0836106  0.518348  0.145197 0.0604146   296.979
 0.563901   0.32524 0.0836106  0.518348  0.145197 0.0604146   296.979
 0.513244  0.304649 0.0834328  0.518913  0.145197 0.0587974   295.178
 0.513244  0.304649 0.0834328  0.518913  0.145197 0.0587974   295.178
 0.525688  0.358314 0.0924169  0.572818  0.138324 0.0695221   293.739
 0.522585  0.337474 0.0906061  0.553616  0.130203 0.0673393   286.946
  0.47048  0.326026  0.075534  0.560255   0.13967 0.0508581   267.507


slurmstepd: error: *** JOB 2004414 ON r1pl-hpcf-n21 CANCELLED AT 2021-08-29T16:37:27 ***
Job Statistics for 2004414:
           JobID       User               Start                 End    Elapsed     MaxRSS   TotalCPU      State Exit        NodeList                                  ReqTRES 
---------------- ---------- ------------------- ------------------- ---------- ---------- ---------- ---------- ---- --------------- ---------------------------------------- 
         2004414   rsjxw007 2021-08-29T15:03:11 2021-08-29T16:37:27   01:34:16              01:33:33 CANCELLED+  0:0   r1pl-hpcf-n21        billing=2,cpu=2,mem=15624M,node=1 
   2004414.batch            2021-08-29T15:03:11 2021-08-29T16:37:29   01:34:18      2.94M   01:33:33  CANCELLED 0:15   r1pl-hpcf-n21                                          
  2004414.extern            2021-08-29T15:03:11 2021-08-29T16:37:28   01:34:17          0  00:00.001  COMPLETED  0:0   r1pl-hpcf-n21                                          
CPU Efficiency: 49.62% of 03:08:32 core-walltime
