PSO_S_ODE_NonLinear
Using two part PSO Sample Size:10000 with:27 moments.
Using Times:10 30 50
Bounds for Uniform Distribution (0,1)
Blind PSO --> nParts:5 Nsteps:5
Targeted PSO --> nParts:5 Nsteps:5
sdbeta:0.1
wt:
1 0 0 0 0 0 0 0 0 0 0 0 0 0 0 0 0 0 0 0 0 0 0 0 0 0 0
0 1 0 0 0 0 0 0 0 0 0 0 0 0 0 0 0 0 0 0 0 0 0 0 0 0 0
0 0 1 0 0 0 0 0 0 0 0 0 0 0 0 0 0 0 0 0 0 0 0 0 0 0 0
0 0 0 1 0 0 0 0 0 0 0 0 0 0 0 0 0 0 0 0 0 0 0 0 0 0 0
0 0 0 0 1 0 0 0 0 0 0 0 0 0 0 0 0 0 0 0 0 0 0 0 0 0 0
0 0 0 0 0 1 0 0 0 0 0 0 0 0 0 0 0 0 0 0 0 0 0 0 0 0 0
0 0 0 0 0 0 1 0 0 0 0 0 0 0 0 0 0 0 0 0 0 0 0 0 0 0 0
0 0 0 0 0 0 0 1 0 0 0 0 0 0 0 0 0 0 0 0 0 0 0 0 0 0 0
0 0 0 0 0 0 0 0 1 0 0 0 0 0 0 0 0 0 0 0 0 0 0 0 0 0 0
0 0 0 0 0 0 0 0 0 1 0 0 0 0 0 0 0 0 0 0 0 0 0 0 0 0 0
0 0 0 0 0 0 0 0 0 0 1 0 0 0 0 0 0 0 0 0 0 0 0 0 0 0 0
0 0 0 0 0 0 0 0 0 0 0 1 0 0 0 0 0 0 0 0 0 0 0 0 0 0 0
0 0 0 0 0 0 0 0 0 0 0 0 1 0 0 0 0 0 0 0 0 0 0 0 0 0 0
0 0 0 0 0 0 0 0 0 0 0 0 0 1 0 0 0 0 0 0 0 0 0 0 0 0 0
0 0 0 0 0 0 0 0 0 0 0 0 0 0 1 0 0 0 0 0 0 0 0 0 0 0 0
0 0 0 0 0 0 0 0 0 0 0 0 0 0 0 1 0 0 0 0 0 0 0 0 0 0 0
0 0 0 0 0 0 0 0 0 0 0 0 0 0 0 0 1 0 0 0 0 0 0 0 0 0 0
0 0 0 0 0 0 0 0 0 0 0 0 0 0 0 0 0 1 0 0 0 0 0 0 0 0 0
0 0 0 0 0 0 0 0 0 0 0 0 0 0 0 0 0 0 1 0 0 0 0 0 0 0 0
0 0 0 0 0 0 0 0 0 0 0 0 0 0 0 0 0 0 0 1 0 0 0 0 0 0 0
0 0 0 0 0 0 0 0 0 0 0 0 0 0 0 0 0 0 0 0 1 0 0 0 0 0 0
0 0 0 0 0 0 0 0 0 0 0 0 0 0 0 0 0 0 0 0 0 1 0 0 0 0 0
0 0 0 0 0 0 0 0 0 0 0 0 0 0 0 0 0 0 0 0 0 0 1 0 0 0 0
0 0 0 0 0 0 0 0 0 0 0 0 0 0 0 0 0 0 0 0 0 0 0 1 0 0 0
0 0 0 0 0 0 0 0 0 0 0 0 0 0 0 0 0 0 0 0 0 0 0 0 1 0 0
0 0 0 0 0 0 0 0 0 0 0 0 0 0 0 0 0 0 0 0 0 0 0 0 0 1 0
0 0 0 0 0 0 0 0 0 0 0 0 0 0 0 0 0 0 0 0 0 0 0 0 0 0 1
Reading in data!
Loading in Truk!
Calculating Yt!
Yt:  3.48375   4.21742   2.77524  0.101386   7.09404   2.19504   45.9474   110.588   14.3597 0.0126154   158.705   9.12224   0.77333   10.2675  0.505603   11.5465   9.13771   16.4339  0.144628   127.166   12.0135  0.294022   31.0876   11.3915  0.451265  0.241321   23.6464
Xt:  3.52689   4.10139   2.81063  0.102847   7.01486   2.22427   46.8691   117.398   14.8017 0.0128613   167.598   9.31198  0.781886   10.2604  0.513787    11.556   9.11982   17.2487  0.143601    134.79   12.6161   0.30062    32.351   11.6876  0.457082  0.246579   24.5503
truk cost:472.378
Xt at seedk:4.31492 3.85037  2.0226 1.50928 7.38225 1.85688 54.7873 109.229  9.5308 2.77896 166.033 8.05819 2.41815 8.93673 8.10786 19.4627  8.2324 14.7645  3.5219 127.516 13.5554  3.9604 28.2557 8.76356 10.2613 3.64103   25.96
Xt at seedk:4.31675 3.84248 2.02077 1.51283 7.37607 1.86305 54.7923 109.107 9.52351 2.78712 165.871 8.09498 2.41794 8.93789 8.11293 19.4688 8.24033 14.7379 3.52509  127.37 13.5877 3.96368 28.2251 8.78024 10.2759 3.65433 26.0223
Xt at seedk:4.31675 3.84247 2.02077 1.51283 7.37607 1.86306 54.7923 109.107 9.52351 2.78712 165.871 8.09498 2.41794 8.93789 8.11293 19.4688 8.24033 14.7379  3.5251  127.37 13.5877 3.96368 28.2251 8.78025 10.2759 3.65434 26.0223
seedk:0.533223 0.066104 0.571922 0.165361 0.291733 0.620336| cost:5310.4
PSO begins!
New GBMAT from blind pso!
0.533223 0.066104 0.571922 0.165361 0.291733 0.620336   5310.4
0.533223 0.066104 0.571922 0.165361 0.291733 0.620336   5310.4


New GBMAT from blind pso!
0.533223 0.066104 0.571922 0.165361 0.291733 0.620336   5310.4
0.533223 0.066104 0.571922 0.165361 0.291733 0.620336   5310.4
0.626499 0.615251 0.684601 0.622671 0.112549 0.386725  2349.78


New GBMAT from blind pso!
0.533223 0.066104 0.571922 0.165361 0.291733 0.620336   5310.4
0.533223 0.066104 0.571922 0.165361 0.291733 0.620336   5310.4
0.626499 0.615251 0.684601 0.622671 0.112549 0.386725  2349.78
0.626499 0.615251 0.684601 0.622671 0.112549 0.386725  2349.78


New GBMAT from blind pso!
0.533223 0.066104 0.571922 0.165361 0.291733 0.620336   5310.4
0.533223 0.066104 0.571922 0.165361 0.291733 0.620336   5310.4
0.626499 0.615251 0.684601 0.622671 0.112549 0.386725  2349.78
0.626499 0.615251 0.684601 0.622671 0.112549 0.386725  2349.78
 0.43575 0.516238 0.605648 0.396894 0.135331 0.389025  1929.91


New GBMAT from blind pso!
0.533223 0.066104 0.571922 0.165361 0.291733 0.620336   5310.4
0.533223 0.066104 0.571922 0.165361 0.291733 0.620336   5310.4
0.626499 0.615251 0.684601 0.622671 0.112549 0.386725  2349.78
0.626499 0.615251 0.684601 0.622671 0.112549 0.386725  2349.78
 0.43575 0.516238 0.605648 0.396894 0.135331 0.389025  1929.91
0.490585 0.571956 0.636457 0.449272 0.117551 0.404556  1890.71


GBMAT from blind PSO:

0.533223 0.066104 0.571922 0.165361 0.291733 0.620336   5310.4
0.533223 0.066104 0.571922 0.165361 0.291733 0.620336   5310.4
0.626499 0.615251 0.684601 0.622671 0.112549 0.386725  2349.78
0.626499 0.615251 0.684601 0.622671 0.112549 0.386725  2349.78
 0.43575 0.516238 0.605648 0.396894 0.135331 0.389025  1929.91
0.490585 0.571956 0.636457 0.449272 0.117551 0.404556  1890.71

truk:  0.515996 0.0603199  0.103199  0.896801   0.05516 0.0722394
total difference b/w truk and final GBVEC0.86139

blind PSO FINISHED RUNNING IN 20 s TIME!
targeted PSO has started!
Updating Weight Matrix!
GBVEC AND COST:0.490585 0.571956 0.636457 0.449272 0.117551 0.404556  1890.71
Chkpt reached!
new weight matrix:
  0.0142512           0           0           0           0           0           0           0           0           0           0           0           0           0           0           0           0           0           0           0           0           0           0           0           0           0           0
          0  0.00552683           0           0           0           0           0           0           0           0           0           0           0           0           0           0           0           0           0           0           0           0           0           0           0           0           0
          0           0   0.0930631           0           0           0           0           0           0           0           0           0           0           0           0           0           0           0           0           0           0           0           0           0           0           0           0
          0           0           0     11.4489           0           0           0           0           0           0           0           0           0           0           0           0           0           0           0           0           0           0           0           0           0           0           0
          0           0           0           0  0.00472729           0           0           0           0           0           0           0           0           0           0           0           0           0           0           0           0           0           0           0           0           0           0
          0           0           0           0           0   0.0706885           0           0           0           0           0           0           0           0           0           0           0           0           0           0           0           0           0           0           0           0           0
          0           0           0           0           0           0 9.53671e-06           0           0           0           0           0           0           0           0           0           0           0           0           0           0           0           0           0           0           0           0
          0           0           0           0           0           0           0 7.07838e-07           0           0           0           0           0           0           0           0           0           0           0           0           0           0           0           0           0           0           0
          0           0           0           0           0           0           0           0 0.000455498           0           0           0           0           0           0           0           0           0           0           0           0           0           0           0           0           0           0
          0           0           0           0           0           0           0           0           0     6.34396           0           0           0           0           0           0           0           0           0           0           0           0           0           0           0           0           0
          0           0           0           0           0           0           0           0           0           0 5.84147e-07           0           0           0           0           0           0           0           0           0           0           0           0           0           0           0           0
          0           0           0           0           0           0           0           0           0           0           0 0.000235788           0           0           0           0           0           0           0           0           0           0           0           0           0           0           0
          0           0           0           0           0           0           0           0           0           0           0           0   0.0402817           0           0           0           0           0           0           0           0           0           0           0           0           0           0
          0           0           0           0           0           0           0           0           0           0           0           0           0 0.000627059           0           0           0           0           0           0           0           0           0           0           0           0           0
          0           0           0           0           0           0           0           0           0           0           0           0           0           0   0.0230572           0           0           0           0           0           0           0           0           0           0           0           0
          0           0           0           0           0           0           0           0           0           0           0           0           0           0           0 0.000480172           0           0           0           0           0           0           0           0           0           0           0
          0           0           0           0           0           0           0           0           0           0           0           0           0           0           0           0 0.000460496           0           0           0           0           0           0           0           0           0           0
          0           0           0           0           0           0           0           0           0           0           0           0           0           0           0           0           0 0.000162175           0           0           0           0           0           0           0           0           0
          0           0           0           0           0           0           0           0           0           0           0           0           0           0           0           0           0           0    0.253832           0           0           0           0           0           0           0           0
          0           0           0           0           0           0           0           0           0           0           0           0           0           0           0           0           0           0           0 6.46433e-07           0           0           0           0           0           0           0
          0           0           0           0           0           0           0           0           0           0           0           0           0           0           0           0           0           0           0           0 0.000108956           0           0           0           0           0           0
          0           0           0           0           0           0           0           0           0           0           0           0           0           0           0           0           0           0           0           0           0    0.219341           0           0           0           0           0
          0           0           0           0           0           0           0           0           0           0           0           0           0           0           0           0           0           0           0           0           0           0  8.5555e-05           0           0           0           0
          0           0           0           0           0           0           0           0           0           0           0           0           0           0           0           0           0           0           0           0           0           0           0 0.000401387           0           0           0
          0           0           0           0           0           0           0           0           0           0           0           0           0           0           0           0           0           0           0           0           0           0           0           0   0.0740619           0           0
          0           0           0           0           0           0           0           0           0           0           0           0           0           0           0           0           0           0           0           0           0           0           0           0           0   0.0910554           0
          0           0           0           0           0           0           0           0           0           0           0           0           0           0           0           0           0           0           0           0           0           0           0           0           0           0  6.0799e-05

Chkpt reached!
new weight matrix:
  0.0138895           0           0           0           0           0           0           0           0           0           0           0           0           0           0           0           0           0           0           0           0           0           0           0           0           0           0
          0  0.00586565           0           0           0           0           0           0           0           0           0           0           0           0           0           0           0           0           0           0           0           0           0           0           0           0           0
          0           0    0.108252           0           0           0           0           0           0           0           0           0           0           0           0           0           0           0           0           0           0           0           0           0           0           0           0
          0           0           0     11.4096           0           0           0           0           0           0           0           0           0           0           0           0           0           0           0           0           0           0           0           0           0           0           0
          0           0           0           0  0.00503629           0           0           0           0           0           0           0           0           0           0           0           0           0           0           0           0           0           0           0           0           0           0
          0           0           0           0           0   0.0520994           0           0           0           0           0           0           0           0           0           0           0           0           0           0           0           0           0           0           0           0           0
          0           0           0           0           0           0 9.16749e-06           0           0           0           0           0           0           0           0           0           0           0           0           0           0           0           0           0           0           0           0
          0           0           0           0           0           0           0 7.38987e-07           0           0           0           0           0           0           0           0           0           0           0           0           0           0           0           0           0           0           0
          0           0           0           0           0           0           0           0 0.000651024           0           0           0           0           0           0           0           0           0           0           0           0           0           0           0           0           0           0
          0           0           0           0           0           0           0           0           0     6.34875           0           0           0           0           0           0           0           0           0           0           0           0           0           0           0           0           0
          0           0           0           0           0           0           0           0           0           0 6.13663e-07           0           0           0           0           0           0           0           0           0           0           0           0           0           0           0           0
          0           0           0           0           0           0           0           0           0           0           0 0.000150707           0           0           0           0           0           0           0           0           0           0           0           0           0           0           0
          0           0           0           0           0           0           0           0           0           0           0           0   0.0404174           0           0           0           0           0           0           0           0           0           0           0           0           0           0
          0           0           0           0           0           0           0           0           0           0           0           0           0 0.000729634           0           0           0           0           0           0           0           0           0           0           0           0           0
          0           0           0           0           0           0           0           0           0           0           0           0           0           0   0.0228816           0           0           0           0           0           0           0           0           0           0           0           0
          0           0           0           0           0           0           0           0           0           0           0           0           0           0           0 0.000536929           0           0           0           0           0           0           0           0           0           0           0
          0           0           0           0           0           0           0           0           0           0           0           0           0           0           0           0  0.00033763           0           0           0           0           0           0           0           0           0           0
          0           0           0           0           0           0           0           0           0           0           0           0           0           0           0           0           0 0.000185674           0           0           0           0           0           0           0           0           0
          0           0           0           0           0           0           0           0           0           0           0           0           0           0           0           0           0           0    0.253607           0           0           0           0           0           0           0           0
          0           0           0           0           0           0           0           0           0           0           0           0           0           0           0           0           0           0           0   6.765e-07           0           0           0           0           0           0           0
          0           0           0           0           0           0           0           0           0           0           0           0           0           0           0           0           0           0           0           0 8.80474e-05           0           0           0           0           0           0
          0           0           0           0           0           0           0           0           0           0           0           0           0           0           0           0           0           0           0           0           0    0.218323           0           0           0           0           0
          0           0           0           0           0           0           0           0           0           0           0           0           0           0           0           0           0           0           0           0           0           0 0.000105125           0           0           0           0
          0           0           0           0           0           0           0           0           0           0           0           0           0           0           0           0           0           0           0           0           0           0           0 0.000318112           0           0           0
          0           0           0           0           0           0           0           0           0           0           0           0           0           0           0           0           0           0           0           0           0           0           0           0   0.0738247           0           0
          0           0           0           0           0           0           0           0           0           0           0           0           0           0           0           0           0           0           0           0           0           0           0           0           0   0.0888533           0
          0           0           0           0           0           0           0           0           0           0           0           0           0           0           0           0           0           0           0           0           0           0           0           0           0           0 4.98948e-05

Chkpt reached!
new weight matrix:
  0.0138914           0           0           0           0           0           0           0           0           0           0           0           0           0           0           0           0           0           0           0           0           0           0           0           0           0           0
          0  0.00594203           0           0           0           0           0           0           0           0           0           0           0           0           0           0           0           0           0           0           0           0           0           0           0           0           0
          0           0    0.109745           0           0           0           0           0           0           0           0           0           0           0           0           0           0           0           0           0           0           0           0           0           0           0           0
          0           0           0     11.4193           0           0           0           0           0           0           0           0           0           0           0           0           0           0           0           0           0           0           0           0           0           0           0
          0           0           0           0  0.00510698           0           0           0           0           0           0           0           0           0           0           0           0           0           0           0           0           0           0           0           0           0           0
          0           0           0           0           0   0.0497629           0           0           0           0           0           0           0           0           0           0           0           0           0           0           0           0           0           0           0           0           0
          0           0           0           0           0           0 9.15589e-06           0           0           0           0           0           0           0           0           0           0           0           0           0           0           0           0           0           0           0           0
          0           0           0           0           0           0           0 7.45588e-07           0           0           0           0           0           0           0           0           0           0           0           0           0           0           0           0           0           0           0
          0           0           0           0           0           0           0           0 0.000675938           0           0           0           0           0           0           0           0           0           0           0           0           0           0           0           0           0           0
          0           0           0           0           0           0           0           0           0       6.349           0           0           0           0           0           0           0           0           0           0           0           0           0           0           0           0           0
          0           0           0           0           0           0           0           0           0           0 6.19791e-07           0           0           0           0           0           0           0           0           0           0           0           0           0           0           0           0
          0           0           0           0           0           0           0           0           0           0           0 0.000139062           0           0           0           0           0           0           0           0           0           0           0           0           0           0           0
          0           0           0           0           0           0           0           0           0           0           0           0   0.0404232           0           0           0           0           0           0           0           0           0           0           0           0           0           0
          0           0           0           0           0           0           0           0           0           0           0           0           0 0.000733161           0           0           0           0           0           0           0           0           0           0           0           0           0
          0           0           0           0           0           0           0           0           0           0           0           0           0           0   0.0228757           0           0           0           0           0           0           0           0           0           0           0           0
          0           0           0           0           0           0           0           0           0           0           0           0           0           0           0 0.000538748           0           0           0           0           0           0           0           0           0           0           0
          0           0           0           0           0           0           0           0           0           0           0           0           0           0           0           0  0.00033378           0           0           0           0           0           0           0           0           0           0
          0           0           0           0           0           0           0           0           0           0           0           0           0           0           0           0           0  0.00019002           0           0           0           0           0           0           0           0           0
          0           0           0           0           0           0           0           0           0           0           0           0           0           0           0           0           0           0    0.253556           0           0           0           0           0           0           0           0
          0           0           0           0           0           0           0           0           0           0           0           0           0           0           0           0           0           0           0 6.82834e-07           0           0           0           0           0           0           0
          0           0           0           0           0           0           0           0           0           0           0           0           0           0           0           0           0           0           0           0 8.42503e-05           0           0           0           0           0           0
          0           0           0           0           0           0           0           0           0           0           0           0           0           0           0           0           0           0           0           0           0    0.218175           0           0           0           0           0
          0           0           0           0           0           0           0           0           0           0           0           0           0           0           0           0           0           0           0           0           0           0 0.000108271           0           0           0           0
          0           0           0           0           0           0           0           0           0           0           0           0           0           0           0           0           0           0           0           0           0           0           0 0.000308348           0           0           0
          0           0           0           0           0           0           0           0           0           0           0           0           0           0           0           0           0           0           0           0           0           0           0           0   0.0737953           0           0
          0           0           0           0           0           0           0           0           0           0           0           0           0           0           0           0           0           0           0           0           0           0           0           0           0   0.0886607           0
          0           0           0           0           0           0           0           0           0           0           0           0           0           0           0           0           0           0           0           0           0           0           0           0           0           0 4.80782e-05

New PBMAT:
 0.485708  0.627797  0.657107  0.419148 0.0606555  0.517187     19.22
 0.548169  0.549019  0.634842  0.551528 0.0952234  0.428766   12.6945
 0.470832  0.592109   0.59742  0.490142  0.112382  0.376663   15.3091
 0.476792   0.51804  0.695543  0.489972 0.0906523  0.316443   19.4963
 0.559775  0.566425  0.520527  0.428422 0.0785158  0.328545   14.8319

Updating Weight Matrix!
GBVEC AND COST:0.514202 0.583336 0.568487  0.54152 0.105901 0.396758  11.3241
Chkpt reached!
new weight matrix:
  0.0143513           0           0           0           0           0           0           0           0           0           0           0           0           0           0           0           0           0           0           0           0           0           0           0           0           0           0
          0  0.00546171           0           0           0           0           0           0           0           0           0           0           0           0           0           0           0           0           0           0           0           0           0           0           0           0           0
          0           0   0.0903285           0           0           0           0           0           0           0           0           0           0           0           0           0           0           0           0           0           0           0           0           0           0           0           0
          0           0           0     18.0475           0           0           0           0           0           0           0           0           0           0           0           0           0           0           0           0           0           0           0           0           0           0           0
          0           0           0           0  0.00466409           0           0           0           0           0           0           0           0           0           0           0           0           0           0           0           0           0           0           0           0           0           0
          0           0           0           0           0   0.0762246           0           0           0           0           0           0           0           0           0           0           0           0           0           0           0           0           0           0           0           0           0
          0           0           0           0           0           0  9.6319e-06           0           0           0           0           0           0           0           0           0           0           0           0           0           0           0           0           0           0           0           0
          0           0           0           0           0           0           0  6.9804e-07           0           0           0           0           0           0           0           0           0           0           0           0           0           0           0           0           0           0           0
          0           0           0           0           0           0           0           0 0.000437888           0           0           0           0           0           0           0           0           0           0           0           0           0           0           0           0           0           0
          0           0           0           0           0           0           0           0           0     17.0369           0           0           0           0           0           0           0           0           0           0           0           0           0           0           0           0           0
          0           0           0           0           0           0           0           0           0           0  5.7537e-07           0           0           0           0           0           0           0           0           0           0           0           0           0           0           0           0
          0           0           0           0           0           0           0           0           0           0           0 0.000287556           0           0           0           0           0           0           0           0           0           0           0           0           0           0           0
          0           0           0           0           0           0           0           0           0           0           0           0   0.0449089           0           0           0           0           0           0           0           0           0           0           0           0           0           0
          0           0           0           0           0           0           0           0           0           0           0           0           0  0.00060947           0           0           0           0           0           0           0           0           0           0           0           0           0
          0           0           0           0           0           0           0           0           0           0           0           0           0           0   0.0365441           0           0           0           0           0           0           0           0           0           0           0           0
          0           0           0           0           0           0           0           0           0           0           0           0           0           0           0 0.000485581           0           0           0           0           0           0           0           0           0           0           0
          0           0           0           0           0           0           0           0           0           0           0           0           0           0           0           0 0.000485857           0           0           0           0           0           0           0           0           0           0
          0           0           0           0           0           0           0           0           0           0           0           0           0           0           0           0           0 0.000156577           0           0           0           0           0           0           0           0           0
          0           0           0           0           0           0           0           0           0           0           0           0           0           0           0           0           0           0    0.443556           0           0           0           0           0           0           0           0
          0           0           0           0           0           0           0           0           0           0           0           0           0           0           0           0           0           0           0 6.37176e-07           0           0           0           0           0           0           0
          0           0           0           0           0           0           0           0           0           0           0           0           0           0           0           0           0           0           0           0 0.000120403           0           0           0           0           0           0
          0           0           0           0           0           0           0           0           0           0           0           0           0           0           0           0           0           0           0           0           0    0.345497           0           0           0           0           0
          0           0           0           0           0           0           0           0           0           0           0           0           0           0           0           0           0           0           0           0           0           0 8.23826e-05           0           0           0           0
          0           0           0           0           0           0           0           0           0           0           0           0           0           0           0           0           0           0           0           0           0           0           0 0.000413956           0           0           0
          0           0           0           0           0           0           0           0           0           0           0           0           0           0           0           0           0           0           0           0           0           0           0           0    0.128041           0           0
          0           0           0           0           0           0           0           0           0           0           0           0           0           0           0           0           0           0           0           0           0           0           0           0           0    0.174556           0
          0           0           0           0           0           0           0           0           0           0           0           0           0           0           0           0           0           0           0           0           0           0           0           0           0           0 6.61686e-05

Chkpt reached!
new weight matrix:
  0.0139847           0           0           0           0           0           0           0           0           0           0           0           0           0           0           0           0           0           0           0           0           0           0           0           0           0           0
          0  0.00579303           0           0           0           0           0           0           0           0           0           0           0           0           0           0           0           0           0           0           0           0           0           0           0           0           0
          0           0    0.104597           0           0           0           0           0           0           0           0           0           0           0           0           0           0           0           0           0           0           0           0           0           0           0           0
          0           0           0     17.9142           0           0           0           0           0           0           0           0           0           0           0           0           0           0           0           0           0           0           0           0           0           0           0
          0           0           0           0   0.0049654           0           0           0           0           0           0           0           0           0           0           0           0           0           0           0           0           0           0           0           0           0           0
          0           0           0           0           0     0.05506           0           0           0           0           0           0           0           0           0           0           0           0           0           0           0           0           0           0           0           0           0
          0           0           0           0           0           0 9.25539e-06           0           0           0           0           0           0           0           0           0           0           0           0           0           0           0           0           0           0           0           0
          0           0           0           0           0           0           0 7.28364e-07           0           0           0           0           0           0           0           0           0           0           0           0           0           0           0           0           0           0           0
          0           0           0           0           0           0           0           0 0.000615995           0           0           0           0           0           0           0           0           0           0           0           0           0           0           0           0           0           0
          0           0           0           0           0           0           0           0           0     17.0409           0           0           0           0           0           0           0           0           0           0           0           0           0           0           0           0           0
          0           0           0           0           0           0           0           0           0           0 6.04054e-07           0           0           0           0           0           0           0           0           0           0           0           0           0           0           0           0
          0           0           0           0           0           0           0           0           0           0           0 0.000170704           0           0           0           0           0           0           0           0           0           0           0           0           0           0           0
          0           0           0           0           0           0           0           0           0           0           0           0   0.0450734           0           0           0           0           0           0           0           0           0           0           0           0           0           0
          0           0           0           0           0           0           0           0           0           0           0           0           0 0.000705974           0           0           0           0           0           0           0           0           0           0           0           0           0
          0           0           0           0           0           0           0           0           0           0           0           0           0           0   0.0361005           0           0           0           0           0           0           0           0           0           0           0           0
          0           0           0           0           0           0           0           0           0           0           0           0           0           0           0 0.000543686           0           0           0           0           0           0           0           0           0           0           0
          0           0           0           0           0           0           0           0           0           0           0           0           0           0           0           0 0.000351101           0           0           0           0           0           0           0           0           0           0
          0           0           0           0           0           0           0           0           0           0           0           0           0           0           0           0           0 0.000178527           0           0           0           0           0           0           0           0           0
          0           0           0           0           0           0           0           0           0           0           0           0           0           0           0           0           0           0    0.442992           0           0           0           0           0           0           0           0
          0           0           0           0           0           0           0           0           0           0           0           0           0           0           0           0           0           0           0 6.66426e-07           0           0           0           0           0           0           0
          0           0           0           0           0           0           0           0           0           0           0           0           0           0           0           0           0           0           0           0 9.54413e-05           0           0           0           0           0           0
          0           0           0           0           0           0           0           0           0           0           0           0           0           0           0           0           0           0           0           0           0    0.343338           0           0           0           0           0
          0           0           0           0           0           0           0           0           0           0           0           0           0           0           0           0           0           0           0           0           0           0  0.00010047           0           0           0           0
          0           0           0           0           0           0           0           0           0           0           0           0           0           0           0           0           0           0           0           0           0           0           0 0.000325762           0           0           0
          0           0           0           0           0           0           0           0           0           0           0           0           0           0           0           0           0           0           0           0           0           0           0           0    0.127493           0           0
          0           0           0           0           0           0           0           0           0           0           0           0           0           0           0           0           0           0           0           0           0           0           0           0           0    0.167862           0
          0           0           0           0           0           0           0           0           0           0           0           0           0           0           0           0           0           0           0           0           0           0           0           0           0           0 5.34722e-05

Chkpt reached!
new weight matrix:
  0.0139865           0           0           0           0           0           0           0           0           0           0           0           0           0           0           0           0           0           0           0           0           0           0           0           0           0           0
          0  0.00586755           0           0           0           0           0           0           0           0           0           0           0           0           0           0           0           0           0           0           0           0           0           0           0           0           0
          0           0    0.105989           0           0           0           0           0           0           0           0           0           0           0           0           0           0           0           0           0           0           0           0           0           0           0           0
          0           0           0     17.9372           0           0           0           0           0           0           0           0           0           0           0           0           0           0           0           0           0           0           0           0           0           0           0
          0           0           0           0  0.00503413           0           0           0           0           0           0           0           0           0           0           0           0           0           0           0           0           0           0           0           0           0           0
          0           0           0           0           0   0.0524603           0           0           0           0           0           0           0           0           0           0           0           0           0           0           0           0           0           0           0           0           0
          0           0           0           0           0           0 9.24357e-06           0           0           0           0           0           0           0           0           0           0           0           0           0           0           0           0           0           0           0           0
          0           0           0           0           0           0           0 7.34779e-07           0           0           0           0           0           0           0           0           0           0           0           0           0           0           0           0           0           0           0
          0           0           0           0           0           0           0           0  0.00063825           0           0           0           0           0           0           0           0           0           0           0           0           0           0           0           0           0           0
          0           0           0           0           0           0           0           0           0      17.042           0           0           0           0           0           0           0           0           0           0           0           0           0           0           0           0           0
          0           0           0           0           0           0           0           0           0           0 6.09992e-07           0           0           0           0           0           0           0           0           0           0           0           0           0           0           0           0
          0           0           0           0           0           0           0           0           0           0           0 0.000155935           0           0           0           0           0           0           0           0           0           0           0           0           0           0           0
          0           0           0           0           0           0           0           0           0           0           0           0   0.0450805           0           0           0           0           0           0           0           0           0           0           0           0           0           0
          0           0           0           0           0           0           0           0           0           0           0           0           0 0.000709292           0           0           0           0           0           0           0           0           0           0           0           0           0
          0           0           0           0           0           0           0           0           0           0           0           0           0           0   0.0360854           0           0           0           0           0           0           0           0           0           0           0           0
          0           0           0           0           0           0           0           0           0           0           0           0           0           0           0 0.000545555           0           0           0           0           0           0           0           0           0           0           0
          0           0           0           0           0           0           0           0           0           0           0           0           0           0           0           0 0.000346937           0           0           0           0           0           0           0           0           0           0
          0           0           0           0           0           0           0           0           0           0           0           0           0           0           0           0           0 0.000182545           0           0           0           0           0           0           0           0           0
          0           0           0           0           0           0           0           0           0           0           0           0           0           0           0           0           0           0    0.442815           0           0           0           0           0           0           0           0
          0           0           0           0           0           0           0           0           0           0           0           0           0           0           0           0           0           0           0 6.72575e-07           0           0           0           0           0           0           0
          0           0           0           0           0           0           0           0           0           0           0           0           0           0           0           0           0           0           0           0 9.09981e-05           0           0           0           0           0           0
          0           0           0           0           0           0           0           0           0           0           0           0           0           0           0           0           0           0           0           0           0    0.342967           0           0           0           0           0
          0           0           0           0           0           0           0           0           0           0           0           0           0           0           0           0           0           0           0           0           0           0 0.000103341           0           0           0           0
          0           0           0           0           0           0           0           0           0           0           0           0           0           0           0           0           0           0           0           0           0           0           0 0.000315541           0           0           0
          0           0           0           0           0           0           0           0           0           0           0           0           0           0           0           0           0           0           0           0           0           0           0           0    0.127406           0           0
          0           0           0           0           0           0           0           0           0           0           0           0           0           0           0           0           0           0           0           0           0           0           0           0           0    0.167168           0
          0           0           0           0           0           0           0           0           0           0           0           0           0           0           0           0           0           0           0           0           0           0           0           0           0           0 5.13931e-05

GBMAT after targeted PSO:
 0.533223  0.066104  0.571922  0.165361  0.291733  0.620336    5310.4
 0.533223  0.066104  0.571922  0.165361  0.291733  0.620336    5310.4
 0.626499  0.615251  0.684601  0.622671  0.112549  0.386725   2349.78
 0.626499  0.615251  0.684601  0.622671  0.112549  0.386725   2349.78
  0.43575  0.516238  0.605648  0.396894  0.135331  0.389025   1929.91
 0.490585  0.571956  0.636457  0.449272  0.117551  0.404556   1890.71
 0.490585  0.571956  0.636457  0.449272  0.117551  0.404556   20.5765
 0.490585  0.571956  0.636457  0.449272  0.117551  0.404556   20.5765
 0.514202  0.583336  0.568487   0.54152  0.105901  0.396758   11.3241
 0.514202  0.583336  0.568487   0.54152  0.105901  0.396758    19.075
 0.514202  0.583336  0.568487   0.54152  0.105901  0.396758    19.075
 0.485249  0.587511   0.50461  0.543673 0.0972433  0.409174   14.1855
  0.48753  0.587511  0.500056  0.556982 0.0874454  0.392316   12.8284
truk:  0.515996 0.0603199  0.103199  0.896801   0.05516 0.0722394
total difference b/w truk and final GBVEC:0.655204
CODE FINISHED RUNNING IN 40 s TIME!
Job Statistics for 2005029:
           JobID       User               Start                 End    Elapsed     MaxRSS   TotalCPU      State Exit        NodeList                                  ReqTRES 
---------------- ---------- ------------------- ------------------- ---------- ---------- ---------- ---------- ---- --------------- ---------------------------------------- 
         2005029   rsjxw007 2021-08-29T16:51:01 2021-08-29T16:51:42   00:00:41             00:40.739  COMPLETED  0:0   r1pl-hpcf-n21        billing=2,cpu=2,mem=15624M,node=1 
   2005029.batch            2021-08-29T16:51:01 2021-08-29T16:51:42   00:00:41      4.47M  00:40.737  COMPLETED  0:0   r1pl-hpcf-n21                                          
  2005029.extern            2021-08-29T16:51:01 2021-08-29T16:51:42   00:00:41          0  00:00.001  COMPLETED  0:0   r1pl-hpcf-n21                                          
CPU Efficiency: 50.00% of 00:01:22 core-walltime
