PSO_S_ODE_NonLinear
Using two part PSO Sample Size:5000 with:27 moments.
Using Times:10 30 50
Bounds for Uniform Distribution (0,1)
Blind PSO --> nParts:1000 Nsteps:10
Targeted PSO --> nParts:10 Nsteps:100
sdbeta:0.1
wt:
1 0 0 0 0 0 0 0 0 0 0 0 0 0 0 0 0 0 0 0 0 0 0 0 0 0 0
0 1 0 0 0 0 0 0 0 0 0 0 0 0 0 0 0 0 0 0 0 0 0 0 0 0 0
0 0 1 0 0 0 0 0 0 0 0 0 0 0 0 0 0 0 0 0 0 0 0 0 0 0 0
0 0 0 1 0 0 0 0 0 0 0 0 0 0 0 0 0 0 0 0 0 0 0 0 0 0 0
0 0 0 0 1 0 0 0 0 0 0 0 0 0 0 0 0 0 0 0 0 0 0 0 0 0 0
0 0 0 0 0 1 0 0 0 0 0 0 0 0 0 0 0 0 0 0 0 0 0 0 0 0 0
0 0 0 0 0 0 1 0 0 0 0 0 0 0 0 0 0 0 0 0 0 0 0 0 0 0 0
0 0 0 0 0 0 0 1 0 0 0 0 0 0 0 0 0 0 0 0 0 0 0 0 0 0 0
0 0 0 0 0 0 0 0 1 0 0 0 0 0 0 0 0 0 0 0 0 0 0 0 0 0 0
0 0 0 0 0 0 0 0 0 1 0 0 0 0 0 0 0 0 0 0 0 0 0 0 0 0 0
0 0 0 0 0 0 0 0 0 0 1 0 0 0 0 0 0 0 0 0 0 0 0 0 0 0 0
0 0 0 0 0 0 0 0 0 0 0 1 0 0 0 0 0 0 0 0 0 0 0 0 0 0 0
0 0 0 0 0 0 0 0 0 0 0 0 1 0 0 0 0 0 0 0 0 0 0 0 0 0 0
0 0 0 0 0 0 0 0 0 0 0 0 0 1 0 0 0 0 0 0 0 0 0 0 0 0 0
0 0 0 0 0 0 0 0 0 0 0 0 0 0 1 0 0 0 0 0 0 0 0 0 0 0 0
0 0 0 0 0 0 0 0 0 0 0 0 0 0 0 1 0 0 0 0 0 0 0 0 0 0 0
0 0 0 0 0 0 0 0 0 0 0 0 0 0 0 0 1 0 0 0 0 0 0 0 0 0 0
0 0 0 0 0 0 0 0 0 0 0 0 0 0 0 0 0 1 0 0 0 0 0 0 0 0 0
0 0 0 0 0 0 0 0 0 0 0 0 0 0 0 0 0 0 1 0 0 0 0 0 0 0 0
0 0 0 0 0 0 0 0 0 0 0 0 0 0 0 0 0 0 0 1 0 0 0 0 0 0 0
0 0 0 0 0 0 0 0 0 0 0 0 0 0 0 0 0 0 0 0 1 0 0 0 0 0 0
0 0 0 0 0 0 0 0 0 0 0 0 0 0 0 0 0 0 0 0 0 1 0 0 0 0 0
0 0 0 0 0 0 0 0 0 0 0 0 0 0 0 0 0 0 0 0 0 0 1 0 0 0 0
0 0 0 0 0 0 0 0 0 0 0 0 0 0 0 0 0 0 0 0 0 0 0 1 0 0 0
0 0 0 0 0 0 0 0 0 0 0 0 0 0 0 0 0 0 0 0 0 0 0 0 1 0 0
0 0 0 0 0 0 0 0 0 0 0 0 0 0 0 0 0 0 0 0 0 0 0 0 0 1 0
0 0 0 0 0 0 0 0 0 0 0 0 0 0 0 0 0 0 0 0 0 0 0 0 0 0 1
mu: 80 120  85
covarMat:
 50   0   0
  0 100   0
  0   0  50

Yt:  11.1758   11.7845   7.49479  0.351489   19.6307   8.69427   153.659   341.531   35.6202 0.0498743   466.398   49.4188    2.2623   29.8646   1.80585   33.9327   36.7898   43.2544  0.440151   385.226   47.3354  0.903726   79.7783   40.6561   1.39375   1.09222   89.0838
with truk cost:1328.84
seedk: 0.637286  0.749234  0.392129 0.0991612  0.884252  0.642491| cost:20547.9
Xt:13.3399 12.3337 5.71637 6.39366 24.4437 3.44318 170.924 348.941 27.3155 17.1357 559.739 10.0622 10.2211 25.9598 35.0016 71.1825 15.7276  47.204 18.9789 415.124 28.6435 16.9904   91.51 16.5767  53.105  10.273 55.4932
PSO begins!
New GBMAT from blind pso!
 0.637286  0.749234  0.392129 0.0991612  0.884252  0.642491   20547.9
 0.637286  0.749234  0.392129 0.0991612  0.884252  0.642491   20547.9


overflow!
underflow!0.00108922
pos  0.593354  0.0655096   0.453681 0.00108922   0.898314   0.913978
underflow!0.00421157
pos  0.636586   0.820928 0.00506431   0.106489    0.39198 0.00421157
underflow!0.00265907
pos0.00265907   0.501853   0.594496  0.0946352   0.446499   0.144964
overflow!
overflow!
underflow!0.00258741
pos  0.657875   0.830203   0.393079   0.832858   0.386904 0.00258741
underflow!0.00293216
pos  0.820875 0.00293216   0.514714   0.479713   0.939139   0.346637
underflow!0.00427981
pos  0.446759   0.696763    0.88491 0.00427981   0.642775    0.83393
overflow!
underflow!0.00100915
pos0.00100915   0.729897   0.264873   0.840538  0.0371817   0.641942
underflow!0.00226574
pos  0.177212  0.0942338   0.228032  0.0545478 0.00226574   0.694669
underflow!0.004265
pos0.004265 0.876496 0.572058 0.805435 0.236923  0.77195
underflow!0.00268026
pos  0.103808   0.712761   0.895576   0.682228 0.00268026   0.118555
overflow!
underflow!0.00126757
pos  0.751519 0.00126757   0.703719   0.649031   0.333106  0.0806735
overflow!
underflow!0.00499555
pos0.00499555   0.189865   0.468808   0.458211   0.361133    0.44522
underflow!0.00123569
pos 0.0574491   0.582674   0.844774   0.363584 0.00123569   0.691692
underflow!0.00309226
pos   0.61431    0.28702   0.779836   0.442123 0.00309226   0.326373
underflow!0.00382049
pos0.00382049 0.00553648  0.0587207   0.106538   0.436961    0.18936
underflow!0.00471559
pos0.00471559    0.48151   0.678287   0.598661   0.704447   0.904228
underflow!0.00374849
pos  0.315706 0.00374849   0.464157   0.235395   0.854606   0.790029
underflow!0.00388878
pos  0.514054   0.411938  0.0694916 0.00388878   0.128254    0.77132
underflow!0.0011584
pos0.0011584  0.232637  0.295421  0.876506  0.815169  0.946154
overflow!
underflow!0.000787094
pos0.000787094    0.711798    0.968247    0.468518    0.211006    0.884833
New GBMAT from blind pso!
 0.637286  0.749234  0.392129 0.0991612  0.884252  0.642491   20547.9
 0.637286  0.749234  0.392129 0.0991612  0.884252  0.642491   20547.9
 0.556488  0.330905   0.33947  0.907165  0.213184  0.312093   480.386


New GBMAT from blind pso!
 0.637286  0.749234  0.392129 0.0991612  0.884252  0.642491   20547.9
 0.637286  0.749234  0.392129 0.0991612  0.884252  0.642491   20547.9
 0.556488  0.330905   0.33947  0.907165  0.213184  0.312093   480.386
 0.563291  0.309882  0.344336  0.926615   0.21189  0.323776   474.568


New GBMAT from blind pso!
 0.637286  0.749234  0.392129 0.0991612  0.884252  0.642491   20547.9
 0.637286  0.749234  0.392129 0.0991612  0.884252  0.642491   20547.9
 0.556488  0.330905   0.33947  0.907165  0.213184  0.312093   480.386
 0.563291  0.309882  0.344336  0.926615   0.21189  0.323776   474.568
 0.563291  0.309882  0.344336  0.926615   0.21189  0.323776   474.568


New GBMAT from blind pso!
 0.637286  0.749234  0.392129 0.0991612  0.884252  0.642491   20547.9
 0.637286  0.749234  0.392129 0.0991612  0.884252  0.642491   20547.9
 0.556488  0.330905   0.33947  0.907165  0.213184  0.312093   480.386
 0.563291  0.309882  0.344336  0.926615   0.21189  0.323776   474.568
 0.563291  0.309882  0.344336  0.926615   0.21189  0.323776   474.568
 0.659136  0.285658  0.304031  0.778019  0.184284  0.289439    453.59


New GBMAT from blind pso!
 0.637286  0.749234  0.392129 0.0991612  0.884252  0.642491   20547.9
 0.637286  0.749234  0.392129 0.0991612  0.884252  0.642491   20547.9
 0.556488  0.330905   0.33947  0.907165  0.213184  0.312093   480.386
 0.563291  0.309882  0.344336  0.926615   0.21189  0.323776   474.568
 0.563291  0.309882  0.344336  0.926615   0.21189  0.323776   474.568
 0.659136  0.285658  0.304031  0.778019  0.184284  0.289439    453.59
 0.701342  0.274536  0.302441  0.809414  0.183258  0.287498   441.405


New GBMAT from blind pso!
 0.637286  0.749234  0.392129 0.0991612  0.884252  0.642491   20547.9
 0.637286  0.749234  0.392129 0.0991612  0.884252  0.642491   20547.9
 0.556488  0.330905   0.33947  0.907165  0.213184  0.312093   480.386
 0.563291  0.309882  0.344336  0.926615   0.21189  0.323776   474.568
 0.563291  0.309882  0.344336  0.926615   0.21189  0.323776   474.568
 0.659136  0.285658  0.304031  0.778019  0.184284  0.289439    453.59
 0.701342  0.274536  0.302441  0.809414  0.183258  0.287498   441.405
 0.687162  0.277892   0.29714  0.801079  0.170806  0.283069   433.907


New GBMAT from blind pso!
 0.637286  0.749234  0.392129 0.0991612  0.884252  0.642491   20547.9
 0.637286  0.749234  0.392129 0.0991612  0.884252  0.642491   20547.9
 0.556488  0.330905   0.33947  0.907165  0.213184  0.312093   480.386
 0.563291  0.309882  0.344336  0.926615   0.21189  0.323776   474.568
 0.563291  0.309882  0.344336  0.926615   0.21189  0.323776   474.568
 0.659136  0.285658  0.304031  0.778019  0.184284  0.289439    453.59
 0.701342  0.274536  0.302441  0.809414  0.183258  0.287498   441.405
 0.687162  0.277892   0.29714  0.801079  0.170806  0.283069   433.907
 0.588876  0.265232  0.248158  0.820824  0.147013   0.22931   392.579


New GBMAT from blind pso!
 0.637286  0.749234  0.392129 0.0991612  0.884252  0.642491   20547.9
 0.637286  0.749234  0.392129 0.0991612  0.884252  0.642491   20547.9
 0.556488  0.330905   0.33947  0.907165  0.213184  0.312093   480.386
 0.563291  0.309882  0.344336  0.926615   0.21189  0.323776   474.568
 0.563291  0.309882  0.344336  0.926615   0.21189  0.323776   474.568
 0.659136  0.285658  0.304031  0.778019  0.184284  0.289439    453.59
 0.701342  0.274536  0.302441  0.809414  0.183258  0.287498   441.405
 0.687162  0.277892   0.29714  0.801079  0.170806  0.283069   433.907
 0.588876  0.265232  0.248158  0.820824  0.147013   0.22931   392.579
 0.618663  0.269566  0.234694  0.795682  0.142477  0.219263   382.661


New GBMAT from blind pso!
 0.637286  0.749234  0.392129 0.0991612  0.884252  0.642491   20547.9
 0.637286  0.749234  0.392129 0.0991612  0.884252  0.642491   20547.9
 0.556488  0.330905   0.33947  0.907165  0.213184  0.312093   480.386
 0.563291  0.309882  0.344336  0.926615   0.21189  0.323776   474.568
 0.563291  0.309882  0.344336  0.926615   0.21189  0.323776   474.568
 0.659136  0.285658  0.304031  0.778019  0.184284  0.289439    453.59
 0.701342  0.274536  0.302441  0.809414  0.183258  0.287498   441.405
 0.687162  0.277892   0.29714  0.801079  0.170806  0.283069   433.907
 0.588876  0.265232  0.248158  0.820824  0.147013   0.22931   392.579
 0.618663  0.269566  0.234694  0.795682  0.142477  0.219263   382.661
 0.611181   0.26864  0.238785  0.801733  0.127947  0.223211   377.121


GBMAT from blind PSO:

 0.637286  0.749234  0.392129 0.0991612  0.884252  0.642491   20547.9
 0.637286  0.749234  0.392129 0.0991612  0.884252  0.642491   20547.9
 0.556488  0.330905   0.33947  0.907165  0.213184  0.312093   480.386
 0.563291  0.309882  0.344336  0.926615   0.21189  0.323776   474.568
 0.563291  0.309882  0.344336  0.926615   0.21189  0.323776   474.568
 0.659136  0.285658  0.304031  0.778019  0.184284  0.289439    453.59
 0.701342  0.274536  0.302441  0.809414  0.183258  0.287498   441.405
 0.687162  0.277892   0.29714  0.801079  0.170806  0.283069   433.907
 0.588876  0.265232  0.248158  0.820824  0.147013   0.22931   392.579
 0.618663  0.269566  0.234694  0.795682  0.142477  0.219263   382.661
 0.611181   0.26864  0.238785  0.801733  0.127947  0.223211   377.121

truk:  0.515996 0.0603199  0.103199  0.896801   0.05516 0.0722394
total difference b/w truk and final GBVEC0.107969

blind PSO FINISHED RUNNING IN 4330 s TIME!
targeted PSO has started!
Updating Weight Matrix!
GBVEC AND COST:0.611181  0.26864 0.238785 0.801733 0.127947 0.223211  377.121
Chkpt reached!
new weight matrix:
  0.0139311           0           0           0           0           0           0           0           0           0           0           0           0           0           0           0           0           0           0           0           0           0           0           0           0           0           0
          0  0.00485449           0           0           0           0           0           0           0           0           0           0           0           0           0           0           0           0           0           0           0           0           0           0           0           0           0
          0           0     0.07852           0           0           0           0           0           0           0           0           0           0           0           0           0           0           0           0           0           0           0           0           0           0           0           0
          0           0           0     71.1456           0           0           0           0           0           0           0           0           0           0           0           0           0           0           0           0           0           0           0           0           0           0           0
          0           0           0           0  0.00417173           0           0           0           0           0           0           0           0           0           0           0           0           0           0           0           0           0           0           0           0           0           0
          0           0           0           0           0   0.0975163           0           0           0           0           0           0           0           0           0           0           0           0           0           0           0           0           0           0           0           0           0
          0           0           0           0           0           0 7.64172e-06           0           0           0           0           0           0           0           0           0           0           0           0           0           0           0           0           0           0           0           0
          0           0           0           0           0           0           0   5.252e-07           0           0           0           0           0           0           0           0           0           0           0           0           0           0           0           0           0           0           0
          0           0           0           0           0           0           0           0 0.000333764           0           0           0           0           0           0           0           0           0           0           0           0           0           0           0           0           0           0
          0           0           0           0           0           0           0           0           0     415.214           0           0           0           0           0           0           0           0           0           0           0           0           0           0           0           0           0
          0           0           0           0           0           0           0           0           0           0 4.45036e-07           0           0           0           0           0           0           0           0           0           0           0           0           0           0           0           0
          0           0           0           0           0           0           0           0           0           0           0 0.000510744           0           0           0           0           0           0           0           0           0           0           0           0           0           0           0
          0           0           0           0           0           0           0           0           0           0           0           0    0.216325           0           0           0           0           0           0           0           0           0           0           0           0           0           0
          0           0           0           0           0           0           0           0           0           0           0           0           0 0.000489915           0           0           0           0           0           0           0           0           0           0           0           0           0
          0           0           0           0           0           0           0           0           0           0           0           0           0           0    0.165092           0           0           0           0           0           0           0           0           0           0           0           0
          0           0           0           0           0           0           0           0           0           0           0           0           0           0           0 0.000443092           0           0           0           0           0           0           0           0           0           0           0
          0           0           0           0           0           0           0           0           0           0           0           0           0           0           0           0 0.000521542           0           0           0           0           0           0           0           0           0           0
          0           0           0           0           0           0           0           0           0           0           0           0           0           0           0           0           0  0.00014091           0           0           0           0           0           0           0           0           0
          0           0           0           0           0           0           0           0           0           0           0           0           0           0           0           0           0           0     2.74513           0           0           0           0           0           0           0           0
          0           0           0           0           0           0           0           0           0           0           0           0           0           0           0           0           0           0           0 4.85965e-07           0           0           0           0           0           0           0
          0           0           0           0           0           0           0           0           0           0           0           0           0           0           0           0           0           0           0           0  0.00019001           0           0           0           0           0           0
          0           0           0           0           0           0           0           0           0           0           0           0           0           0           0           0           0           0           0           0           0     1.27647           0           0           0           0           0
          0           0           0           0           0           0           0           0           0           0           0           0           0           0           0           0           0           0           0           0           0           0 7.07204e-05           0           0           0           0
          0           0           0           0           0           0           0           0           0           0           0           0           0           0           0           0           0           0           0           0           0           0           0 0.000423356           0           0           0
          0           0           0           0           0           0           0           0           0           0           0           0           0           0           0           0           0           0           0           0           0           0           0           0     0.70261           0           0
          0           0           0           0           0           0           0           0           0           0           0           0           0           0           0           0           0           0           0           0           0           0           0           0           0     1.30098           0
          0           0           0           0           0           0           0           0           0           0           0           0           0           0           0           0           0           0           0           0           0           0           0           0           0           0  9.3498e-05

Chkpt reached!
new weight matrix:
  0.0135494           0           0           0           0           0           0           0           0           0           0           0           0           0           0           0           0           0           0           0           0           0           0           0           0           0           0
          0  0.00517375           0           0           0           0           0           0           0           0           0           0           0           0           0           0           0           0           0           0           0           0           0           0           0           0           0
          0           0   0.0905826           0           0           0           0           0           0           0           0           0           0           0           0           0           0           0           0           0           0           0           0           0           0           0           0
          0           0           0     68.5545           0           0           0           0           0           0           0           0           0           0           0           0           0           0           0           0           0           0           0           0           0           0           0
          0           0           0           0  0.00446242           0           0           0           0           0           0           0           0           0           0           0           0           0           0           0           0           0           0           0           0           0           0
          0           0           0           0           0   0.0628823           0           0           0           0           0           0           0           0           0           0           0           0           0           0           0           0           0           0           0           0           0
          0           0           0           0           0           0 7.30282e-06           0           0           0           0           0           0           0           0           0           0           0           0           0           0           0           0           0           0           0           0
          0           0           0           0           0           0           0  5.4911e-07           0           0           0           0           0           0           0           0           0           0           0           0           0           0           0           0           0           0           0
          0           0           0           0           0           0           0           0 0.000464886           0           0           0           0           0           0           0           0           0           0           0           0           0           0           0           0           0           0
          0           0           0           0           0           0           0           0           0     396.546           0           0           0           0           0           0           0           0           0           0           0           0           0           0           0           0           0
          0           0           0           0           0           0           0           0           0           0 4.68493e-07           0           0           0           0           0           0           0           0           0           0           0           0           0           0           0           0
          0           0           0           0           0           0           0           0           0           0           0 0.000214958           0           0           0           0           0           0           0           0           0           0           0           0           0           0           0
          0           0           0           0           0           0           0           0           0           0           0           0    0.220366           0           0           0           0           0           0           0           0           0           0           0           0           0           0
          0           0           0           0           0           0           0           0           0           0           0           0           0 0.000571297           0           0           0           0           0           0           0           0           0           0           0           0           0
          0           0           0           0           0           0           0           0           0           0           0           0           0           0    0.153353           0           0           0           0           0           0           0           0           0           0           0           0
          0           0           0           0           0           0           0           0           0           0           0           0           0           0           0 0.000507068           0           0           0           0           0           0           0           0           0           0           0
          0           0           0           0           0           0           0           0           0           0           0           0           0           0           0           0 0.000344132           0           0           0           0           0           0           0           0           0           0
          0           0           0           0           0           0           0           0           0           0           0           0           0           0           0           0           0 0.000164009           0           0           0           0           0           0           0           0           0
          0           0           0           0           0           0           0           0           0           0           0           0           0           0           0           0           0           0     2.63847           0           0           0           0           0           0           0           0
          0           0           0           0           0           0           0           0           0           0           0           0           0           0           0           0           0           0           0  5.0947e-07           0           0           0           0           0           0           0
          0           0           0           0           0           0           0           0           0           0           0           0           0           0           0           0           0           0           0           0 0.000123769           0           0           0           0           0           0
          0           0           0           0           0           0           0           0           0           0           0           0           0           0           0           0           0           0           0           0           0     1.22954           0           0           0           0           0
          0           0           0           0           0           0           0           0           0           0           0           0           0           0           0           0           0           0           0           0           0           0 8.71951e-05           0           0           0           0
          0           0           0           0           0           0           0           0           0           0           0           0           0           0           0           0           0           0           0           0           0           0           0 0.000325002           0           0           0
          0           0           0           0           0           0           0           0           0           0           0           0           0           0           0           0           0           0           0           0           0           0           0           0    0.673847           0           0
          0           0           0           0           0           0           0           0           0           0           0           0           0           0           0           0           0           0           0           0           0           0           0           0           0    0.965739           0
          0           0           0           0           0           0           0           0           0           0           0           0           0           0           0           0           0           0           0           0           0           0           0           0           0           0 6.53148e-05

Chkpt reached!
new weight matrix:
  0.0135495           0           0           0           0           0           0           0           0           0           0           0           0           0           0           0           0           0           0           0           0           0           0           0           0           0           0
          0  0.00523677           0           0           0           0           0           0           0           0           0           0           0           0           0           0           0           0           0           0           0           0           0           0           0           0           0
          0           0   0.0915812           0           0           0           0           0           0           0           0           0           0           0           0           0           0           0           0           0           0           0           0           0           0           0           0
          0           0           0     68.8875           0           0           0           0           0           0           0           0           0           0           0           0           0           0           0           0           0           0           0           0           0           0           0
          0           0           0           0   0.0045202           0           0           0           0           0           0           0           0           0           0           0           0           0           0           0           0           0           0           0           0           0           0
          0           0           0           0           0   0.0595822           0           0           0           0           0           0           0           0           0           0           0           0           0           0           0           0           0           0           0           0           0
          0           0           0           0           0           0 7.29264e-06           0           0           0           0           0           0           0           0           0           0           0           0           0           0           0           0           0           0           0           0
          0           0           0           0           0           0           0 5.53432e-07           0           0           0           0           0           0           0           0           0           0           0           0           0           0           0           0           0           0           0
          0           0           0           0           0           0           0           0 0.000476959           0           0           0           0           0           0           0           0           0           0           0           0           0           0           0           0           0           0
          0           0           0           0           0           0           0           0           0      396.67           0           0           0           0           0           0           0           0           0           0           0           0           0           0           0           0           0
          0           0           0           0           0           0           0           0           0           0 4.72633e-07           0           0           0           0           0           0           0           0           0           0           0           0           0           0           0           0
          0           0           0           0           0           0           0           0           0           0           0 0.000194531           0           0           0           0           0           0           0           0           0           0           0           0           0           0           0
          0           0           0           0           0           0           0           0           0           0           0           0    0.220522           0           0           0           0           0           0           0           0           0           0           0           0           0           0
          0           0           0           0           0           0           0           0           0           0           0           0           0 0.000574069           0           0           0           0           0           0           0           0           0           0           0           0           0
          0           0           0           0           0           0           0           0           0           0           0           0           0           0    0.153035           0           0           0           0           0           0           0           0           0           0           0           0
          0           0           0           0           0           0           0           0           0           0           0           0           0           0           0 0.000509152           0           0           0           0           0           0           0           0           0           0           0
          0           0           0           0           0           0           0           0           0           0           0           0           0           0           0           0 0.000339299           0           0           0           0           0           0           0           0           0           0
          0           0           0           0           0           0           0           0           0           0           0           0           0           0           0           0           0 0.000167674           0           0           0           0           0           0           0           0           0
          0           0           0           0           0           0           0           0           0           0           0           0           0           0           0           0           0           0      2.6276           0           0           0           0           0           0           0           0
          0           0           0           0           0           0           0           0           0           0           0           0           0           0           0           0           0           0           0  5.1369e-07           0           0           0           0           0           0           0
          0           0           0           0           0           0           0           0           0           0           0           0           0           0           0           0           0           0           0           0 0.000115615           0           0           0           0           0           0
          0           0           0           0           0           0           0           0           0           0           0           0           0           0           0           0           0           0           0           0           0     1.22539           0           0           0           0           0
          0           0           0           0           0           0           0           0           0           0           0           0           0           0           0           0           0           0           0           0           0           0 8.92953e-05           0           0           0           0
          0           0           0           0           0           0           0           0           0           0           0           0           0           0           0           0           0           0           0           0           0           0           0 0.000316448           0           0           0
          0           0           0           0           0           0           0           0           0           0           0           0           0           0           0           0           0           0           0           0           0           0           0           0    0.671297           0           0
          0           0           0           0           0           0           0           0           0           0           0           0           0           0           0           0           0           0           0           0           0           0           0           0           0    0.944144           0
          0           0           0           0           0           0           0           0           0           0           0           0           0           0           0           0           0           0           0           0           0           0           0           0           0           0 6.19014e-05

New PBMAT:
 0.621284  0.258321  0.218348  0.754659 0.0575688  0.213537   4.64139
 0.617792  0.250482  0.369699  0.764215 0.0981813  0.276023   30.2796
 0.528767  0.300664  0.299115  0.847834   0.13378  0.194496   20.8758
 0.551911  0.148605  0.267794  0.809008  0.152777  0.175492   26.8322
 0.575274  0.279931  0.194502  0.778461  0.232325   0.31592   9.37321
 0.608415  0.296019  0.201331  0.892362  0.267156  0.197911   15.4315
 0.604723  0.268203  0.232788  0.797776 0.0963043  0.161862   9.92975
 0.657087  0.263004   0.21979  0.834765  0.160336  0.241551   8.75809
 0.684186  0.344402  0.212463  0.839653  0.116936  0.220112   5.64061
 0.546059  0.325722  0.183441  0.807097   0.14181  0.120742    10.689

Updating Weight Matrix!
GBVEC AND COST: 0.607569  0.317209 0.0860581  0.879274  0.193871  0.140843   1.82311
Chkpt reached!
new weight matrix:
  0.0145387           0           0           0           0           0           0           0           0           0           0           0           0           0           0           0           0           0           0           0           0           0           0           0           0           0           0
          0  0.00461969           0           0           0           0           0           0           0           0           0           0           0           0           0           0           0           0           0           0           0           0           0           0           0           0           0
          0           0   0.0683692           0           0           0           0           0           0           0           0           0           0           0           0           0           0           0           0           0           0           0           0           0           0           0           0
          0           0           0     187.904           0           0           0           0           0           0           0           0           0           0           0           0           0           0           0           0           0           0           0           0           0           0           0
          0           0           0           0  0.00394346           0           0           0           0           0           0           0           0           0           0           0           0           0           0           0           0           0           0           0           0           0           0
          0           0           0           0           0     0.16207           0           0           0           0           0           0           0           0           0           0           0           0           0           0           0           0           0           0           0           0           0
          0           0           0           0           0           0 7.98744e-06           0           0           0           0           0           0           0           0           0           0           0           0           0           0           0           0           0           0           0           0
          0           0           0           0           0           0           0 5.02508e-07           0           0           0           0           0           0           0           0           0           0           0           0           0           0           0           0           0           0           0
          0           0           0           0           0           0           0           0 0.000269381           0           0           0           0           0           0           0           0           0           0           0           0           0           0           0           0           0           0
          0           0           0           0           0           0           0           0           0     4771.16           0           0           0           0           0           0           0           0           0           0           0           0           0           0           0           0           0
          0           0           0           0           0           0           0           0           0           0 4.22058e-07           0           0           0           0           0           0           0           0           0           0           0           0           0           0           0           0
          0           0           0           0           0           0           0           0           0           0           0  0.00113274           0           0           0           0           0           0           0           0           0           0           0           0           0           0           0
          0           0           0           0           0           0           0           0           0           0           0           0    0.254194           0           0           0           0           0           0           0           0           0           0           0           0           0           0
          0           0           0           0           0           0           0           0           0           0           0           0           0 0.000431038           0           0           0           0           0           0           0           0           0           0           0           0           0
          0           0           0           0           0           0           0           0           0           0           0           0           0           0    0.496858           0           0           0           0           0           0           0           0           0           0           0           0
          0           0           0           0           0           0           0           0           0           0           0           0           0           0           0  0.00040176           0           0           0           0           0           0           0           0           0           0           0
          0           0           0           0           0           0           0           0           0           0           0           0           0           0           0           0 0.000704791           0           0           0           0           0           0           0           0           0           0
          0           0           0           0           0           0           0           0           0           0           0           0           0           0           0           0           0 0.000116954           0           0           0           0           0           0           0           0           0
          0           0           0           0           0           0           0           0           0           0           0           0           0           0           0           0           0           0     8.03452           0           0           0           0           0           0           0           0
          0           0           0           0           0           0           0           0           0           0           0           0           0           0           0           0           0           0           0  4.6338e-07           0           0           0           0           0           0           0
          0           0           0           0           0           0           0           0           0           0           0           0           0           0           0           0           0           0           0           0 0.000352057           0           0           0           0           0           0
          0           0           0           0           0           0           0           0           0           0           0           0           0           0           0           0           0           0           0           0           0     3.16559           0           0           0           0           0
          0           0           0           0           0           0           0           0           0           0           0           0           0           0           0           0           0           0           0           0           0           0 5.72126e-05           0           0           0           0
          0           0           0           0           0           0           0           0           0           0           0           0           0           0           0           0           0           0           0           0           0           0           0 0.000631292           0           0           0
          0           0           0           0           0           0           0           0           0           0           0           0           0           0           0           0           0           0           0           0           0           0           0           0     1.97524           0           0
          0           0           0           0           0           0           0           0           0           0           0           0           0           0           0           0           0           0           0           0           0           0           0           0           0     7.20872           0
          0           0           0           0           0           0           0           0           0           0           0           0           0           0           0           0           0           0           0           0           0           0           0           0           0           0 0.000164949

Chkpt reached!
new weight matrix:
  0.0139915           0           0           0           0           0           0           0           0           0           0           0           0           0           0           0           0           0           0           0           0           0           0           0           0           0           0
          0  0.00493091           0           0           0           0           0           0           0           0           0           0           0           0           0           0           0           0           0           0           0           0           0           0           0           0           0
          0           0   0.0792722           0           0           0           0           0           0           0           0           0           0           0           0           0           0           0           0           0           0           0           0           0           0           0           0
          0           0           0     150.626           0           0           0           0           0           0           0           0           0           0           0           0           0           0           0           0           0           0           0           0           0           0           0
          0           0           0           0  0.00422534           0           0           0           0           0           0           0           0           0           0           0           0           0           0           0           0           0           0           0           0           0           0
          0           0           0           0           0   0.0840032           0           0           0           0           0           0           0           0           0           0           0           0           0           0           0           0           0           0           0           0           0
          0           0           0           0           0           0 7.55567e-06           0           0           0           0           0           0           0           0           0           0           0           0           0           0           0           0           0           0           0           0
          0           0           0           0           0           0           0 5.26526e-07           0           0           0           0           0           0           0           0           0           0           0           0           0           0           0           0           0           0           0
          0           0           0           0           0           0           0           0  0.00036668           0           0           0           0           0           0           0           0           0           0           0           0           0           0           0           0           0           0
          0           0           0           0           0           0           0           0           0     2921.69           0           0           0           0           0           0           0           0           0           0           0           0           0           0           0           0           0
          0           0           0           0           0           0           0           0           0           0 4.45617e-07           0           0           0           0           0           0           0           0           0           0           0           0           0           0           0           0
          0           0           0           0           0           0           0           0           0           0           0 0.000303596           0           0           0           0           0           0           0           0           0           0           0           0           0           0           0
          0           0           0           0           0           0           0           0           0           0           0           0    0.264732           0           0           0           0           0           0           0           0           0           0           0           0           0           0
          0           0           0           0           0           0           0           0           0           0           0           0           0 0.000506847           0           0           0           0           0           0           0           0           0           0           0           0           0
          0           0           0           0           0           0           0           0           0           0           0           0           0           0    0.371195           0           0           0           0           0           0           0           0           0           0           0           0
          0           0           0           0           0           0           0           0           0           0           0           0           0           0           0 0.000464889           0           0           0           0           0           0           0           0           0           0           0
          0           0           0           0           0           0           0           0           0           0           0           0           0           0           0           0 0.000405913           0           0           0           0           0           0           0           0           0           0
          0           0           0           0           0           0           0           0           0           0           0           0           0           0           0           0           0 0.000136518           0           0           0           0           0           0           0           0           0
          0           0           0           0           0           0           0           0           0           0           0           0           0           0           0           0           0           0     6.64152           0           0           0           0           0           0           0           0
          0           0           0           0           0           0           0           0           0           0           0           0           0           0           0           0           0           0           0 4.86994e-07           0           0           0           0           0           0           0
          0           0           0           0           0           0           0           0           0           0           0           0           0           0           0           0           0           0           0           0 0.000176408           0           0           0           0           0           0
          0           0           0           0           0           0           0           0           0           0           0           0           0           0           0           0           0           0           0           0           0     2.74223           0           0           0           0           0
          0           0           0           0           0           0           0           0           0           0           0           0           0           0           0           0           0           0           0           0           0           0 7.01859e-05           0           0           0           0
          0           0           0           0           0           0           0           0           0           0           0           0           0           0           0           0           0           0           0           0           0           0           0 0.000427205           0           0           0
          0           0           0           0           0           0           0           0           0           0           0           0           0           0           0           0           0           0           0           0           0           0           0           0     1.67005           0           0
          0           0           0           0           0           0           0           0           0           0           0           0           0           0           0           0           0           0           0           0           0           0           0           0           0     2.90262           0
          0           0           0           0           0           0           0           0           0           0           0           0           0           0           0           0           0           0           0           0           0           0           0           0           0           0 9.25648e-05

Chkpt reached!
new weight matrix:
  0.0139905           0           0           0           0           0           0           0           0           0           0           0           0           0           0           0           0           0           0           0           0           0           0           0           0           0           0
          0  0.00499241           0           0           0           0           0           0           0           0           0           0           0           0           0           0           0           0           0           0           0           0           0           0           0           0           0
          0           0   0.0801041           0           0           0           0           0           0           0           0           0           0           0           0           0           0           0           0           0           0           0           0           0           0           0           0
          0           0           0     152.091           0           0           0           0           0           0           0           0           0           0           0           0           0           0           0           0           0           0           0           0           0           0           0
          0           0           0           0  0.00428121           0           0           0           0           0           0           0           0           0           0           0           0           0           0           0           0           0           0           0           0           0           0
          0           0           0           0           0   0.0779819           0           0           0           0           0           0           0           0           0           0           0           0           0           0           0           0           0           0           0           0           0
          0           0           0           0           0           0 7.54376e-06           0           0           0           0           0           0           0           0           0           0           0           0           0           0           0           0           0           0           0           0
          0           0           0           0           0           0           0 5.30876e-07           0           0           0           0           0           0           0           0           0           0           0           0           0           0           0           0           0           0           0
          0           0           0           0           0           0           0           0 0.000374849           0           0           0           0           0           0           0           0           0           0           0           0           0           0           0           0           0           0
          0           0           0           0           0           0           0           0           0     2912.71           0           0           0           0           0           0           0           0           0           0           0           0           0           0           0           0           0
          0           0           0           0           0           0           0           0           0           0 4.49752e-07           0           0           0           0           0           0           0           0           0           0           0           0           0           0           0           0
          0           0           0           0           0           0           0           0           0           0           0 0.000263992           0           0           0           0           0           0           0           0           0           0           0           0           0           0           0
          0           0           0           0           0           0           0           0           0           0           0           0    0.265125           0           0           0           0           0           0           0           0           0           0           0           0           0           0
          0           0           0           0           0           0           0           0           0           0           0           0           0 0.000509245           0           0           0           0           0           0           0           0           0           0           0           0           0
          0           0           0           0           0           0           0           0           0           0           0           0           0           0    0.368593           0           0           0           0           0           0           0           0           0           0           0           0
          0           0           0           0           0           0           0           0           0           0           0           0           0           0           0 0.000466803           0           0           0           0           0           0           0           0           0           0           0
          0           0           0           0           0           0           0           0           0           0           0           0           0           0           0           0 0.000398966           0           0           0           0           0           0           0           0           0           0
          0           0           0           0           0           0           0           0           0           0           0           0           0           0           0           0           0 0.000139513           0           0           0           0           0           0           0           0           0
          0           0           0           0           0           0           0           0           0           0           0           0           0           0           0           0           0           0     6.52301           0           0           0           0           0           0           0           0
          0           0           0           0           0           0           0           0           0           0           0           0           0           0           0           0           0           0           0 4.91228e-07           0           0           0           0           0           0           0
          0           0           0           0           0           0           0           0           0           0           0           0           0           0           0           0           0           0           0           0 0.000159509           0           0           0           0           0           0
          0           0           0           0           0           0           0           0           0           0           0           0           0           0           0           0           0           0           0           0           0     2.71186           0           0           0           0           0
          0           0           0           0           0           0           0           0           0           0           0           0           0           0           0           0           0           0           0           0           0           0   7.178e-05           0           0           0           0
          0           0           0           0           0           0           0           0           0           0           0           0           0           0           0           0           0           0           0           0           0           0           0 0.000410844           0           0           0
          0           0           0           0           0           0           0           0           0           0           0           0           0           0           0           0           0           0           0           0           0           0           0           0      1.6457           0           0
          0           0           0           0           0           0           0           0           0           0           0           0           0           0           0           0           0           0           0           0           0           0           0           0           0       2.708           0
          0           0           0           0           0           0           0           0           0           0           0           0           0           0           0           0           0           0           0           0           0           0           0           0           0           0 8.54074e-05

Updating Weight Matrix!
GBVEC AND COST: 0.683589  0.237771 0.0843129  0.859846 0.0816614 0.0653666  0.286116
Chkpt reached!
new weight matrix:
  0.0141882           0           0           0           0           0           0           0           0           0           0           0           0           0           0           0           0           0           0           0           0           0           0           0           0           0           0
          0  0.00468641           0           0           0           0           0           0           0           0           0           0           0           0           0           0           0           0           0           0           0           0           0           0           0           0           0
          0           0   0.0711971           0           0           0           0           0           0           0           0           0           0           0           0           0           0           0           0           0           0           0           0           0           0           0           0
          0           0           0     223.166           0           0           0           0           0           0           0           0           0           0           0           0           0           0           0           0           0           0           0           0           0           0           0
          0           0           0           0  0.00401401           0           0           0           0           0           0           0           0           0           0           0           0           0           0           0           0           0           0           0           0           0           0
          0           0           0           0           0    0.131843           0           0           0           0           0           0           0           0           0           0           0           0           0           0           0           0           0           0           0           0           0
          0           0           0           0           0           0 7.82708e-06           0           0           0           0           0           0           0           0           0           0           0           0           0           0           0           0           0           0           0           0
          0           0           0           0           0           0           0 5.10019e-07           0           0           0           0           0           0           0           0           0           0           0           0           0           0           0           0           0           0           0
          0           0           0           0           0           0           0           0 0.000284717           0           0           0           0           0           0           0           0           0           0           0           0           0           0           0           0           0           0
          0           0           0           0           0           0           0           0           0     6997.66           0           0           0           0           0           0           0           0           0           0           0           0           0           0           0           0           0
          0           0           0           0           0           0           0           0           0           0 4.29702e-07           0           0           0           0           0           0           0           0           0           0           0           0           0           0           0           0
          0           0           0           0           0           0           0           0           0           0           0 0.000907204           0           0           0           0           0           0           0           0           0           0           0           0           0           0           0
          0           0           0           0           0           0           0           0           0           0           0           0    0.485832           0           0           0           0           0           0           0           0           0           0           0           0           0           0
          0           0           0           0           0           0           0           0           0           0           0           0           0 0.000458124           0           0           0           0           0           0           0           0           0           0           0           0           0
          0           0           0           0           0           0           0           0           0           0           0           0           0           0    0.593939           0           0           0           0           0           0           0           0           0           0           0           0
          0           0           0           0           0           0           0           0           0           0           0           0           0           0           0 0.000431728           0           0           0           0           0           0           0           0           0           0           0
          0           0           0           0           0           0           0           0           0           0           0           0           0           0           0           0 0.000607937           0           0           0           0           0           0           0           0           0           0
          0           0           0           0           0           0           0           0           0           0           0           0           0           0           0           0           0 0.000124313           0           0           0           0           0           0           0           0           0
          0           0           0           0           0           0           0           0           0           0           0           0           0           0           0           0           0           0     11.0187           0           0           0           0           0           0           0           0
          0           0           0           0           0           0           0           0           0           0           0           0           0           0           0           0           0           0           0 4.70856e-07           0           0           0           0           0           0           0
          0           0           0           0           0           0           0           0           0           0           0           0           0           0           0           0           0           0           0           0 0.000281193           0           0           0           0           0           0
          0           0           0           0           0           0           0           0           0           0           0           0           0           0           0           0           0           0           0           0           0     4.10239           0           0           0           0           0
          0           0           0           0           0           0           0           0           0           0           0           0           0           0           0           0           0           0           0           0           0           0 6.13197e-05           0           0           0           0
          0           0           0           0           0           0           0           0           0           0           0           0           0           0           0           0           0           0           0           0           0           0           0 0.000529609           0           0           0
          0           0           0           0           0           0           0           0           0           0           0           0           0           0           0           0           0           0           0           0           0           0           0           0     2.70497           0           0
          0           0           0           0           0           0           0           0           0           0           0           0           0           0           0           0           0           0           0           0           0           0           0           0           0     6.62818           0
          0           0           0           0           0           0           0           0           0           0           0           0           0           0           0           0           0           0           0           0           0           0           0           0           0           0 0.000133241

Chkpt reached!
new weight matrix:
  0.0133983           0           0           0           0           0           0           0           0           0           0           0           0           0           0           0           0           0           0           0           0           0           0           0           0           0           0
          0  0.00518481           0           0           0           0           0           0           0           0           0           0           0           0           0           0           0           0           0           0           0           0           0           0           0           0           0
          0           0   0.0910397           0           0           0           0           0           0           0           0           0           0           0           0           0           0           0           0           0           0           0           0           0           0           0           0
          0           0           0     160.155           0           0           0           0           0           0           0           0           0           0           0           0           0           0           0           0           0           0           0           0           0           0           0
          0           0           0           0   0.0044772           0           0           0           0           0           0           0           0           0           0           0           0           0           0           0           0           0           0           0           0           0           0
          0           0           0           0           0   0.0585901           0           0           0           0           0           0           0           0           0           0           0           0           0           0           0           0           0           0           0           0           0
          0           0           0           0           0           0 7.26057e-06           0           0           0           0           0           0           0           0           0           0           0           0           0           0           0           0           0           0           0           0
          0           0           0           0           0           0           0 5.51224e-07           0           0           0           0           0           0           0           0           0           0           0           0           0           0           0           0           0           0           0
          0           0           0           0           0           0           0           0 0.000462763           0           0           0           0           0           0           0           0           0           0           0           0           0           0           0           0           0           0
          0           0           0           0           0           0           0           0           0     3328.23           0           0           0           0           0           0           0           0           0           0           0           0           0           0           0           0           0
          0           0           0           0           0           0           0           0           0           0 4.70592e-07           0           0           0           0           0           0           0           0           0           0           0           0           0           0           0           0
          0           0           0           0           0           0           0           0           0           0           0 0.000192334           0           0           0           0           0           0           0           0           0           0           0           0           0           0           0
          0           0           0           0           0           0           0           0           0           0           0           0    0.560583           0           0           0           0           0           0           0           0           0           0           0           0           0           0
          0           0           0           0           0           0           0           0           0           0           0           0           0 0.000585622           0           0           0           0           0           0           0           0           0           0           0           0           0
          0           0           0           0           0           0           0           0           0           0           0           0           0           0    0.383592           0           0           0           0           0           0           0           0           0           0           0           0
          0           0           0           0           0           0           0           0           0           0           0           0           0           0           0 0.000540574           0           0           0           0           0           0           0           0           0           0           0
          0           0           0           0           0           0           0           0           0           0           0           0           0           0           0           0 0.000320118           0           0           0           0           0           0           0           0           0           0
          0           0           0           0           0           0           0           0           0           0           0           0           0           0           0           0           0 0.000166003           0           0           0           0           0           0           0           0           0
          0           0           0           0           0           0           0           0           0           0           0           0           0           0           0           0           0           0     8.91545           0           0           0           0           0           0           0           0
          0           0           0           0           0           0           0           0           0           0           0           0           0           0           0           0           0           0           0 5.11543e-07           0           0           0           0           0           0           0
          0           0           0           0           0           0           0           0           0           0           0           0           0           0           0           0           0           0           0           0 0.000120411           0           0           0           0           0           0
          0           0           0           0           0           0           0           0           0           0           0           0           0           0           0           0           0           0           0           0           0     3.41704           0           0           0           0           0
          0           0           0           0           0           0           0           0           0           0           0           0           0           0           0           0           0           0           0           0           0           0  8.8674e-05           0           0           0           0
          0           0           0           0           0           0           0           0           0           0           0           0           0           0           0           0           0           0           0           0           0           0           0 0.000303213           0           0           0
          0           0           0           0           0           0           0           0           0           0           0           0           0           0           0           0           0           0           0           0           0           0           0           0     2.20761           0           0
          0           0           0           0           0           0           0           0           0           0           0           0           0           0           0           0           0           0           0           0           0           0           0           0           0     2.05046           0
          0           0           0           0           0           0           0           0           0           0           0           0           0           0           0           0           0           0           0           0           0           0           0           0           0           0 6.33257e-05

Chkpt reached!
new weight matrix:
  0.0133885           0           0           0           0           0           0           0           0           0           0           0           0           0           0           0           0           0           0           0           0           0           0           0           0           0           0
          0  0.00531747           0           0           0           0           0           0           0           0           0           0           0           0           0           0           0           0           0           0           0           0           0           0           0           0           0
          0           0   0.0935182           0           0           0           0           0           0           0           0           0           0           0           0           0           0           0           0           0           0           0           0           0           0           0           0
          0           0           0     161.765           0           0           0           0           0           0           0           0           0           0           0           0           0           0           0           0           0           0           0           0           0           0           0
          0           0           0           0   0.0046034           0           0           0           0           0           0           0           0           0           0           0           0           0           0           0           0           0           0           0           0           0           0
          0           0           0           0           0   0.0524449           0           0           0           0           0           0           0           0           0           0           0           0           0           0           0           0           0           0           0           0           0
          0           0           0           0           0           0 7.23817e-06           0           0           0           0           0           0           0           0           0           0           0           0           0           0           0           0           0           0           0           0
          0           0           0           0           0           0           0 5.61854e-07           0           0           0           0           0           0           0           0           0           0           0           0           0           0           0           0           0           0           0
          0           0           0           0           0           0           0           0 0.000489025           0           0           0           0           0           0           0           0           0           0           0           0           0           0           0           0           0           0
          0           0           0           0           0           0           0           0           0     3245.34           0           0           0           0           0           0           0           0           0           0           0           0           0           0           0           0           0
          0           0           0           0           0           0           0           0           0           0 4.81008e-07           0           0           0           0           0           0           0           0           0           0           0           0           0           0           0           0
          0           0           0           0           0           0           0           0           0           0           0 0.000154827           0           0           0           0           0           0           0           0           0           0           0           0           0           0           0
          0           0           0           0           0           0           0           0           0           0           0           0     0.56972           0           0           0           0           0           0           0           0           0           0           0           0           0           0
          0           0           0           0           0           0           0           0           0           0           0           0           0 0.000591738           0           0           0           0           0           0           0           0           0           0           0           0           0
          0           0           0           0           0           0           0           0           0           0           0           0           0           0    0.375435           0           0           0           0           0           0           0           0           0           0           0           0
          0           0           0           0           0           0           0           0           0           0           0           0           0           0           0 0.000545494           0           0           0           0           0           0           0           0           0           0           0
          0           0           0           0           0           0           0           0           0           0           0           0           0           0           0           0 0.000311667           0           0           0           0           0           0           0           0           0           0
          0           0           0           0           0           0           0           0           0           0           0           0           0           0           0           0           0 0.000177511           0           0           0           0           0           0           0           0           0
          0           0           0           0           0           0           0           0           0           0           0           0           0           0           0           0           0           0     8.52116           0           0           0           0           0           0           0           0
          0           0           0           0           0           0           0           0           0           0           0           0           0           0           0           0           0           0           0  5.2199e-07           0           0           0           0           0           0           0
          0           0           0           0           0           0           0           0           0           0           0           0           0           0           0           0           0           0           0           0 0.000104348           0           0           0           0           0           0
          0           0           0           0           0           0           0           0           0           0           0           0           0           0           0           0           0           0           0           0           0     3.28867           0           0           0           0           0
          0           0           0           0           0           0           0           0           0           0           0           0           0           0           0           0           0           0           0           0           0           0 9.54804e-05           0           0           0           0
          0           0           0           0           0           0           0           0           0           0           0           0           0           0           0           0           0           0           0           0           0           0           0 0.000277177           0           0           0
          0           0           0           0           0           0           0           0           0           0           0           0           0           0           0           0           0           0           0           0           0           0           0           0     2.11016           0           0
          0           0           0           0           0           0           0           0           0           0           0           0           0           0           0           0           0           0           0           0           0           0           0           0           0     1.81264           0
          0           0           0           0           0           0           0           0           0           0           0           0           0           0           0           0           0           0           0           0           0           0           0           0           0           0  5.5931e-05

GBMAT after targeted PSO:
 0.637286  0.749234  0.392129 0.0991612  0.884252  0.642491   20547.9
 0.637286  0.749234  0.392129 0.0991612  0.884252  0.642491   20547.9
 0.556488  0.330905   0.33947  0.907165  0.213184  0.312093   480.386
 0.563291  0.309882  0.344336  0.926615   0.21189  0.323776   474.568
 0.563291  0.309882  0.344336  0.926615   0.21189  0.323776   474.568
 0.659136  0.285658  0.304031  0.778019  0.184284  0.289439    453.59
 0.701342  0.274536  0.302441  0.809414  0.183258  0.287498   441.405
 0.687162  0.277892   0.29714  0.801079  0.170806  0.283069   433.907
 0.588876  0.265232  0.248158  0.820824  0.147013   0.22931   392.579
 0.618663  0.269566  0.234694  0.795682  0.142477  0.219263   382.661
 0.611181   0.26864  0.238785  0.801733  0.127947  0.223211   377.121
 0.611181   0.26864  0.238785  0.801733  0.127947  0.223211   10.5834
 0.611181   0.26864  0.238785  0.801733  0.127947  0.223211   10.5834
 0.621228  0.258379  0.210458  0.804468 0.0855508  0.213592   4.59294
 0.621228  0.258379  0.210458  0.804468 0.0855508  0.213592   4.59294
 0.621228  0.258379  0.210458  0.804468 0.0855508  0.213592   4.59294
 0.664037  0.244022  0.112666  0.827931  0.195821  0.282671    2.2813
 0.664037  0.226496  0.112666   0.87372  0.195821  0.250225    1.9404
 0.664037  0.226496  0.112666   0.87372  0.195821  0.250225    1.9404
 0.607569  0.317209 0.0860581  0.879274  0.193871  0.140843   1.82311
 0.607569  0.317209 0.0860581  0.879274  0.193871  0.140843   1.82311
 0.607569  0.317209 0.0860581  0.879274  0.193871  0.140843   1.82311
 0.607569  0.317209 0.0860581  0.879274  0.193871  0.140843   2.63923
 0.607569  0.317209 0.0860581  0.879274  0.193871  0.140843   2.63923
  0.65851  0.291105 0.0630318  0.892912  0.163097 0.0743211   1.36826
  0.65851  0.291105 0.0630318  0.892912  0.163097 0.0743211   1.36826
 0.639818  0.277183 0.0712199  0.885791  0.161423 0.0860036   1.33206
 0.639818  0.277183 0.0712199  0.885791  0.161423 0.0860036   1.33206
 0.639818  0.277183 0.0712199  0.891504  0.161423 0.0860036   1.31911
 0.638703  0.319069 0.0687678  0.883132  0.130017 0.0566169   1.21247
 0.638703  0.319069 0.0687678  0.883132  0.130017 0.0566169   1.21247
 0.638703  0.319069 0.0687678  0.883132  0.130017 0.0566169   1.21247
 0.670544  0.289855 0.0671685  0.835776  0.121969 0.0566169   1.02956
 0.642619  0.309376 0.0714917  0.874868  0.123694  0.066634   1.02197
 0.642619  0.309376 0.0714917  0.874868  0.123694  0.066634   1.02197
 0.642619  0.309376 0.0714917  0.874868  0.123694  0.066634   1.02197
 0.642619  0.309376 0.0714917  0.874868  0.123694  0.066634   1.02197
 0.659824  0.295012 0.0680144  0.843425  0.116882 0.0583648  0.915076
 0.659824  0.295012 0.0680144  0.843425  0.116882 0.0583648  0.915076
 0.659824  0.295012 0.0680144  0.843425  0.116882 0.0583648  0.915076
 0.697019  0.330279  0.107523  0.823423 0.0625354 0.0919453  0.710631
 0.685138  0.302571  0.084505  0.840508  0.075001 0.0642043  0.472609
 0.685138  0.302571  0.084505  0.840508  0.075001 0.0642043  0.472609
 0.685138  0.302571  0.084505  0.840508  0.075001 0.0642043  0.472609
 0.685138  0.302571  0.084505  0.840508  0.075001 0.0642043  0.472609
 0.679853  0.302571 0.0872254  0.839657 0.0741151 0.0642043  0.458723
 0.679853  0.302571 0.0872254  0.839657 0.0741151 0.0642043  0.458723
 0.679853  0.302571 0.0872254  0.839657 0.0741151 0.0642043  0.458723
 0.672978  0.283488 0.0863156  0.881587 0.0823446 0.0622922  0.423351
 0.673808  0.283488 0.0857223  0.881587 0.0816674 0.0622922  0.413799
 0.687339  0.248255 0.0801853  0.868979 0.0833176 0.0612563  0.328798
 0.687339  0.248255 0.0801853  0.868979 0.0833176 0.0612563  0.328798
 0.683589  0.237771 0.0843129  0.859846 0.0816614 0.0653666  0.286116
 0.683589  0.237771 0.0843129  0.859846 0.0816614 0.0653666  0.457624
 0.683589  0.237771 0.0843129  0.859846 0.0816614 0.0653666  0.457624
 0.683589  0.237771 0.0843129  0.859846 0.0816614 0.0653666  0.457624
 0.683589  0.237771 0.0843129  0.859846 0.0816614 0.0653666  0.457624
 0.706734  0.238741 0.0889867  0.869485 0.0734673 0.0655068   0.34658
 0.689883   0.21931 0.0961117  0.874749 0.0695445 0.0783637  0.339904
 0.689883   0.21931 0.0961117  0.874749 0.0695445 0.0783637  0.339904
 0.689883   0.21931 0.0961117  0.874749 0.0695445 0.0783637  0.339904
 0.681262  0.194667 0.0880799   0.86889 0.0777047 0.0708065  0.251268
 0.682284   0.17867 0.0897695  0.867397 0.0749298 0.0720448  0.185567
 0.682284   0.17867 0.0897695  0.867397 0.0749298 0.0720448  0.185567
 0.691974   0.17867 0.0901064  0.867397 0.0749298 0.0732581  0.179369
 0.687436  0.146115  0.086573  0.871961 0.0750914 0.0726987  0.134645
 0.687436  0.146115  0.086573  0.871961 0.0750914 0.0726987  0.134645
 0.692406  0.146115  0.086573  0.872737 0.0751204 0.0726987  0.131927
 0.695223  0.152359  0.090555   0.87264 0.0764718 0.0744376  0.127636
  0.68861  0.153182 0.0884367  0.875156 0.0766506 0.0728281  0.126941
  0.68861  0.152608 0.0884367  0.875156 0.0768831 0.0728281  0.126684
 0.718865  0.149017 0.0873941  0.862672 0.0741783 0.0662275  0.114222
 0.705777  0.149606 0.0865906  0.875858 0.0744596 0.0653315 0.0985526
 0.705777  0.149606 0.0865906  0.875858 0.0744596 0.0653315 0.0985526
 0.695442  0.140717 0.0866919  0.869722 0.0724031 0.0674151 0.0845461
 0.695442  0.135402 0.0866919  0.869722 0.0724031 0.0674151 0.0797108
 0.696245  0.136263 0.0871616  0.869961 0.0722196 0.0675166 0.0777219
 0.696245  0.136263 0.0871616  0.869961 0.0722196 0.0675166 0.0777219
 0.699902  0.131603 0.0879237  0.873376 0.0707998 0.0672497 0.0650385
 0.699902  0.131603 0.0879237  0.873376 0.0707998 0.0672497 0.0650385
  0.70051  0.133437 0.0885295   0.88275 0.0708303 0.0672737 0.0609783
  0.70051  0.133437 0.0885295   0.88275 0.0708303 0.0672737 0.0609783
  0.70051  0.133437 0.0885295   0.88275 0.0708303 0.0672737 0.0609783
 0.704334  0.131586 0.0881191  0.880442  0.069793 0.0674081 0.0605351
 0.706248  0.131586 0.0881191  0.880442  0.069793 0.0670895 0.0593442
 0.707794  0.128608 0.0910907   0.88318 0.0695563 0.0717243  0.051123
 0.699276  0.130238 0.0903551  0.881372  0.063688 0.0665329 0.0440404
 0.716481  0.121422 0.0901133  0.884798 0.0655947 0.0664718 0.0397545
 0.700769  0.124152 0.0927878  0.884798 0.0670591 0.0718828 0.0381947
 0.700769  0.124152 0.0927878  0.884798 0.0670591 0.0718828 0.0381947
  0.71134  0.120404 0.0914781  0.888087 0.0670121 0.0699783 0.0379136
 0.706613  0.123063  0.091407  0.885926 0.0654145 0.0680473 0.0342753
 0.704385  0.118775 0.0939217  0.887917 0.0647027 0.0687346 0.0304078
 0.704385  0.118775 0.0939217  0.887917 0.0647027 0.0687346 0.0304078
 0.704385  0.118775 0.0936382  0.887917 0.0642553 0.0687346 0.0270675
 0.683764  0.120387 0.0947355  0.884791 0.0614309 0.0673587 0.0241023
 0.683764  0.120387 0.0947355  0.884791 0.0614309 0.0673587 0.0241023
 0.683764  0.120387 0.0947355  0.884791 0.0614309 0.0673587 0.0241023
 0.681399  0.120495 0.0950347  0.886535 0.0619987 0.0696412 0.0214056
 0.680715   0.12134 0.0958432  0.885379 0.0606672 0.0686023 0.0207981
 0.680715   0.12134 0.0958432  0.885379 0.0606672 0.0686023 0.0207981
 0.685861  0.117618 0.0957723  0.883928 0.0605798 0.0686255 0.0201942
 0.685861  0.117618 0.0957723  0.883928 0.0605798 0.0686255 0.0201942
 0.684004   0.11974 0.0959637  0.884394 0.0595379 0.0680296 0.0186574
 0.684004   0.11974 0.0959637  0.884394 0.0595379 0.0680296 0.0186574
 0.684004   0.11974 0.0959637  0.891793  0.058417 0.0680296 0.0175356
 0.684004   0.11974 0.0959637  0.891793  0.058417 0.0680296 0.0175356
 0.683813  0.119439 0.0957347  0.890138 0.0594812 0.0681882 0.0171478
 0.683813  0.119439 0.0957347  0.890138 0.0594812 0.0681882 0.0171478
 0.683109  0.118827 0.0959816  0.886583 0.0601426 0.0696837 0.0168036
 0.683109  0.118827 0.0959816  0.886583 0.0601426 0.0696837 0.0168036
 0.710905  0.121171 0.0957599  0.891822 0.0599494 0.0690688  0.015952
  0.71026  0.119919 0.0958151  0.892504 0.0598679 0.0687153 0.0158848
 0.713505  0.120122 0.0968666  0.893736  0.059869  0.070256  0.013722
truk:  0.515996 0.0603199  0.103199  0.896801   0.05516 0.0722394
total difference b/w truk and final GBVEC:0.0426617
CODE FINISHED RUNNING IN 4786 s TIME!
Job Statistics for 2001953:
           JobID       User               Start                 End    Elapsed     MaxRSS   TotalCPU      State Exit        NodeList                                  ReqTRES 
---------------- ---------- ------------------- ------------------- ---------- ---------- ---------- ---------- ---- --------------- ---------------------------------------- 
         2001953   rsjxw007 2021-08-27T20:40:11 2021-08-27T21:59:58   01:19:47              01:19:34  COMPLETED  0:0   r1pl-hpcf-n21        billing=2,cpu=2,mem=15624M,node=1 
   2001953.batch            2021-08-27T20:40:11 2021-08-27T21:59:58   01:19:47      2.64M   01:19:34  COMPLETED  0:0   r1pl-hpcf-n21                                          
  2001953.extern            2021-08-27T20:40:11 2021-08-27T21:59:58   01:19:47          0  00:00.001  COMPLETED  0:0   r1pl-hpcf-n21                                          
CPU Efficiency: 49.87% of 02:39:34 core-walltime
