Testing Parallel Cost Functions
Computing Y_t
Y_t moment vector   64.0358   0.192251  0.0605713    4100.63  0.0369611 0.00366889    12.3108    3.87871   0.011645

Parallel Computing Has Started!

gcost:10808.9

GBMAT
   0.202468  0.00959057    0.355423    0.038473    0.146171    0.206796 3.66215e+06
   0.209505  0.00992389    0.367776   0.0398101    0.151252    0.213983 3.45695e+06
   0.216359   0.0102485    0.379807   0.0411125      0.1562    0.220983 3.42362e+06
   0.377624    0.743516    0.604282    0.165025    0.309391    0.485072      471669
   0.384347    0.756754    0.615041    0.167963      0.3149    0.493708      343232
   0.379997    0.758861    0.625701    0.193454    0.335235    0.496826      337120
   0.378884      0.7594     0.62843     0.19998    0.340442    0.497625      308785
   0.351564    0.772636    0.695395    0.360105    0.468183    0.517214      101654
   0.340928    0.777789    0.721464    0.422442    0.517913     0.52484     68399.3
   0.337681    0.739038    0.685737    0.451896    0.529331    0.500985     62991.1
   0.347405    0.730153    0.684276     0.44348     0.52041    0.499307     62056.3
   0.376368    0.703689    0.679924    0.418413     0.49384    0.494309     51815.8
   0.384386    0.696363    0.678719    0.411474    0.486485    0.492925     47452.2
   0.388272    0.692812    0.678135    0.408111     0.48292    0.492255     47027.7
   0.391413    0.689943    0.677663    0.405393    0.480039    0.491713     45606.4
   0.394863    0.686791    0.677144    0.402408    0.476874    0.491118     44783.3
    0.39562    0.686099    0.677031    0.401752    0.476179    0.490987       44703
   0.395623    0.686096     0.67703    0.401749    0.476176    0.490986       44368
   0.395628    0.686091    0.677029    0.401745    0.476172    0.490985     44313.3
   0.395628    0.686091    0.677029    0.401745    0.476172    0.490985     44290.2
   0.395628    0.686091    0.677029    0.401745    0.476172    0.490985     44172.5
   0.398266     0.68895     0.67835    0.403925     0.47889    0.488679     43452.2
   0.405074    0.680769    0.651762    0.406155     0.45873    0.472762     40537.4
   0.405161    0.680664    0.651419    0.406184     0.45847    0.472557     40249.2
   0.405168    0.680656    0.651392    0.406186     0.45845    0.472541     39942.5
   0.401074    0.684306    0.635824     0.42756    0.471921    0.461649     39561.5
    0.38678    0.697049    0.581476    0.502174     0.51895    0.423624     37896.6
   0.384987    0.698648    0.574658    0.511535     0.52485    0.418854     37801.2
   0.384918    0.698709    0.574396    0.511894    0.525076     0.41867     37799.6
   0.428745    0.667643     0.54693    0.530769    0.545442    0.403093     37620.7
    0.42949    0.667115    0.546463     0.53109    0.545788    0.402829     28930.3
   0.487605     0.64536    0.561978    0.489863    0.523323    0.410643     23972.7
   0.504097    0.639186    0.566381    0.478163    0.516947    0.412861       23690
   0.514918    0.635135    0.569271    0.470486    0.512764    0.414316     21810.5
   0.514138    0.651374    0.558485    0.474913    0.516996    0.403761     21565.6
   0.516947    0.634853    0.569496    0.469163    0.512097    0.414276     21556.4
   0.533965    0.613914    0.553745    0.455304    0.495881    0.403309     20002.5
   0.542352    0.603594    0.545981    0.448473    0.487888    0.397904     19385.1
   0.557412    0.585066    0.532043    0.436208    0.473538      0.3882       18791
   0.558119    0.584195    0.531388    0.435632    0.472864    0.387744     18189.9
   0.558123     0.58419    0.531385    0.435629     0.47286    0.387742     17899.5
   0.558125    0.584189    0.531384    0.435628    0.472859    0.387741     17610.9
   0.558125    0.584189    0.531384    0.435628    0.472859    0.387741     17566.2
   0.558125    0.584188    0.531383    0.435628    0.472859    0.387741     17424.5
   0.558125    0.584188    0.531383    0.435628    0.472859    0.387741     17382.5
   0.594606     0.60261    0.563356     0.45346    0.471076    0.402437       16570
   0.594606     0.60261    0.563356    0.453459    0.471076    0.402437     16423.8
   0.561596    0.552179     0.53869    0.469446    0.498065    0.388259     15954.5
   0.554794    0.541788    0.533607     0.47274    0.503627    0.385338     15823.4
   0.554794    0.541788    0.533607     0.47274    0.503627    0.385338     15795.8
   0.554794    0.541788    0.533607     0.47274    0.503627    0.385338       15791
   0.563934    0.517655    0.549142     0.47274    0.488265    0.396082     15156.6
   0.566625     0.51055    0.553716     0.47274    0.483743    0.399245     15072.6
   0.566936    0.509728    0.554244     0.47274     0.48322    0.399611       15046
   0.566936    0.509728    0.554244     0.47274     0.48322    0.399611     15026.7
   0.564343    0.508733    0.554941    0.474556    0.484786      0.3973     14907.3
   0.564308    0.508719     0.55495     0.47458    0.484807    0.397269     14903.6
   0.570685    0.505312    0.550948    0.478808    0.489337    0.393092       14682
   0.574614    0.503212    0.548481    0.481414    0.492129    0.390518     13988.7
   0.585418    0.515029    0.564428    0.498814    0.461219    0.405061     13763.9
   0.585422    0.515033    0.564433     0.49882    0.461208    0.405066     13751.1
   0.585422    0.515033    0.564433     0.49882    0.461208    0.405066       13745
   0.585422    0.515033    0.564433     0.49882    0.461208    0.405066     13693.3
   0.618377    0.461887    0.519354    0.506575    0.366387    0.369094       12679
   0.609263    0.476586    0.531822     0.50443    0.392613    0.379043     11623.1
   0.607546    0.479355     0.53417    0.504026    0.397552    0.380917     10938.2
   0.607543     0.47936    0.534175    0.504026    0.397562    0.380921     10831.8
   0.607543     0.47936    0.534175    0.504026    0.397562    0.380921     10808.9 Code Finished Running in 20213 seconds time!
Job Statistics for 1413234:
           JobID       User               Start                 End    Elapsed     MaxRSS   TotalCPU      State Exit        NodeList                                  ReqTRES 
---------------- ---------- ------------------- ------------------- ---------- ---------- ---------- ---------- ---- --------------- ---------------------------------------- 
         1413234   rsjxw007 2021-07-05T14:13:08 2021-07-05T19:50:03   05:36:55            2-15:40:01  COMPLETED  0:0   r1pl-hpcf-n21     billing=20,cpu=20,mem=156240M,node=1 
   1413234.batch            2021-07-05T14:13:08 2021-07-05T19:50:03   05:36:55      2.42M 2-15:40:01  COMPLETED  0:0   r1pl-hpcf-n21                                          
  1413234.extern            2021-07-05T14:13:08 2021-07-05T19:50:03   05:36:55          0  00:00.001  COMPLETED  0:0   r1pl-hpcf-n21                                          
CPU Efficiency: 56.69% of 4-16:18:20 core-walltime
