        0  0.769216  0.937544  0.872574 0.0748491  0.927172  0.209325   1510.57
        1  0.182726  0.390871  0.550888  0.618895  0.295589  0.359258   249.164
        2  0.182726  0.385513  0.550888  0.572918  0.295589  0.359258   248.978
        3  0.284177  0.420272  0.361665   0.48348  0.631001  0.712397   204.973
        4  0.392528  0.493267  0.361665  0.419818  0.729243  0.755398   204.957
        5  0.145981   0.35576  0.277652  0.351792  0.184223  0.434492   183.101
        6 0.0954841   0.35576  0.247049  0.351792  0.184223  0.434492   182.391
        7  0.558862  0.694294  0.570808  0.773084  0.545634  0.443617   166.483
        8  0.685951  0.858891   0.41059  0.589106  0.199062  0.298112   96.6647
        9  0.431935  0.911108  0.585356  0.843438  0.376123  0.194072   96.5553
       10  0.318707  0.933414  0.639517  0.894281  0.374399  0.243017   96.3838
       11  0.919136  0.229988  0.261549  0.980307  0.569408  0.366887    69.797
       12  0.919136  0.127096   0.14377  0.988718  0.438501  0.501807   69.5901
       13  0.804342  0.334279  0.570799  0.909723  0.275387  0.398919   42.2589
       14  0.802941  0.341698  0.569894  0.910741  0.270829  0.401813   42.0334
       15  0.934273  0.476331  0.335793  0.657711 0.0981176  0.234659   22.5997
       16  0.939886  0.465797   0.33511  0.655604   0.11105  0.246164   22.5946
