Correlation matrix i.e <ci(t)cj(t)> tf = 5.0:
   4209.96    12.3074          0          0    3.87448          0
   12.3074    0.04094          0          0  0.0121238          0
         0          0          0          0          0          0
         0          0          0          0          0          0
   3.87448  0.0121238          0          0 0.00370695          0
         0          0          0          0          0          0
Cov Mat :
    122.357   -0.399806           0           0 -0.00823765           0
  -0.399806  0.00143667           0           0 5.35615e-05           0
          0           0           0           0           0           0
          0           0           0           0           0           0
-0.00823765 5.35615e-05           0           0 1.88537e-05           0
          0           0           0           0           0           0
