0 120 41.33 0 0 80 0
0.00032 112.981 34.31 7.0188 0.00108547 79.9999 8.37032e-05
0.000701174 106.517 27.8424 13.4825 0.0043612 79.9992 0.000770221
0.00116155 100.627 21.9444 19.3728 0.00975754 79.997 0.00300298
0.00169624 95.5833 16.8887 24.4167 0.0166345 79.9921 0.00790175
0.00230893 91.3995 12.6887 28.6005 0.0242232 79.9834 0.0166204
0.00296491 88.1869 9.45622 31.8131 0.0313786 79.9707 0.0293278
0.00365148 85.7722 7.01881 34.2278 0.0375921 79.9542 0.0458128
0.00436475 83.9673 5.18887 36.0327 0.0427334 79.9343 0.0657365
0.00507803 82.6625 3.85783 37.3375 0.0467258 79.9121 0.0878971
0.00583466 81.6632 2.82995 38.3368 0.0499457 79.8867 0.113274
0.0065913 80.9458 2.08336 39.0542 0.0523507 79.8599 0.140095
0.00738432 80.4094 1.51583 39.5906 0.054209 79.8307 0.169347
0.00817733 80.0307 1.10568 39.9693 0.0555624 79.8006 0.199446
0.00901001 79.7541 0.795795 40.2459 0.0565861 79.7683 0.2317
0.00984269 79.5659 0.574167 40.4341 0.0573147 79.7356 0.264423
0.0107278 79.4345 0.407049 40.5655 0.0578584 79.7004 0.299555
0.0116457 79.3505 0.286045 40.6495 0.0582451 79.6638 0.336243
0.0126048 79.3022 0.198984 40.6978 0.0585156 79.6253 0.374746
0.0136132 79.2811 0.137027 40.7189 0.0586996 79.5847 0.415335
0.0146807 79.2807 0.0935622 40.7193 0.0588195 79.5416 0.458357
0.0158186 79.2968 0.063629 40.7032 0.0588918 79.4958 0.50423
0.0170406 79.3259 0.0434933 40.6741 0.0589288 79.4465 0.553461
0.0183627 79.3659 0.0303424 40.6341 0.0589398 79.3933 0.606665
0.019805 79.4156 0.0220663 40.5844 0.0589312 79.3354 0.6646
0.021392 79.4742 0.0170979 40.5258 0.0589078 79.2718 0.728212
0.0231557 79.5419 0.0142947 40.4581 0.0588727 79.2013 0.798719
0.0251378 79.6194 0.0128463 40.3806 0.0588275 79.1223 0.877719
0.0273954 79.7084 0.0122002 40.2916 0.0587727 79.0326 0.967378
0.0300083 79.8114 0.0120001 40.1886 0.0587075 78.9293 1.07072
0.0330937 79.9328 0.0120339 40.0672 0.0586298 78.8078 1.19217
0.0368317 80.0792 0.0121905 39.9208 0.0585354 78.6616 1.33845
0.041519 80.2614 0.0124265 39.7386 0.0584173 78.4794 1.52057
0.0476947 80.4993 0.0127445 39.5007 0.058262 78.2417 1.75831
0.0535818 80.7238 0.0130443 39.2762 0.0581146 78.0174 1.98264
0.0594866 80.9467 0.0133404 39.0533 0.0579672 77.7946 2.20538
0.0650179 81.1535 0.0136137 38.8465 0.05783 77.588 2.41203
0.0705492 81.3583 0.0138831 38.6417 0.0576934 77.3833 2.61673
0.0760805 81.5612 0.0141486 38.4388 0.0575574 77.1805 2.81952
0.0816119 81.7622 0.0144103 38.2378 0.0574219 76.9796 3.02041
0.0871432 81.9614 0.0146682 38.0386 0.0572871 76.7806 3.21942
0.0926745 82.1586 0.0149225 37.8414 0.0571528 76.5834 3.41656
0.0982058 82.354 0.0151732 37.646 0.0570191 76.3881 3.61186
0.103737 82.5476 0.0154204 37.4524 0.056886 76.1947 3.80533
0.109268 82.7394 0.0156641 37.2606 0.0567535 76.003 3.99698
0.1148 82.9294 0.0159044 37.0706 0.0566216 75.8132 4.18684
0.120588 83.1263 0.0161523 36.8737 0.056484 75.6164 4.38363
0.126377 83.3212 0.0163966 36.6788 0.0563469 75.4215 4.57849
0.132165 83.5143 0.0166373 36.4857 0.0562105 75.2286 4.77144
0.137954 83.7055 0.0168746 36.2945 0.0560748 75.0375 4.9625
0.143152 83.8755 0.0170849 36.1245 0.0559543 74.8675 5.13249
0.148351 84.0441 0.0172924 35.9559 0.055834 74.699 5.30097
0.154285 84.2347 0.017526 35.7653 0.0556967 74.5085 5.49151
0.160775 84.441 0.0177776 35.559 0.0555467 74.3023 5.69767
0.165503 84.5899 0.0179584 35.4101 0.0554396 74.1535 5.84646
0.170891 84.758 0.0181619 35.242 0.0553171 73.9855 6.01454
0.177548 84.9637 0.0184097 35.0363 0.0551656 73.7799 6.22011
0.182863 85.1262 0.0186047 34.8738 0.0550463 73.6174 6.38256
0.188738 85.3042 0.0188173 34.6958 0.0549144 73.4395 6.56046
0.19516 85.4967 0.0190462 34.5033 0.0547705 73.2472 6.75285
0.200381 85.6516 0.0192298 34.3484 0.0546553 73.0922 6.90776
0.205987 85.8165 0.0194244 34.1835 0.0545316 72.9275 7.07254
0.212352 86.0018 0.0196421 33.9982 0.0543913 72.7422 7.25775
0.218718 86.1851 0.0198566 33.8149 0.0542516 72.559 7.44097
0.223698 86.3271 0.0200222 33.6729 0.0541445 72.4171 7.58293
0.229156 86.4814 0.0202014 33.5186 0.0540267 72.2629 7.73715
0.235761 86.6662 0.0204153 33.3338 0.0538842 72.0781 7.92188
0.241506 86.8252 0.0205986 33.1748 0.0537615 71.9191 8.08087
0.24764 86.9933 0.0207916 33.0067 0.0536309 71.7511 8.24892
0.253775 87.1597 0.0209819 32.8403 0.053501 71.5848 8.41523
0.259909 87.3244 0.0211695 32.6756 0.0533718 71.4202 8.57982
0.266043 87.4873 0.0213544 32.5127 0.0532434 71.2573 8.7427
0.271458 87.6297 0.0215155 32.3703 0.0531317 71.1149 8.88507
0.276873 87.7708 0.0216746 32.2292 0.0530201 70.9739 9.02613
0.283205 87.9342 0.0218582 32.0658 0.0528897 70.8105 9.18946
0.290203 88.1127 0.0220579 31.8873 0.0527457 70.6321 9.36791
0.294892 88.2311 0.0221901 31.7689 0.0526519 70.5137 9.48631
0.300483 88.3711 0.0223457 31.6289 0.0525391 70.3738 9.62624
0.30776 88.5513 0.0225454 31.4487 0.0523923 70.1936 9.8064
0.313116 88.6826 0.0226903 31.3174 0.052286 70.0624 9.93759
0.319328 88.8333 0.0228561 31.1667 0.0521627 69.9117 10.0883
0.32642 89.0034 0.0230426 30.9966 0.0520221 69.7417 10.2583
0.331452 89.1228 0.0231732 30.8772 0.0519246 69.6223 10.3777
0.33727 89.2597 0.0233224 30.7403 0.0518115 69.4855 10.5145
0.344473 89.4273 0.0235043 30.5727 0.0516715 69.3179 10.6821
0.350106 89.5569 0.0236447 30.4431 0.0515637 69.1883 10.8117
0.356287 89.6977 0.0237966 30.3023 0.0514457 69.0476 10.9524
0.363113 89.8514 0.023962 30.1486 0.0513157 68.8938 11.1062
0.368827 89.9788 0.0240986 30.0212 0.0512085 68.7665 11.2335
0.374866 90.1121 0.0242411 29.8879 0.0510956 68.6333 11.3667
0.381521 90.2574 0.0243959 29.7426 0.0509714 68.488 11.512
0.388176 90.401 0.0245485 29.599 0.050848 68.3444 11.6556
0.393732 90.5197 0.0246742 29.4803 0.0507469 68.2257 11.7743
0.39961 90.644 0.0248056 29.356 0.05064 68.1014 11.8986
0.406389 90.7859 0.024955 29.2141 0.0505169 67.9596 12.0404
0.412764 90.9178 0.0250936 29.0822 0.0504022 67.8276 12.1724
0.41914 91.0484 0.0252302 28.9516 0.0502883 67.6971 12.3029
0.425516 91.1775 0.025365 28.8225 0.0501751 67.5681 12.4319
0.431892 91.3052 0.025498 28.6948 0.0500629 67.4404 12.5596
0.438267 91.4315 0.0256292 28.5685 0.0499514 67.314 12.686
0.444643 91.5565 0.0257586 28.4435 0.0498407 67.1891 12.8109
0.451019 91.6802 0.0258862 28.3198 0.0497308 67.0655 12.9345
0.457395 91.8025 0.0260122 28.1975 0.0496217 66.9432 13.0568
0.46377 91.9234 0.0261364 28.0766 0.0495134 66.8222 13.1778
0.470146 92.0431 0.026259 27.9569 0.0494059 66.7026 13.2974
0.476522 92.1615 0.0263799 27.8385 0.0492992 66.5842 13.4158
0.482898 92.2786 0.0264992 27.7214 0.0491933 66.4671 13.5329
0.489273 92.3944 0.026617 27.6056 0.0490882 66.3513 13.6487
0.495649 92.509 0.0267332 27.491 0.0489838 66.2367 13.7633
0.502025 92.6223 0.0268478 27.3777 0.0488803 66.1234 13.8766
0.508401 92.7345 0.0269609 27.2655 0.0487775 66.0113 13.9887
0.51509 92.8508 0.027078 27.1492 0.0486702 65.8949 14.1051
0.521779 92.9658 0.0271935 27.0342 0.0485637 65.7799 14.2201
0.528468 93.0795 0.0273073 26.9205 0.048458 65.6662 14.3338
0.535157 93.192 0.0274196 26.808 0.0483531 65.5538 14.4462
0.54092 93.2878 0.0275152 26.7122 0.0482646 65.458 14.542
0.546912 93.3865 0.0276133 26.6135 0.0481725 65.3593 14.6407
0.553905 93.5003 0.0277263 26.4997 0.0480653 65.2454 14.7546
0.561515 93.6227 0.0278474 26.3773 0.0479487 65.1231 14.8769
0.566482 93.7018 0.0279255 26.2982 0.0478755 65.044 14.956
0.572488 93.7964 0.0280189 26.2036 0.0477859 64.9494 15.0506
0.580509 93.9214 0.0281417 26.0786 0.0476664 64.8244 15.1756
0.586286 94.0103 0.028229 25.9897 0.047582 64.7355 15.2645
0.593133 94.1146 0.0283312 25.8854 0.047482 64.6312 15.3688
0.601007 94.2331 0.0284468 25.7669 0.0473671 64.5128 15.4872
0.606119 94.3091 0.028521 25.6909 0.0472951 64.4367 15.5633
0.612322 94.4005 0.0286099 25.5995 0.047207 64.3453 15.6547
0.620469 94.5191 0.0287251 25.4809 0.0470913 64.2268 15.7732
0.626168 94.601 0.0288045 25.399 0.0470122 64.1448 15.8552
0.632943 94.6975 0.0288978 25.3025 0.0469181 64.0484 15.9516
0.640954 94.81 0.0290064 25.19 0.0468069 63.9358 16.0642
0.646243 94.8835 0.0290772 25.1165 0.046736 63.8623 16.1377
0.652604 94.9711 0.0291613 25.0289 0.04665 63.7748 16.2252
0.660786 95.0823 0.029268 24.9177 0.0465394 63.6636 16.3364
0.666624 95.1606 0.0293431 24.8394 0.0464625 63.5852 16.4148
0.673359 95.2501 0.0294286 24.7499 0.0463737 63.4957 16.5043
0.681235 95.3535 0.0295271 24.6465 0.04627 63.3923 16.6077
0.686956 95.4277 0.0295978 24.5723 0.0461968 63.3181 16.6819
0.693488 95.5115 0.0296775 24.4885 0.046113 63.2343 16.7657
0.701369 95.6114 0.0297723 24.3886 0.046012 63.1344 16.8656
0.707529 95.6886 0.0298454 24.3114 0.0459349 63.0572 16.9428
0.714288 95.7724 0.0299246 24.2276 0.0458504 62.9734 17.0266
0.721839 95.8648 0.0300118 24.1352 0.0457562 62.881 17.119
0.728147 95.9411 0.0300837 24.0589 0.0456793 62.8046 17.1954
0.73482 96.021 0.0301588 23.979 0.0455982 62.7248 17.2752
0.74214 96.1075 0.03024 23.8925 0.0455095 62.6382 17.3618
0.74946 96.193 0.0303201 23.807 0.0454216 62.5527 17.4473
0.75542 96.2618 0.0303845 23.7382 0.0453519 62.4839 17.5161
0.761811 96.3348 0.0304527 23.6652 0.0452771 62.4109 17.5891
0.769369 96.4202 0.0305323 23.5798 0.0451889 62.3256 17.6744
0.776229 96.4967 0.0306035 23.5033 0.0451099 62.249 17.751
0.783412 96.5758 0.0306771 23.4242 0.0450276 62.1699 17.8301
0.790596 96.654 0.0307496 23.346 0.0449461 62.0917 17.9083
0.796992 96.7229 0.0308134 23.2771 0.0448751 62.0228 17.9772
0.803387 96.791 0.0308764 23.209 0.0448044 61.9547 18.0453
0.810611 96.867 0.0309467 23.133 0.0447248 61.8787 18.1213
0.818449 96.9484 0.0310217 23.0516 0.0446386 61.7973 18.2027
0.824137 97.0068 0.0310756 22.9932 0.0445783 61.7389 18.2611
0.830633 97.0728 0.0311363 22.9272 0.044509 61.6728 18.3272
0.838767 97.1545 0.0312113 22.8455 0.0444223 61.5912 18.4088
0.845127 97.2175 0.0312691 22.7825 0.044356 61.5281 18.4719
0.852295 97.2878 0.0313335 22.7122 0.0442815 61.4578 18.5422
0.860204 97.3643 0.0314034 22.6357 0.0441993 61.3813 18.6187
0.866081 97.4205 0.0314548 22.5795 0.0441405 61.3251 18.6749
0.872707 97.4832 0.031512 22.5168 0.0440737 61.2624 18.7376
0.880791 97.5588 0.0315807 22.4412 0.0439924 61.1868 18.8132
0.887249 97.6184 0.031635 22.3816 0.0439289 61.1272 18.8728
0.894396 97.6836 0.0316942 22.3164 0.0438588 61.062 18.938
0.902226 97.7541 0.0317581 22.2459 0.0437822 60.9914 19.0086
0.908408 97.8091 0.031808 22.1909 0.0437236 60.9364 19.0636
0.915152 97.8685 0.0318618 22.1315 0.0436596 60.877 19.123
0.923006 97.9368 0.0319234 22.0632 0.0435852 60.8087 19.1913
0.929974 97.9966 0.0319774 22.0034 0.0435204 60.7489 19.2511
0.936941 98.0557 0.0320307 21.9443 0.0434562 60.6898 19.3102
0.944195 98.1165 0.0320855 21.8835 0.0433898 60.6289 19.3711
0.951449 98.1766 0.0321395 21.8234 0.0433241 60.5689 19.4311
0.958704 98.2359 0.0321928 21.7641 0.043259 60.5095 19.4905
0.965958 98.2945 0.0322453 21.7055 0.0431946 60.4509 19.5491
0.972388 98.3459 0.0322913 21.6541 0.043139 60.3996 19.6004
0.978819 98.3967 0.0323368 21.6033 0.0430835 60.3488 19.6512
0.986306 98.4551 0.032389 21.5449 0.043019 60.2903 19.7097
0.994623 98.5191 0.0324462 21.4809 0.0429471 60.2262 19.7738
1.00008 98.5607 0.0324833 21.4393 0.0429026 60.1847 19.8153
1.00666 98.6103 0.0325275 21.3897 0.0428478 60.1351 19.8649
1.01541 98.6753 0.0325853 21.3247 0.042775 60.0701 19.9299
1.0216 98.7207 0.0326258 21.2793 0.042725 60.0246 19.9754
1.029 98.7744 0.0326734 21.2256 0.0426652 59.9709 20.0291
1.03764 98.8363 0.0327283 21.1637 0.0425949 59.9091 20.0909
1.04304 98.8745 0.0327622 21.1255 0.0425536 59.8708 20.1292
1.04972 98.9213 0.0328037 21.0787 0.0425013 59.824 20.176
1.0587 98.9833 0.0328584 21.0167 0.042431 59.762 20.238
1.06469 99.0242 0.0328946 20.9758 0.0423858 59.7211 20.2789
1.07203 99.0737 0.0329383 20.9263 0.0423301 59.6716 20.3284
1.08094 99.1329 0.0329905 20.8671 0.042262 59.6123 20.3877
1.0863 99.1681 0.0330216 20.8319 0.0422236 59.5771 20.4229
1.09307 99.2122 0.0330604 20.7878 0.0421739 59.533 20.467
1.10223 99.271 0.033112 20.729 0.0421065 59.4742 20.5258
1.10826 99.3092 0.0331456 20.6908 0.042064 59.4361 20.5639
1.11552 99.3547 0.0331855 20.6453 0.0420123 59.3905 20.6095
1.12438 99.4094 0.0332334 20.5906 0.0419489 59.3358 20.6642
1.13001 99.4437 0.0332636 20.5563 0.041911 59.3015 20.6985
1.13692 99.4854 0.0333001 20.5146 0.0418635 59.2597 20.7403
1.14596 99.5393 0.0333471 20.4607 0.0418011 59.2059 20.7941
1.15202 99.5749 0.0333783 20.4251 0.0417611 59.1702 20.8298
1.15925 99.617 0.0334151 20.383 0.0417129 59.1282 20.8718
1.16807 99.6675 0.0334591 20.3325 0.0416539 59.0776 20.9224
1.17391 99.7006 0.033488 20.2994 0.0416169 59.0445 20.9555
1.18092 99.7399 0.0335222 20.2601 0.0415718 59.0052 20.9948
1.18983 99.7891 0.033565 20.2109 0.0415141 58.956 21.044
1.19598 99.8227 0.0335942 20.1773 0.0414761 58.9224 21.0776
1.20321 99.8617 0.0336281 20.1383 0.0414311 58.8834 21.1166
1.21193 99.9081 0.0336683 20.0919 0.0413765 58.837 21.163
1.21799 99.9399 0.033696 20.0601 0.0413405 58.8051 21.1949
1.22508 99.9768 0.0337279 20.0232 0.0412978 58.7683 21.2317
1.23382 100.022 0.0337667 19.9784 0.041245 58.7234 21.2766
1.24015 100.054 0.0337944 19.9464 0.0412084 58.6914 21.3086
1.24738 100.09 0.0338258 19.9102 0.0411663 58.6552 21.3448
1.25592 100.132 0.0338621 19.868 0.0411163 58.613 21.387
1.26228 100.163 0.0338889 19.8371 0.0410809 58.582 21.418
1.26944 100.197 0.0339187 19.8025 0.0410406 58.5475 21.4525
1.27788 100.238 0.0339533 19.7624 0.040993 58.5074 21.4926
1.28454 100.269 0.0339803 19.7311 0.0409568 58.4761 21.5239
1.29181 100.303 0.0340093 19.6974 0.0409173 58.4423 21.5577
1.29995 100.34 0.0340413 19.6601 0.040873 58.405 21.595
1.30684 100.371 0.0340681 19.629 0.0408367 58.3739 21.6261
1.31407 100.403 0.0340959 19.5967 0.0407987 58.3415 21.6585
1.3219 100.438 0.0341255 19.5622 0.0407577 58.307 21.693
1.32972 100.472 0.0341547 19.5281 0.0407171 58.273 21.727
1.33622 100.5 0.0341787 19.5002 0.0406849 58.245 21.755
1.34312 100.529 0.0342039 19.4709 0.0406505 58.2157 21.7843
1.35115 100.563 0.0342327 19.4371 0.0406102 58.182 21.818
1.35861 100.594 0.0342592 19.4062 0.0405735 58.1511 21.8489
1.36633 100.625 0.0342861 19.3747 0.0405358 58.1195 21.8805
1.37405 100.656 0.0343127 19.3435 0.0404984 58.0883 21.9117
1.38063 100.683 0.0343352 19.3173 0.0404681 58.0621 21.9379
1.38751 100.71 0.0343584 19.2902 0.0404361 58.035 21.965
1.39546 100.741 0.0343848 19.2592 0.0403989 58.004 21.996
1.40312 100.77 0.0344098 19.2298 0.0403637 57.9746 22.0254
1.41078 100.799 0.0344345 19.2008 0.0403288 57.9456 22.0544
1.41843 100.828 0.0344589 19.1722 0.0402943 57.9169 22.0831
1.42521 100.853 0.0344803 19.1471 0.040265 57.8919 22.1081
1.43199 100.878 0.0345015 19.1224 0.0402357 57.8671 22.1329
1.43979 100.906 0.0345254 19.0942 0.0402018 57.8389 22.1611
1.44839 100.936 0.0345511 19.0636 0.040164 57.8083 22.1917
1.45416 100.957 0.0345687 19.0433 0.040141 57.788 22.212
1.46104 100.981 0.034589 19.0194 0.0401124 57.7641 22.2359
1.47009 101.012 0.0346152 18.9883 0.0400744 57.733 22.267
1.47659 101.034 0.034634 18.9663 0.0400484 57.711 22.289
1.48431 101.059 0.0346559 18.9405 0.0400172 57.6852 22.3148
1.49325 101.089 0.0346804 18.911 0.0399805 57.6557 22.3443
1.49887 101.107 0.0346964 18.8927 0.0399598 57.6374 22.3626
1.50581 101.13 0.0347154 18.8704 0.0399329 57.615 22.385
1.51513 101.159 0.0347401 18.8407 0.0398963 57.5854 22.4146
1.52137 101.179 0.034757 18.8212 0.0398733 57.5658 22.4342
1.52902 101.203 0.034777 18.7974 0.0398445 57.5421 22.4579
1.53831 101.231 0.0348001 18.7691 0.0398088 57.5137 22.4863
1.54376 101.247 0.0348149 18.7526 0.0397903 57.4972 22.5028
1.55075 101.268 0.0348325 18.7318 0.0397651 57.4764 22.5236
1.56032 101.296 0.0348557 18.7036 0.03973 57.4482 22.5518
1.56634 101.314 0.034871 18.6861 0.0397095 57.4307 22.5693
1.57393 101.336 0.0348893 18.6643 0.039683 57.4089 22.5911
1.58349 101.363 0.0349107 18.6373 0.0396487 57.3818 22.6182
1.58868 101.377 0.0349244 18.6227 0.0396324 57.3673 22.6327
1.59562 101.396 0.0349406 18.6035 0.0396091 57.3481 22.6519
1.60529 101.423 0.0349619 18.5772 0.0395762 57.3217 22.6783
1.61112 101.439 0.0349759 18.5615 0.0395578 57.306 22.694
1.61849 101.458 0.0349924 18.5419 0.0395338 57.2864 22.7136
1.62793 101.483 0.035012 18.5171 0.0395028 57.2616 22.7384
1.6333 101.497 0.035025 18.5032 0.0394866 57.2477 22.7523
1.6403 101.515 0.0350401 18.4853 0.0394647 57.2298 22.7702
1.64988 101.539 0.0350595 18.461 0.0394346 57.2055 22.7945
1.65568 101.553 0.0350725 18.4466 0.0394173 57.1911 22.8089
1.663 101.571 0.0350877 18.4285 0.0393952 57.173 22.827
1.67242 101.594 0.0351057 18.4056 0.0393666 57.1501 22.8499
1.67786 101.607 0.0351179 18.3925 0.039351 57.137 22.863
1.68491 101.624 0.035132 18.3758 0.0393304 57.1203 22.8797
1.69445 101.647 0.0351497 18.3534 0.0393027 57.0979 22.9021
1.7002 101.66 0.0351618 18.3401 0.0392866 57.0846 22.9154
1.70747 101.676 0.0351758 18.3235 0.0392661 57.068 22.932
1.7169 101.698 0.0351924 18.3022 0.0392397 57.0467 22.9533
1.72239 101.71 0.0352038 18.29 0.0392249 57.0345 22.9655
1.72946 101.726 0.0352169 18.2745 0.0392057 57.0189 22.9811
1.73898 101.746 0.0352332 18.2538 0.03918 56.9982 23.0018
1.74468 101.758 0.0352444 18.2416 0.0391651 56.986 23.014
1.75192 101.774 0.0352572 18.2262 0.0391461 56.9706 23.0294
1.76137 101.794 0.0352726 18.2065 0.0391216 56.9508 23.0492
1.76687 101.805 0.0352832 18.1951 0.0391077 56.9395 23.0605
1.77396 101.819 0.0352953 18.1806 0.0390898 56.925 23.075
1.78348 101.839 0.0353103 18.1615 0.0390659 56.9058 23.0942
1.78913 101.85 0.0353207 18.1502 0.0390521 56.8946 23.1054
1.79634 101.864 0.0353325 18.136 0.0390346 56.8804 23.1196
1.80581 101.882 0.0353467 18.1177 0.0390117 56.862 23.138
1.81132 101.893 0.0353566 18.1072 0.0389987 56.8515 23.1485
1.81842 101.906 0.0353679 18.0937 0.0389821 56.8381 23.1619
1.82794 101.924 0.0353816 18.0759 0.0389599 56.8203 23.1797
1.83355 101.934 0.0353913 18.0656 0.0389471 56.8099 23.1901
1.84074 101.948 0.0354022 18.0525 0.0389309 56.7968 23.2032
1.85023 101.965 0.0354153 18.0354 0.0389096 56.7798 23.2202
1.85573 101.974 0.0354245 18.0257 0.0388975 56.77 23.23
1.86284 101.987 0.035435 18.0132 0.038882 56.7575 23.2425
1.87236 102.003 0.0354476 17.9967 0.0388614 56.741 23.259
1.87795 102.013 0.0354566 17.9872 0.0388496 56.7315 23.2685
1.88512 102.025 0.0354667 17.975 0.0388345 56.7193 23.2807
1.89462 102.041 0.0354787 17.9592 0.0388146 56.7035 23.2965
1.90012 102.05 0.0354874 17.9502 0.0388034 56.6945 23.3055
1.90723 102.061 0.035497 17.9386 0.038789 56.6829 23.3171
1.91676 102.077 0.0355086 17.9233 0.0387698 56.6676 23.3324
1.92232 102.086 0.035517 17.9145 0.0387589 56.6588 23.3412
1.92947 102.097 0.0355264 17.9033 0.0387449 56.6475 23.3525
1.93898 102.111 0.0355374 17.8886 0.0387264 56.6328 23.3672
1.94448 102.12 0.0355455 17.8802 0.038716 56.6245 23.3755
1.95159 102.131 0.0355545 17.8695 0.0387026 56.6137 23.3863
1.96112 102.145 0.0355651 17.8553 0.0386848 56.5995 23.4005
1.96666 102.153 0.035573 17.8471 0.0386747 56.5914 23.4086
1.9738 102.163 0.0355816 17.8368 0.0386617 56.581 23.419
1.98332 102.177 0.0355918 17.8231 0.0386445 56.5674 23.4326
1.98881 102.185 0.0355993 17.8153 0.0386348 56.5596 23.4404
1.99592 102.195 0.0356076 17.8054 0.0386223 56.5496 23.4504
2.00545 102.208 0.0356174 17.7922 0.0386058 56.5365 23.4635
2.01098 102.215 0.0356247 17.7847 0.0385964 56.5289 23.4711
2.01811 102.225 0.0356327 17.7751 0.0385843 56.5193 23.4807
2.02763 102.238 0.0356421 17.7624 0.0385684 56.5067 23.4933
2.03312 102.245 0.0356491 17.7552 0.0385594 56.4994 23.5006
2.04023 102.254 0.0356568 17.746 0.0385478 56.4902 23.5098
2.04976 102.266 0.0356658 17.7338 0.0385324 56.478 23.522
2.05527 102.273 0.0356727 17.7269 0.0385237 56.471 23.529
2.0624 102.282 0.0356801 17.7179 0.0385125 56.4621 23.5379
2.07192 102.294 0.0356886 17.7062 0.0384977 56.4504 23.5496
2.07741 102.3 0.0356953 17.6995 0.0384893 56.4437 23.5563
2.08452 102.309 0.0357024 17.691 0.0384786 56.4352 23.5648
2.09404 102.32 0.0357106 17.6797 0.0384643 56.4238 23.5762
2.09955 102.327 0.035717 17.6732 0.0384562 56.4174 23.5826
2.10667 102.335 0.0357239 17.665 0.0384458 56.4091 23.5909
2.11619 102.346 0.0357318 17.6541 0.038432 56.3982 23.6018
2.12167 102.352 0.035738 17.6479 0.0384243 56.3921 23.6079
2.12878 102.36 0.0357446 17.64 0.0384143 56.3841 23.6159
2.1383 102.371 0.0357521 17.6295 0.038401 56.3736 23.6264
2.1438 102.377 0.0357581 17.6235 0.0383935 56.3676 23.6324
2.15092 102.384 0.0357645 17.6158 0.0383838 56.36 23.64
2.16044 102.394 0.0357717 17.6058 0.038371 56.3499 23.6501
2.16592 102.4 0.0357775 17.6 0.0383638 56.3442 23.6558
2.17302 102.407 0.0357837 17.5927 0.0383546 56.3368 23.6632
2.18254 102.417 0.0357905 17.5829 0.0383422 56.3271 23.6729
2.18804 102.423 0.0357962 17.5774 0.0383353 56.3215 23.6785
2.19515 102.43 0.0358021 17.5703 0.0383263 56.3144 23.6856
2.20466 102.439 0.0358087 17.561 0.0383144 56.3051 23.6949
2.21014 102.444 0.0358142 17.5556 0.0383077 56.2998 23.7002
2.21725 102.451 0.0358198 17.5488 0.0382991 56.2929 23.7071
2.22677 102.46 0.0358261 17.5398 0.0382876 56.2839 23.7161
2.23225 102.465 0.0358315 17.5347 0.0382812 56.2788 23.7212
2.23936 102.472 0.0358369 17.5281 0.0382729 56.2722 23.7278
2.24887 102.481 0.0358429 17.5194 0.0382618 56.2635 23.7365
2.25435 102.486 0.0358481 17.5145 0.0382556 56.2586 23.7414
2.26145 102.492 0.0358534 17.5082 0.0382476 56.2523 23.7477
2.27097 102.5 0.0358591 17.4998 0.038237 56.2439 23.7561
2.27645 102.505 0.0358641 17.495 0.038231 56.2391 23.7609
2.28356 102.511 0.0358692 17.4889 0.0382233 56.233 23.767
2.29307 102.519 0.0358747 17.4809 0.038213 56.225 23.775
2.29854 102.524 0.0358796 17.4763 0.0382072 56.2204 23.7796
2.30564 102.53 0.0358844 17.4705 0.0381998 56.2145 23.7855
2.31515 102.537 0.0358897 17.4627 0.0381899 56.2068 23.7932
2.32063 102.542 0.0358944 17.4583 0.0381844 56.2024 23.7976
2.32774 102.547 0.0358991 17.4527 0.0381772 56.1967 23.8033
2.33724 102.555 0.0359041 17.4452 0.0381677 56.1893 23.8107
2.34272 102.559 0.0359087 17.441 0.0381623 56.185 23.815
2.34982 102.564 0.0359132 17.4355 0.0381554 56.1796 23.8204
2.35933 102.572 0.035918 17.4283 0.0381462 56.1724 23.8276
2.3648 102.576 0.0359225 17.4242 0.0381411 56.1683 23.8317
2.3719 102.581 0.0359268 17.419 0.0381344 56.1631 23.8369
2.38141 102.588 0.0359314 17.4121 0.0381256 56.1561 23.8439
2.38688 102.592 0.0359357 17.4081 0.0381206 56.1522 23.8478
2.39398 102.597 0.0359399 17.4031 0.0381142 56.1472 23.8528
2.40348 102.604 0.0359442 17.3964 0.0381057 56.1405 23.8595
2.40896 102.607 0.0359484 17.3927 0.0381009 56.1367 23.8633
2.41606 102.612 0.0359525 17.3878 0.0380947 56.1318 23.8682
2.42556 102.619 0.0359566 17.3814 0.0380865 56.1254 23.8746
2.43103 102.622 0.0359607 17.3777 0.0380819 56.1218 23.8782
2.43812 102.627 0.0359646 17.373 0.038076 56.1171 23.8829
2.44763 102.633 0.0359685 17.3669 0.038068 56.1109 23.8891
2.4531 102.637 0.0359725 17.3634 0.0380636 56.1074 23.8926
2.4602 102.641 0.0359763 17.3588 0.0380579 56.1029 23.8971
2.46969 102.647 0.03598 17.3529 0.0380502 56.0969 23.9031
2.47517 102.65 0.0359839 17.3495 0.038046 56.0935 23.9065
2.48226 102.655 0.0359875 17.3452 0.0380404 56.0892 23.9108
2.49176 102.661 0.0359911 17.3394 0.0380331 56.0835 23.9165
2.49723 102.664 0.0359949 17.3362 0.038029 56.0802 23.9198
2.50432 102.668 0.0359983 17.332 0.0380236 56.076 23.924
2.51382 102.674 0.0360017 17.3265 0.0380166 56.0705 23.9295
2.51929 102.677 0.0360054 17.3234 0.0380126 56.0674 23.9326
2.52638 102.681 0.0360088 17.3193 0.0380075 56.0633 23.9367
2.53588 102.686 0.036012 17.314 0.0380006 56.058 23.942
2.54135 102.689 0.0360156 17.311 0.0379968 56.055 23.945
2.54844 102.693 0.0360188 17.3071 0.0379919 56.0511 23.9489
2.55793 102.698 0.0360218 17.302 0.0379853 56.046 23.954
2.5634 102.701 0.0360253 17.2991 0.0379816 56.0431 23.9569
2.57049 102.705 0.0360284 17.2954 0.0379769 56.0394 23.9606
2.57999 102.71 0.0360313 17.2904 0.0379705 56.0344 23.9656
2.58546 102.712 0.0360347 17.2876 0.037967 56.0316 23.9684
2.59255 102.716 0.0360377 17.284 0.0379624 56.028 23.972
2.60204 102.721 0.0360405 17.2793 0.0379563 56.0233 23.9767
2.60751 102.723 0.0360438 17.2766 0.0379529 56.0206 23.9794
2.6146 102.727 0.0360467 17.2731 0.0379485 56.0171 23.9829
2.62409 102.731 0.0360493 17.2685 0.0379426 56.0125 23.9875
2.62956 102.734 0.0360525 17.2659 0.0379393 56.0099 23.9901
2.63665 102.737 0.0360553 17.2626 0.037935 56.0066 23.9934
2.64613 102.742 0.0360578 17.2582 0.0379293 56.0022 23.9978
2.6516 102.744 0.0360609 17.2557 0.0379262 55.9997 24.0003
2.65869 102.748 0.0360636 17.2525 0.0379221 55.9965 24.0035
2.66818 102.752 0.0360659 17.2483 0.0379166 55.9922 24.0078
2.67365 102.754 0.036069 17.2458 0.0379136 55.9898 24.0102
2.68073 102.757 0.0360716 17.2427 0.0379096 55.9867 24.0133
2.69022 102.761 0.0360738 17.2387 0.0379043 55.9826 24.0174
2.69569 102.764 0.0360768 17.2363 0.0379014 55.9803 24.0197
2.70278 102.767 0.0360793 17.2334 0.0378976 55.9773 24.0227
2.71226 102.771 0.0360814 17.2294 0.0378925 55.9734 24.0266
2.71773 102.773 0.0360843 17.2272 0.0378897 55.9712 24.0288
2.72481 102.776 0.0360867 17.2243 0.037886 55.9683 24.0317
2.7343 102.779 0.0360887 17.2205 0.0378811 55.9645 24.0355
2.73977 102.782 0.0360915 17.2184 0.0378784 55.9624 24.0376
2.74685 102.784 0.0360938 17.2156 0.0378749 55.9596 24.0404
2.75634 102.788 0.0360957 17.212 0.0378702 55.9559 24.0441
2.7618 102.79 0.0360985 17.2099 0.0378676 55.9539 24.0461
2.76889 102.793 0.0361007 17.2072 0.0378641 55.9512 24.0488
2.77837 102.796 0.0361025 17.2037 0.0378596 55.9477 24.0523
2.78384 102.798 0.0361052 17.2017 0.0378571 55.9457 24.0543
2.79092 102.801 0.0361073 17.1992 0.0378538 55.9431 24.0569
2.8004 102.804 0.036109 17.1958 0.0378494 55.9397 24.0603
2.80587 102.806 0.0361116 17.1939 0.037847 55.9378 24.0622
2.81295 102.809 0.0361137 17.1914 0.0378438 55.9353 24.0647
2.82244 102.812 0.0361152 17.1881 0.0378396 55.9321 24.0679
2.8279 102.814 0.0361179 17.1863 0.0378373 55.9302 24.0698
2.83498 102.816 0.0361198 17.1839 0.0378342 55.9278 24.0722
2.84447 102.819 0.0361213 17.1808 0.0378302 55.9247 24.0753
2.84993 102.821 0.0361238 17.179 0.0378279 55.9229 24.0771
2.85701 102.823 0.0361258 17.1767 0.037825 55.9206 24.0794
2.86649 102.826 0.0361271 17.1737 0.0378211 55.9176 24.0824
2.87196 102.828 0.0361296 17.1719 0.0378189 55.9159 24.0841
2.87904 102.83 0.0361314 17.1697 0.0378161 55.9137 24.0863
2.88852 102.833 0.0361327 17.1668 0.0378123 55.9108 24.0892
2.89399 102.835 0.0361351 17.1652 0.0378102 55.9091 24.0909
2.90107 102.837 0.0361369 17.163 0.0378075 55.907 24.093
2.91055 102.84 0.0361381 17.1602 0.0378038 55.9042 24.0958
2.91601 102.841 0.0361405 17.1586 0.0378018 55.9026 24.0974
2.92309 102.843 0.0361422 17.1566 0.0377992 55.9005 24.0995
2.93257 102.846 0.0361433 17.1539 0.0377957 55.8978 24.1022
2.93803 102.848 0.0361456 17.1524 0.0377938 55.8963 24.1037
2.94512 102.85 0.0361473 17.1504 0.0377912 55.8943 24.1057
2.95459 102.852 0.0361483 17.1478 0.0377879 55.8917 24.1083
2.96006 102.854 0.0361506 17.1463 0.037786 55.8902 24.1098
2.96714 102.856 0.0361522 17.1444 0.0377836 55.8883 24.1117
2.97661 102.858 0.0361531 17.1419 0.0377803 55.8858 24.1142
2.98208 102.86 0.0361554 17.1405 0.0377785 55.8844 24.1156
2.98916 102.861 0.0361569 17.1386 0.0377762 55.8826 24.1174
2.99863 102.864 0.0361577 17.1362 0.037773 55.8802 24.1198
3 102.864 0.0361587 17.1359 0.0377726 55.8798 24.1202
