PSO_S_ODE_NonLinear
sample size:500 Nparts:300 Nsteps:40
mu: 80 250  85
covarMat:20  0  0
 0  5  0
 0  0 10

362
seedk:0.997185 0.932557 0.128124 0.999041 0.236089 0.396581
Xt: 0.587308   144.655   79.5463  0.275606   59.2988   25.6992  0.348179   20963.5   6346.82 0.0765992   3527.08   662.456   84.6115   46.9643  0.163028   34.7617   15.1729   11481.4   39.7486   8584.48   3709.31   22.0142   4711.88   2050.48   16.2747   7.11218   1522.28
PSO begins!
underflow!0.000647209
pos   0.776642    0.745553    0.741295    0.478005 0.000647209    0.140493
GBMAT from first PSO:

   0.997185    0.932557    0.128124    0.999041    0.236089    0.396581 7.35785e+08
   0.135315    0.110811    0.887126    0.135124    0.312328    0.279945 3.92931e+08
   0.206555    0.925849    0.619452    0.910309    0.395186    0.595614 1.38757e+08
   0.296617    0.425605    0.405579    0.487969   0.0650831    0.341256 2.60144e+06
   0.323596     0.29938    0.313309    0.325903    0.202022    0.275603 2.46908e+06
    0.31184    0.240725    0.292663    0.233361     0.31019     0.25965  1.6924e+06
   0.438073    0.246616    0.336402     0.35503    0.309486    0.295236 1.67954e+06
   0.402577    0.244512    0.323776    0.320564    0.310067    0.284891 1.64664e+06
   0.345467    0.287223    0.312261    0.388269    0.296851    0.272637 1.41319e+06
   0.375029    0.251996    0.249322    0.310966    0.310218     0.21594 1.21922e+06
   0.378073    0.243423    0.254345    0.312032    0.310218    0.221136  1.1503e+06
   0.365196    0.283395    0.239357    0.303753    0.299369    0.207986 1.12564e+06
   0.371364    0.264396    0.246482    0.307696    0.304486    0.214237 1.09269e+06
   0.371364    0.264225    0.246482    0.307696    0.298539    0.215163  1.0819e+06
   0.367933    0.132129    0.254474    0.410425     0.28436     0.22092 1.06699e+06
   0.368352    0.145819      0.2529    0.400244    0.286187    0.220099 1.00469e+06
   0.370966    0.139347    0.257807    0.398603    0.286868    0.226115      795784
    0.34897     0.13839    0.226222    0.438675     0.38094    0.196042      705798
   0.360023    0.150809    0.188529    0.382473    0.282748    0.158904      477382
   0.363504    0.148842    0.188807    0.369432    0.283581     0.15961      442198
   0.366236    0.100567    0.186782    0.403365     0.22632    0.157855      336360
   0.373588    0.151478    0.143978    0.325655    0.303869    0.116578      281475

truk 0.515996 0.0603199  0.103199  0.896801   0.05516 0.0722394
distance b/w truk and final GBVEC1.13854
CODE FINISHED RUNNING IN 189 s TIME!
Job Statistics for 1429584:
           JobID       User               Start                 End    Elapsed     MaxRSS   TotalCPU      State Exit        NodeList                                  ReqTRES 
---------------- ---------- ------------------- ------------------- ---------- ---------- ---------- ---------- ---- --------------- ---------------------------------------- 
         1429584   rsjxw007 2021-07-19T14:40:35 2021-07-19T14:43:45   00:03:10             44:36.310  COMPLETED  0:0   r1pl-hpcf-n23     billing=20,cpu=20,mem=156240M,node=1 
   1429584.batch            2021-07-19T14:40:35 2021-07-19T14:43:45   00:03:10      1.15M  44:36.308  COMPLETED  0:0   r1pl-hpcf-n23                                          
  1429584.extern            2021-07-19T14:40:35 2021-07-19T14:43:45   00:03:10          0  00:00.001  COMPLETED  0:0   r1pl-hpcf-n23                                          
CPU Efficiency: 70.42% of 01:03:20 core-walltime
