PSO_S_ODE_NonLinear
sample size:10000 Nparts:300 Nsteps:40
339
mu:4.78334 5.52142 4.38156
covarMat:  0.0082988           0           0
          0 7.99968e-05           0
          0           0 0.000937061

362
Xt:  3.6744  1.23404  1.10877  2.62323  3.82657 0.555239  13.5086  1.52341  1.22942  6.88168  14.6434 0.308302   4.5324  4.07453  9.64009    14.06   2.0404  1.36817  3.23679  4.72236 0.685138  2.90861  4.24288 0.615657  10.0376  1.45654   2.1247
PSO begins!
underflow!0.000797372
pos   0.831668    0.371645    0.361398    0.626216 0.000797372    0.065661
GBMAT from first PSO:

   0.298573    0.830847    0.389649   0.0972413    0.979826    0.778102     786.847
  0.0917497    0.365415   0.0643718    0.528904    0.256447    0.156908      610.26
   0.526358   0.0165758    0.532736     0.32299   0.0902638    0.579877     158.111
   0.632754    0.741138    0.371555    0.671956    0.199617    0.306166     90.3516
   0.428314    0.596558    0.290575    0.608097    0.185017    0.142755     80.4144
   0.447816    0.677068    0.155271    0.376173    0.125045    0.110137     76.4184
   0.417033    0.687656    0.238576    0.569879    0.105061    0.114942       71.61
   0.480951    0.590326    0.245245    0.549281    0.153123    0.176416     70.5431
   0.458003    0.581995    0.180017    0.555435    0.125594    0.143349     67.7647
   0.480951    0.522244    0.245245     0.58594    0.135206    0.176416       60.42
   0.455929    0.451192    0.245245    0.661426    0.116781    0.150074     45.7583
   0.455929    0.451192    0.245245    0.661426    0.116781    0.150074     45.7262
   0.473507    0.400608    0.238179    0.722855   0.0966721    0.119917     42.5277
   0.461274    0.423353    0.225222    0.656306    0.103074    0.125432     40.7401
   0.661144    0.584718   0.0897212    0.244852   0.0418423   0.0457217      38.401
   0.522437    0.493111    0.159106    0.557872   0.0479734    0.104374     28.3851
   0.553824    0.309035    0.158195    0.673547    0.051169   0.0966931      15.261
   0.584843     0.41677    0.124494    0.626733   0.0245661   0.0783936     13.3685
    0.67424    0.262468    0.150972    0.629151   0.0533726    0.104749     10.4126
    0.61908     0.29022    0.121288     0.64851   0.0429556   0.0806057     8.39499
   0.756005    0.306948    0.122867    0.686679   0.0429556   0.0778789     6.92445
   0.756005    0.263817    0.122867    0.686679   0.0429556   0.0778789      6.1224
   0.749841    0.263346    0.122815    0.685796   0.0430393   0.0784001      6.0063
   0.712924    0.272504    0.120996    0.676924   0.0407641      0.0804     5.80018
   0.749841    0.263346    0.122815    0.685796   0.0367213   0.0784001     5.55278
   0.712924    0.263261    0.114355    0.694109   0.0380411    0.075685     4.85743
   0.725352    0.241056    0.116334    0.702572   0.0306108   0.0755676     4.18268
     0.7654    0.187461    0.122018     0.68394   0.0157502   0.0815087     2.35005
   0.764407    0.191654    0.121334    0.685311   0.0175337   0.0833337     2.31312
   0.740753    0.132302    0.073915     0.68838   0.0205427   0.0496843    0.347491
   0.740972    0.142142   0.0767794    0.704936   0.0212649   0.0527165    0.341354
   0.727008    0.135388   0.0712685    0.676765   0.0193824   0.0495993    0.281994
   0.745761   0.0826959   0.0804955    0.688724   0.0197025   0.0547472    0.207708
   0.773025    0.133724   0.0675773    0.723049   0.0212649   0.0461918   0.0806398
     0.7662    0.101066    0.058873    0.710255   0.0211813   0.0403089   0.0261532
   0.747805    0.112415   0.0642648    0.710448   0.0189905   0.0440115   0.0153019
   0.766792    0.115908   0.0613421    0.709605   0.0188381   0.0418433  0.00518052
   0.746626    0.101618   0.0595596    0.723248   0.0195993   0.0403532  0.00288752
   0.754636     0.10397   0.0594434    0.721934   0.0193392   0.0403179  0.00267241
   0.747789    0.106507   0.0602231    0.717258   0.0180378   0.0408597  0.00159184
   0.747444    0.105311   0.0601526    0.718114   0.0182989   0.0408556  0.00147072
   0.745972    0.100425   0.0627145    0.711053   0.0174814   0.0427694  0.00104782
   0.746002    0.101805   0.0628561    0.710974   0.0173735   0.0428768 0.000534136
   0.741504    0.101625   0.0623051    0.712147   0.0172472   0.0425203  0.00029198
   0.740246    0.101758   0.0621236    0.712128   0.0173797   0.0423727  0.00028324
   0.740478    0.101818   0.0621168    0.698948   0.0173627   0.0423611 9.59477e-05
   0.740881    0.101162   0.0618898    0.697954   0.0172599   0.0421967 7.54904e-05
   0.740947    0.103123   0.0615293    0.691964   0.0165739   0.0419067 2.15848e-05

truk  0.515996  0.0103199   0.103199   0.896801 0.00515996  0.0722394
distance b/w truk and final GBVEC 0.606008
 targeted pso has begun!
CODE FINISHED RUNNING IN 475 s TIME!
Job Statistics for 1425850:
           JobID       User               Start                 End    Elapsed     MaxRSS   TotalCPU      State Exit        NodeList                                  ReqTRES 
---------------- ---------- ------------------- ------------------- ---------- ---------- ---------- ---------- ---- --------------- ---------------------------------------- 
         1425850   rsjxw007 2021-07-15T10:54:28 2021-07-15T11:02:25   00:07:57              01:59:38  COMPLETED  0:0   r1pl-hpcf-n21     billing=20,cpu=20,mem=156240M,node=1 
   1425850.batch            2021-07-15T10:54:28 2021-07-15T11:02:25   00:07:57      2.08M   01:59:38  COMPLETED  0:0   r1pl-hpcf-n21                                          
  1425850.extern            2021-07-15T10:54:28 2021-07-15T11:02:25   00:07:57          0  00:00.001  COMPLETED  0:0   r1pl-hpcf-n21                                          
CPU Efficiency: 75.25% of 02:39:00 core-walltime
