PSO_S_ODE_NonLinear
Using two part PSO Sample Size:5000 with:27 moments.
Using Record Time:10.25
Bounds for Uniform Distribution (0,1)
Blind PSO --> nParts:5 Nsteps:2
Targeted PSO --> nParts:60 Nsteps:10
sdbeta:0.1
wt:
1 0 0 0 0 0 0 0 0 0 0 0 0 0 0 0 0 0 0 0 0 0 0 0 0 0 0
0 1 0 0 0 0 0 0 0 0 0 0 0 0 0 0 0 0 0 0 0 0 0 0 0 0 0
0 0 1 0 0 0 0 0 0 0 0 0 0 0 0 0 0 0 0 0 0 0 0 0 0 0 0
0 0 0 1 0 0 0 0 0 0 0 0 0 0 0 0 0 0 0 0 0 0 0 0 0 0 0
0 0 0 0 1 0 0 0 0 0 0 0 0 0 0 0 0 0 0 0 0 0 0 0 0 0 0
0 0 0 0 0 1 0 0 0 0 0 0 0 0 0 0 0 0 0 0 0 0 0 0 0 0 0
0 0 0 0 0 0 1 0 0 0 0 0 0 0 0 0 0 0 0 0 0 0 0 0 0 0 0
0 0 0 0 0 0 0 1 0 0 0 0 0 0 0 0 0 0 0 0 0 0 0 0 0 0 0
0 0 0 0 0 0 0 0 1 0 0 0 0 0 0 0 0 0 0 0 0 0 0 0 0 0 0
0 0 0 0 0 0 0 0 0 1 0 0 0 0 0 0 0 0 0 0 0 0 0 0 0 0 0
0 0 0 0 0 0 0 0 0 0 1 0 0 0 0 0 0 0 0 0 0 0 0 0 0 0 0
0 0 0 0 0 0 0 0 0 0 0 1 0 0 0 0 0 0 0 0 0 0 0 0 0 0 0
0 0 0 0 0 0 0 0 0 0 0 0 1 0 0 0 0 0 0 0 0 0 0 0 0 0 0
0 0 0 0 0 0 0 0 0 0 0 0 0 1 0 0 0 0 0 0 0 0 0 0 0 0 0
0 0 0 0 0 0 0 0 0 0 0 0 0 0 1 0 0 0 0 0 0 0 0 0 0 0 0
0 0 0 0 0 0 0 0 0 0 0 0 0 0 0 1 0 0 0 0 0 0 0 0 0 0 0
0 0 0 0 0 0 0 0 0 0 0 0 0 0 0 0 1 0 0 0 0 0 0 0 0 0 0
0 0 0 0 0 0 0 0 0 0 0 0 0 0 0 0 0 1 0 0 0 0 0 0 0 0 0
0 0 0 0 0 0 0 0 0 0 0 0 0 0 0 0 0 0 1 0 0 0 0 0 0 0 0
0 0 0 0 0 0 0 0 0 0 0 0 0 0 0 0 0 0 0 1 0 0 0 0 0 0 0
0 0 0 0 0 0 0 0 0 0 0 0 0 0 0 0 0 0 0 0 1 0 0 0 0 0 0
0 0 0 0 0 0 0 0 0 0 0 0 0 0 0 0 0 0 0 0 0 1 0 0 0 0 0
0 0 0 0 0 0 0 0 0 0 0 0 0 0 0 0 0 0 0 0 0 0 1 0 0 0 0
0 0 0 0 0 0 0 0 0 0 0 0 0 0 0 0 0 0 0 0 0 0 0 1 0 0 0
0 0 0 0 0 0 0 0 0 0 0 0 0 0 0 0 0 0 0 0 0 0 0 0 1 0 0
0 0 0 0 0 0 0 0 0 0 0 0 0 0 0 0 0 0 0 0 0 0 0 0 0 1 0
0 0 0 0 0 0 0 0 0 0 0 0 0 0 0 0 0 0 0 0 0 0 0 0 0 0 1
mu: 80 120  85
covarMat:
 50   0   0
  0 100   0
  0   0  50

Yt:  3.47827   4.38363   2.74525  0.101254   7.23014   2.21154   48.2129   124.731   14.1333 0.0126464   173.507   9.34937  0.768099   10.3282  0.507613   11.6039   9.37188   16.8787  0.146081   141.756   12.5519  0.290201   31.3022    11.441  0.448929  0.242869   24.2358
seedk: 0.515996 0.0603199  0.103199  0.896801   0.05516 0.0722394| cost:138.832
Xt:  3.53183    4.0996   2.82025  0.103433   7.02328   2.27235   48.0362   117.557   14.8561 0.0130088   167.481   9.66517  0.788203    10.247  0.517776    11.553   9.27807   17.0792  0.145114   134.782   12.7087  0.303086   32.2384   11.9295  0.461208  0.253118   24.8913
PSO begins!
New GBMAT from blind pso!
 0.515996 0.0603199  0.103199  0.896801   0.05516 0.0722394   138.832
 0.515996 0.0603199  0.103199  0.896801   0.05516 0.0722394   138.832


New GBMAT from blind pso!
 0.515996 0.0603199  0.103199  0.896801   0.05516 0.0722394   138.832
 0.515996 0.0603199  0.103199  0.896801   0.05516 0.0722394   138.832
 0.509585 0.0603199  0.103199  0.896801   0.05516 0.0722394   137.911


GBMAT from blind PSO:

 0.515996 0.0603199  0.103199  0.896801   0.05516 0.0722394   138.832
 0.515996 0.0603199  0.103199  0.896801   0.05516 0.0722394   138.832
 0.509585 0.0603199  0.103199  0.896801   0.05516 0.0722394   137.911

truk:  0.515996 0.0603199  0.103199  0.896801   0.05516 0.0722394
total difference b/w truk and final GBVEC4.11004e-05

targeted PSO has started!
Updating Weight Matrix!
GBVEC AND COST: 0.509585 0.0603199  0.103199  0.896801   0.05516 0.0722394   137.911
Chkpt reached!
new weight matrix:
  0.0139316           0           0           0           0           0           0           0           0           0           0           0           0           0           0           0           0           0           0           0           0           0           0           0           0           0           0
          0  0.00474583           0           0           0           0           0           0           0           0           0           0           0           0           0           0           0           0           0           0           0           0           0           0           0           0           0
          0           0   0.0733668           0           0           0           0           0           0           0           0           0           0           0           0           0           0           0           0           0           0           0           0           0           0           0           0
          0           0           0     210.947           0           0           0           0           0           0           0           0           0           0           0           0           0           0           0           0           0           0           0           0           0           0           0
          0           0           0           0  0.00407609           0           0           0           0           0           0           0           0           0           0           0           0           0           0           0           0           0           0           0           0           0           0
          0           0           0           0           0    0.110747           0           0           0           0           0           0           0           0           0           0           0           0           0           0           0           0           0           0           0           0           0
          0           0           0           0           0           0 7.71068e-06           0           0           0           0           0           0           0           0           0           0           0           0           0           0           0           0           0           0           0           0
          0           0           0           0           0           0           0 5.16509e-07           0           0           0           0           0           0           0           0           0           0           0           0           0           0           0           0           0           0           0
          0           0           0           0           0           0           0           0 0.000298551           0           0           0           0           0           0           0           0           0           0           0           0           0           0           0           0           0           0
          0           0           0           0           0           0           0           0           0     6311.07           0           0           0           0           0           0           0           0           0           0           0           0           0           0           0           0           0
          0           0           0           0           0           0           0           0           0           0 4.36214e-07           0           0           0           0           0           0           0           0           0           0           0           0           0           0           0           0
          0           0           0           0           0           0           0           0           0           0           0 0.000679868           0           0           0           0           0           0           0           0           0           0           0           0           0           0           0
          0           0           0           0           0           0           0           0           0           0           0           0    0.857978           0           0           0           0           0           0           0           0           0           0           0           0           0           0
          0           0           0           0           0           0           0           0           0           0           0           0           0 0.000479197           0           0           0           0           0           0           0           0           0           0           0           0           0
          0           0           0           0           0           0           0           0           0           0           0           0           0           0    0.565278           0           0           0           0           0           0           0           0           0           0           0           0
          0           0           0           0           0           0           0           0           0           0           0           0           0           0           0 0.000453191           0           0           0           0           0           0           0           0           0           0           0
          0           0           0           0           0           0           0           0           0           0           0           0           0           0           0           0 0.000535927           0           0           0           0           0           0           0           0           0           0
          0           0           0           0           0           0           0           0           0           0           0           0           0           0           0           0           0 0.000130707           0           0           0           0           0           0           0           0           0
          0           0           0           0           0           0           0           0           0           0           0           0           0           0           0           0           0           0     10.9233           0           0           0           0           0           0           0           0
          0           0           0           0           0           0           0           0           0           0           0           0           0           0           0           0           0           0           0  4.7728e-07           0           0           0           0           0           0           0
          0           0           0           0           0           0           0           0           0           0           0           0           0           0           0           0           0           0           0           0  0.00023572           0           0           0           0           0           0
          0           0           0           0           0           0           0           0           0           0           0           0           0           0           0           0           0           0           0           0           0     4.02081           0           0           0           0           0
          0           0           0           0           0           0           0           0           0           0           0           0           0           0           0           0           0           0           0           0           0           0 6.49398e-05           0           0           0           0
          0           0           0           0           0           0           0           0           0           0           0           0           0           0           0           0           0           0           0           0           0           0           0 0.000458669           0           0           0
          0           0           0           0           0           0           0           0           0           0           0           0           0           0           0           0           0           0           0           0           0           0           0           0     2.70832           0           0
          0           0           0           0           0           0           0           0           0           0           0           0           0           0           0           0           0           0           0           0           0           0           0           0           0     5.33073           0
          0           0           0           0           0           0           0           0           0           0           0           0           0           0           0           0           0           0           0           0           0           0           0           0           0           0 0.000113013

New PBMAT:
   0.550224     0.11361   0.0227492    0.990363    0.157174    0.100872  0.00582694
   0.532353   0.0890206    0.266729    0.985285  0.00497726    0.137723  0.00582694
   0.523278   0.0212485    0.133784    0.961064    0.274989    0.131574  0.00582694
   0.432188  0.00822905   0.0439209    0.908416  0.00593272   0.0236286  0.00582694
   0.512911   0.0174805   0.0816105    0.684929   0.0607823    0.168051  0.00582694
   0.469892  0.00445856   0.0750104    0.968409   0.0195481   0.0280549  0.00582694
   0.591677   0.0662627   0.0857313    0.810572   0.0308483   0.0855593  0.00582694
   0.457008   0.0541598    0.121897    0.920359  0.00622033   0.0863209  0.00582694
   0.623515   0.0649204   0.0648956    0.918033    0.150098    0.162023  0.00582694
   0.663943  0.00606268    0.214717    0.754804     0.02219   0.0870531  0.00582694
   0.578373   0.0486567   0.0853031    0.849485   0.0256149  0.00881548  0.00582694
   0.602644   0.0123813   0.0720775    0.859496     0.25936   0.0476448  0.00582694
   0.489235   0.0104968   0.0636024    0.869604   0.0438151  0.00234167  0.00582694
    0.48529    0.139571    0.112491    0.889981    0.178029   0.0329881  0.00582694
   0.507891    0.271699    0.121318    0.895494   0.0148696   0.0248098  0.00582694
   0.358334   0.0109476   0.0763037    0.891263   0.0764457   0.0363945  0.00582694
   0.449064   0.0427721    0.075696    0.866826    0.167203    0.042353  0.00582694
   0.475286   0.0417383    0.115818    0.932495   0.0139741   0.0302167  0.00582694
   0.607914   0.0050603      0.1915     0.85947    0.100671   0.0239269  0.00582694
   0.564166   0.0124457    0.125614    0.920538   0.0659231   0.0185357  0.00582694
    0.38784     0.10419    0.287794    0.853035    0.122978  0.00409015  0.00582694
   0.535754   0.0843416   0.0347895     0.88403   0.0146889 0.000379714  0.00582694
   0.551567   0.0738252    0.282672    0.727406   0.0133821    0.217081  0.00582694
   0.540135   0.0290287   0.0907846    0.792832   0.0139099   0.0257776  0.00582694
   0.415434   0.0231734    0.145174    0.879728   0.0415645   0.0184991  0.00582694
   0.572775   0.0631016  0.00967464    0.910871    0.118032   0.0891267  0.00582694
   0.663565   0.0020607    0.180579    0.987456  0.00792398   0.0722744  0.00582694
   0.452834  0.00139432   0.0757388    0.936604  0.00593357    0.037955  0.00582694
   0.594216 0.000258495    0.153952    0.950297    0.141765    0.055522  0.00582694
   0.421967    0.141906   0.0768573    0.984456    0.058244   0.0162142  0.00582694
   0.492501  0.00293657   0.0734504    0.918458    0.001425    0.141987  0.00582694
   0.479457  0.00205956   0.0491325    0.913907   0.0276612  0.00169908  0.00582694
   0.560173 0.000312801   0.0959411    0.950236  0.00765434   0.0315097  0.00582694
   0.397785   0.0446786   0.0589175    0.987224   0.0473203   0.0593955  0.00582694
   0.521339  0.00728666    0.146022    0.922099   0.0604667    0.111854  0.00582694
   0.493838   0.0119928    0.109379    0.928518    0.016284   0.0394149  0.00582694
   0.486159   0.0918303    0.108268    0.747758   0.0198534   0.0772843  0.00582694
   0.616132   0.0516395    0.158732    0.995581   0.0228906   0.0269545  0.00582694
   0.504626    0.026511   0.0964648    0.814575   0.0379497   0.0709612  0.00582694
   0.585152   0.0987921    0.055305    0.983824  0.00807324  0.00374786  0.00582694
   0.608609   0.0620227    0.209168    0.876254   0.0132913   0.0543174  0.00582694
   0.461577   0.0669283    0.104607    0.981698    0.021237   0.0125781  0.00582694
    0.46778   0.0261325   0.0950916    0.938119    0.016434   0.0180705  0.00582694
   0.417848  0.00249105   0.0542567    0.965712   0.0373437    0.151605  0.00582694
   0.512794    0.198478    0.197998    0.938752    0.285589    0.166077  0.00582694
   0.537209   0.0181346   0.0685126    0.880834  0.00873748   0.0485562  0.00582694
   0.580612   0.0290712    0.161084    0.862203 0.000303029  0.00164566  0.00582694
   0.521964   0.0293492   0.0873279    0.971388    0.184491     0.16729  0.00582694
   0.568244    0.055867    0.186551    0.878104   0.0501337     0.11969  0.00582694
   0.557184   0.0136849   0.0190795    0.940437  0.00383082   0.0707027  0.00582694
   0.510577   0.0625799   0.0277383    0.939291   0.0709141    0.065956  0.00582694
   0.507831   0.0313002  0.00441277    0.957839  0.00880287    0.164576  0.00582694
   0.492447   0.0632243   0.0156738    0.884944    0.020068   0.0551526  0.00582694
   0.536208   0.0514907   0.0429899    0.960693  0.00849467   0.0687044  0.00582694
   0.551355   0.0404189   0.0889447    0.769637  0.00106741   0.0970856  0.00582694
   0.612004    0.144748   0.0568953     0.87819  0.00334782   0.0536663  0.00582694
   0.407452   0.0054336   0.0589985    0.852612  0.00513066   0.0436084  0.00582694
   0.624698  0.00524792    0.103442    0.948636  0.00907665   0.0827828  0.00582694
   0.526398  0.00627192    0.023123    0.974207   0.0574463   0.0582396  0.00582694
   0.503463  0.00134364    0.034957    0.881791    0.219875   0.0410471  0.00582694

Updating Weight Matrix!
GBVEC AND COST:  0.509585  0.0603199   0.103199   0.896801    0.05516  0.0722394 0.00582694
Chkpt reached!
new weight matrix:
  0.0139316           0           0           0           0           0           0           0           0           0           0           0           0           0           0           0           0           0           0           0           0           0           0           0           0           0           0
          0  0.00474583           0           0           0           0           0           0           0           0           0           0           0           0           0           0           0           0           0           0           0           0           0           0           0           0           0
          0           0   0.0733668           0           0           0           0           0           0           0           0           0           0           0           0           0           0           0           0           0           0           0           0           0           0           0           0
          0           0           0     210.947           0           0           0           0           0           0           0           0           0           0           0           0           0           0           0           0           0           0           0           0           0           0           0
          0           0           0           0  0.00407609           0           0           0           0           0           0           0           0           0           0           0           0           0           0           0           0           0           0           0           0           0           0
          0           0           0           0           0    0.110747           0           0           0           0           0           0           0           0           0           0           0           0           0           0           0           0           0           0           0           0           0
          0           0           0           0           0           0 7.71068e-06           0           0           0           0           0           0           0           0           0           0           0           0           0           0           0           0           0           0           0           0
          0           0           0           0           0           0           0 5.16509e-07           0           0           0           0           0           0           0           0           0           0           0           0           0           0           0           0           0           0           0
          0           0           0           0           0           0           0           0 0.000298551           0           0           0           0           0           0           0           0           0           0           0           0           0           0           0           0           0           0
          0           0           0           0           0           0           0           0           0     6311.07           0           0           0           0           0           0           0           0           0           0           0           0           0           0           0           0           0
          0           0           0           0           0           0           0           0           0           0 4.36214e-07           0           0           0           0           0           0           0           0           0           0           0           0           0           0           0           0
          0           0           0           0           0           0           0           0           0           0           0 0.000679868           0           0           0           0           0           0           0           0           0           0           0           0           0           0           0
          0           0           0           0           0           0           0           0           0           0           0           0    0.857978           0           0           0           0           0           0           0           0           0           0           0           0           0           0
          0           0           0           0           0           0           0           0           0           0           0           0           0 0.000479197           0           0           0           0           0           0           0           0           0           0           0           0           0
          0           0           0           0           0           0           0           0           0           0           0           0           0           0    0.565278           0           0           0           0           0           0           0           0           0           0           0           0
          0           0           0           0           0           0           0           0           0           0           0           0           0           0           0 0.000453191           0           0           0           0           0           0           0           0           0           0           0
          0           0           0           0           0           0           0           0           0           0           0           0           0           0           0           0 0.000535927           0           0           0           0           0           0           0           0           0           0
          0           0           0           0           0           0           0           0           0           0           0           0           0           0           0           0           0 0.000130707           0           0           0           0           0           0           0           0           0
          0           0           0           0           0           0           0           0           0           0           0           0           0           0           0           0           0           0     10.9233           0           0           0           0           0           0           0           0
          0           0           0           0           0           0           0           0           0           0           0           0           0           0           0           0           0           0           0  4.7728e-07           0           0           0           0           0           0           0
          0           0           0           0           0           0           0           0           0           0           0           0           0           0           0           0           0           0           0           0  0.00023572           0           0           0           0           0           0
          0           0           0           0           0           0           0           0           0           0           0           0           0           0           0           0           0           0           0           0           0     4.02081           0           0           0           0           0
          0           0           0           0           0           0           0           0           0           0           0           0           0           0           0           0           0           0           0           0           0           0 6.49398e-05           0           0           0           0
          0           0           0           0           0           0           0           0           0           0           0           0           0           0           0           0           0           0           0           0           0           0           0 0.000458669           0           0           0
          0           0           0           0           0           0           0           0           0           0           0           0           0           0           0           0           0           0           0           0           0           0           0           0     2.70832           0           0
          0           0           0           0           0           0           0           0           0           0           0           0           0           0           0           0           0           0           0           0           0           0           0           0           0     5.33073           0
          0           0           0           0           0           0           0           0           0           0           0           0           0           0           0           0           0           0           0           0           0           0           0           0           0           0 0.000113013

Updating Weight Matrix!
GBVEC AND COST:  0.509585  0.0603199   0.103199   0.896801    0.05516  0.0722394 0.00582694
Chkpt reached!
new weight matrix:
  0.0139316           0           0           0           0           0           0           0           0           0           0           0           0           0           0           0           0           0           0           0           0           0           0           0           0           0           0
          0  0.00474583           0           0           0           0           0           0           0           0           0           0           0           0           0           0           0           0           0           0           0           0           0           0           0           0           0
          0           0   0.0733668           0           0           0           0           0           0           0           0           0           0           0           0           0           0           0           0           0           0           0           0           0           0           0           0
          0           0           0     210.947           0           0           0           0           0           0           0           0           0           0           0           0           0           0           0           0           0           0           0           0           0           0           0
          0           0           0           0  0.00407609           0           0           0           0           0           0           0           0           0           0           0           0           0           0           0           0           0           0           0           0           0           0
          0           0           0           0           0    0.110747           0           0           0           0           0           0           0           0           0           0           0           0           0           0           0           0           0           0           0           0           0
          0           0           0           0           0           0 7.71068e-06           0           0           0           0           0           0           0           0           0           0           0           0           0           0           0           0           0           0           0           0
          0           0           0           0           0           0           0 5.16509e-07           0           0           0           0           0           0           0           0           0           0           0           0           0           0           0           0           0           0           0
          0           0           0           0           0           0           0           0 0.000298551           0           0           0           0           0           0           0           0           0           0           0           0           0           0           0           0           0           0
          0           0           0           0           0           0           0           0           0     6311.07           0           0           0           0           0           0           0           0           0           0           0           0           0           0           0           0           0
          0           0           0           0           0           0           0           0           0           0 4.36214e-07           0           0           0           0           0           0           0           0           0           0           0           0           0           0           0           0
          0           0           0           0           0           0           0           0           0           0           0 0.000679868           0           0           0           0           0           0           0           0           0           0           0           0           0           0           0
          0           0           0           0           0           0           0           0           0           0           0           0    0.857978           0           0           0           0           0           0           0           0           0           0           0           0           0           0
          0           0           0           0           0           0           0           0           0           0           0           0           0 0.000479197           0           0           0           0           0           0           0           0           0           0           0           0           0
          0           0           0           0           0           0           0           0           0           0           0           0           0           0    0.565278           0           0           0           0           0           0           0           0           0           0           0           0
          0           0           0           0           0           0           0           0           0           0           0           0           0           0           0 0.000453191           0           0           0           0           0           0           0           0           0           0           0
          0           0           0           0           0           0           0           0           0           0           0           0           0           0           0           0 0.000535927           0           0           0           0           0           0           0           0           0           0
          0           0           0           0           0           0           0           0           0           0           0           0           0           0           0           0           0 0.000130707           0           0           0           0           0           0           0           0           0
          0           0           0           0           0           0           0           0           0           0           0           0           0           0           0           0           0           0     10.9233           0           0           0           0           0           0           0           0
          0           0           0           0           0           0           0           0           0           0           0           0           0           0           0           0           0           0           0  4.7728e-07           0           0           0           0           0           0           0
          0           0           0           0           0           0           0           0           0           0           0           0           0           0           0           0           0           0           0           0  0.00023572           0           0           0           0           0           0
          0           0           0           0           0           0           0           0           0           0           0           0           0           0           0           0           0           0           0           0           0     4.02081           0           0           0           0           0
          0           0           0           0           0           0           0           0           0           0           0           0           0           0           0           0           0           0           0           0           0           0 6.49398e-05           0           0           0           0
          0           0           0           0           0           0           0           0           0           0           0           0           0           0           0           0           0           0           0           0           0           0           0 0.000458669           0           0           0
          0           0           0           0           0           0           0           0           0           0           0           0           0           0           0           0           0           0           0           0           0           0           0           0     2.70832           0           0
          0           0           0           0           0           0           0           0           0           0           0           0           0           0           0           0           0           0           0           0           0           0           0           0           0     5.33073           0
          0           0           0           0           0           0           0           0           0           0           0           0           0           0           0           0           0           0           0           0           0           0           0           0           0           0 0.000113013

GBMAT after targeted PSO:
  0.515996  0.0603199   0.103199   0.896801    0.05516  0.0722394    138.832
  0.515996  0.0603199   0.103199   0.896801    0.05516  0.0722394    138.832
  0.509585  0.0603199   0.103199   0.896801    0.05516  0.0722394    137.911
  0.509585  0.0603199   0.103199   0.896801    0.05516  0.0722394 0.00582694
  0.509585  0.0603199   0.103199   0.896801    0.05516  0.0722394 0.00582694
  0.509585  0.0603199   0.103199   0.896801    0.05516  0.0722394 0.00582694
  0.509585  0.0603199   0.103199   0.896801    0.05516  0.0722394 0.00582694
  0.509585  0.0603199   0.103199   0.896801    0.05516  0.0722394 0.00582694
  0.509585  0.0603199   0.103199   0.896801    0.05516  0.0722394 0.00582694
  0.509585  0.0603199   0.103199   0.896801    0.05516  0.0722394 0.00582694
  0.509585  0.0603199   0.103199   0.896801    0.05516  0.0722394 0.00582694
  0.509585  0.0603199   0.103199   0.896801    0.05516  0.0722394 0.00582694
  0.509585  0.0603199   0.103199   0.896801    0.05516  0.0722394 0.00582694
  0.509585  0.0603199   0.103199   0.896801    0.05516  0.0722394 0.00582694
  0.509585  0.0603199   0.103199   0.896801    0.05516  0.0722394 0.00582694
  0.509585  0.0603199   0.103199   0.896801    0.05516  0.0722394 0.00582694
truk:  0.515996 0.0603199  0.103199  0.896801   0.05516 0.0722394
total difference b/w truk and final GBVEC:4.11004e-05
Wt:
  0.0139316           0           0           0           0           0           0           0           0           0           0           0           0           0           0           0           0           0           0           0           0           0           0           0           0           0           0
          0  0.00474583           0           0           0           0           0           0           0           0           0           0           0           0           0           0           0           0           0           0           0           0           0           0           0           0           0
          0           0   0.0733668           0           0           0           0           0           0           0           0           0           0           0           0           0           0           0           0           0           0           0           0           0           0           0           0
          0           0           0     210.947           0           0           0           0           0           0           0           0           0           0           0           0           0           0           0           0           0           0           0           0           0           0           0
          0           0           0           0  0.00407609           0           0           0           0           0           0           0           0           0           0           0           0           0           0           0           0           0           0           0           0           0           0
          0           0           0           0           0    0.110747           0           0           0           0           0           0           0           0           0           0           0           0           0           0           0           0           0           0           0           0           0
          0           0           0           0           0           0 7.71068e-06           0           0           0           0           0           0           0           0           0           0           0           0           0           0           0           0           0           0           0           0
          0           0           0           0           0           0           0 5.16509e-07           0           0           0           0           0           0           0           0           0           0           0           0           0           0           0           0           0           0           0
          0           0           0           0           0           0           0           0 0.000298551           0           0           0           0           0           0           0           0           0           0           0           0           0           0           0           0           0           0
          0           0           0           0           0           0           0           0           0     6311.07           0           0           0           0           0           0           0           0           0           0           0           0           0           0           0           0           0
          0           0           0           0           0           0           0           0           0           0 4.36214e-07           0           0           0           0           0           0           0           0           0           0           0           0           0           0           0           0
          0           0           0           0           0           0           0           0           0           0           0 0.000679868           0           0           0           0           0           0           0           0           0           0           0           0           0           0           0
          0           0           0           0           0           0           0           0           0           0           0           0    0.857978           0           0           0           0           0           0           0           0           0           0           0           0           0           0
          0           0           0           0           0           0           0           0           0           0           0           0           0 0.000479197           0           0           0           0           0           0           0           0           0           0           0           0           0
          0           0           0           0           0           0           0           0           0           0           0           0           0           0    0.565278           0           0           0           0           0           0           0           0           0           0           0           0
          0           0           0           0           0           0           0           0           0           0           0           0           0           0           0 0.000453191           0           0           0           0           0           0           0           0           0           0           0
          0           0           0           0           0           0           0           0           0           0           0           0           0           0           0           0 0.000535927           0           0           0           0           0           0           0           0           0           0
          0           0           0           0           0           0           0           0           0           0           0           0           0           0           0           0           0 0.000130707           0           0           0           0           0           0           0           0           0
          0           0           0           0           0           0           0           0           0           0           0           0           0           0           0           0           0           0     10.9233           0           0           0           0           0           0           0           0
          0           0           0           0           0           0           0           0           0           0           0           0           0           0           0           0           0           0           0  4.7728e-07           0           0           0           0           0           0           0
          0           0           0           0           0           0           0           0           0           0           0           0           0           0           0           0           0           0           0           0  0.00023572           0           0           0           0           0           0
          0           0           0           0           0           0           0           0           0           0           0           0           0           0           0           0           0           0           0           0           0     4.02081           0           0           0           0           0
          0           0           0           0           0           0           0           0           0           0           0           0           0           0           0           0           0           0           0           0           0           0 6.49398e-05           0           0           0           0
          0           0           0           0           0           0           0           0           0           0           0           0           0           0           0           0           0           0           0           0           0           0           0 0.000458669           0           0           0
          0           0           0           0           0           0           0           0           0           0           0           0           0           0           0           0           0           0           0           0           0           0           0           0     2.70832           0           0
          0           0           0           0           0           0           0           0           0           0           0           0           0           0           0           0           0           0           0           0           0           0           0           0           0     5.33073           0
          0           0           0           0           0           0           0           0           0           0           0           0           0           0           0           0           0           0           0           0           0           0           0           0           0           0 0.000113013
CODE FINISHED RUNNING IN 48 s TIME!
Job Statistics for 1999236:
           JobID       User               Start                 End    Elapsed     MaxRSS   TotalCPU      State Exit        NodeList                                  ReqTRES 
---------------- ---------- ------------------- ------------------- ---------- ---------- ---------- ---------- ---- --------------- ---------------------------------------- 
         1999236   rsjxw007 2021-08-20T09:49:49 2021-08-20T09:50:38   00:00:49             00:47.898  COMPLETED  0:0   r1pl-hpcf-n21         billing=1,cpu=1,mem=7812M,node=1 
   1999236.batch            2021-08-20T09:49:49 2021-08-20T09:50:38   00:00:49      2.66M  00:47.897  COMPLETED  0:0   r1pl-hpcf-n21                                          
  1999236.extern            2021-08-20T09:49:49 2021-08-20T09:50:38   00:00:49          0  00:00.001  COMPLETED  0:0   r1pl-hpcf-n21                                          
CPU Efficiency: 97.96% of 00:00:49 core-walltime
