PSO_S_ODE_NonLinear
Using two part PSO Sample Size:5000 with:27 moments.
Using Record Time:48.45
Bounds for Uniform Distribution (0,1)
Blind PSO --> nParts:5000 Nsteps:15
Targeted PSO --> nParts:30 Nsteps:500
sdbeta:0.1
wt:
1 0 0 0 0 0 0 0 0 0 0 0 0 0 0 0 0 0 0 0 0 0 0 0 0 0 0
0 1 0 0 0 0 0 0 0 0 0 0 0 0 0 0 0 0 0 0 0 0 0 0 0 0 0
0 0 1 0 0 0 0 0 0 0 0 0 0 0 0 0 0 0 0 0 0 0 0 0 0 0 0
0 0 0 1 0 0 0 0 0 0 0 0 0 0 0 0 0 0 0 0 0 0 0 0 0 0 0
0 0 0 0 1 0 0 0 0 0 0 0 0 0 0 0 0 0 0 0 0 0 0 0 0 0 0
0 0 0 0 0 1 0 0 0 0 0 0 0 0 0 0 0 0 0 0 0 0 0 0 0 0 0
0 0 0 0 0 0 1 0 0 0 0 0 0 0 0 0 0 0 0 0 0 0 0 0 0 0 0
0 0 0 0 0 0 0 1 0 0 0 0 0 0 0 0 0 0 0 0 0 0 0 0 0 0 0
0 0 0 0 0 0 0 0 0 0 0 0 0 0 0 0 0 0 0 0 0 0 0 0 0 0 0
0 0 0 0 0 0 0 0 0 1 0 0 0 0 0 0 0 0 0 0 0 0 0 0 0 0 0
0 0 0 0 0 0 0 0 0 0 1 0 0 0 0 0 0 0 0 0 0 0 0 0 0 0 0
0 0 0 0 0 0 0 0 0 0 0 1 0 0 0 0 0 0 0 0 0 0 0 0 0 0 0
0 0 0 0 0 0 0 0 0 0 0 0 0 0 0 0 0 0 0 0 0 0 0 0 0 0 0
0 0 0 0 0 0 0 0 0 0 0 0 0 1 0 0 0 0 0 0 0 0 0 0 0 0 0
0 0 0 0 0 0 0 0 0 0 0 0 0 0 0 0 0 0 0 0 0 0 0 0 0 0 0
0 0 0 0 0 0 0 0 0 0 0 0 0 0 0 0 0 0 0 0 0 0 0 0 0 0 0
0 0 0 0 0 0 0 0 0 0 0 0 0 0 0 0 0 0 0 0 0 0 0 0 0 0 0
0 0 0 0 0 0 0 0 0 0 0 0 0 0 0 0 0 0 0 0 0 0 0 0 0 0 0
0 0 0 0 0 0 0 0 0 0 0 0 0 0 0 0 0 0 0 0 0 0 0 0 0 0 0
0 0 0 0 0 0 0 0 0 0 0 0 0 0 0 0 0 0 0 0 0 0 0 0 0 0 0
0 0 0 0 0 0 0 0 0 0 0 0 0 0 0 0 0 0 0 0 1 0 0 0 0 0 0
0 0 0 0 0 0 0 0 0 0 0 0 0 0 0 0 0 0 0 0 0 0 0 0 0 0 0
0 0 0 0 0 0 0 0 0 0 0 0 0 0 0 0 0 0 0 0 0 0 1 0 0 0 0
0 0 0 0 0 0 0 0 0 0 0 0 0 0 0 0 0 0 0 0 0 0 0 1 0 0 0
0 0 0 0 0 0 0 0 0 0 0 0 0 0 0 0 0 0 0 0 0 0 0 0 1 0 0
0 0 0 0 0 0 0 0 0 0 0 0 0 0 0 0 0 0 0 0 0 0 0 0 0 0 0
0 0 0 0 0 0 0 0 0 0 0 0 0 0 0 0 0 0 0 0 0 0 0 0 0 0 1
mu: 80 120  85
covarMat:
 50   0   0
  0 100   0
  0   0  50

Yt:  3.86782    3.6364    2.3557  0.126721   6.11882   3.32285   52.9104   106.758    10.564 0.0189852   143.975   20.9996  0.745852   9.76412  0.655677   11.1656    13.927   12.8603  0.147368   119.766   17.8456  0.309057   23.7333    14.893   0.47541   0.43825   33.1769
XtA:  3.94003   3.35009   2.41205  0.129582   5.89172   3.40392   52.7105   99.7197   11.2166 0.0196014    137.12   22.2664  0.763663   9.72969  0.671145   11.1645   13.8765   12.6149  0.143182   112.478   17.5093  0.324096   24.1556   15.8023   0.48688  0.459583   33.7712
seedk: 0.551919  0.456899 0.0233389  0.148059  0.679221  0.664156| cost:10783.8
Xt:  3.01858   5.68637    3.3335  0.158668   9.17854  0.117091   37.7734   147.858   21.0832 0.0314813   223.535  0.026033   2.90052   12.2649  0.736554    15.902  0.430742   26.2504  0.439183   174.547  0.922446  0.591752   47.9254   0.74085   1.06242 0.0207856   1.68408
PSO begins!
underflow!0.00215973
pos  0.884549   0.245435   0.168699   0.931306 0.00215973   0.525714
overflow!
overflow!
underflow!0.000861122
pos   0.782485 0.000861122   0.0119374   0.0886505    0.852904   0.0303751
underflow!0.00167604
pos  0.714339    0.72638   0.275525 0.00167604   0.367309   0.600377
underflow!0.000495089
pos   0.231977    0.572146    0.958871 0.000495089    0.465427     0.83688
overflow!
underflow!3.32511e-05
pos   0.339697    0.193394 3.32511e-05    0.299062    0.736321     0.38409
overflow!
overflow!
overflow!
underflow!0.000275168
pos0.000275168    0.514689   0.0324125    0.516093    0.126536    0.716874
overflow!
underflow!0.000206567
pos   0.315232 0.000206567    0.238163   0.0182282     0.82781    0.407069
underflow!0.004833
pos 0.868451  0.839595  0.004833  0.159579 0.0549999  0.945586
overflow!
underflow!0.00321196
pos0.00321196   0.132469   0.540134   0.311064   0.545588   0.742584
underflow!0.00230778
pos  0.213219   0.924523   0.576791 0.00230778   0.763718   0.188972
overflow!
overflow!
underflow!0.00199811
pos  0.300293   0.064784   0.263881   0.239896 0.00199811  0.0502704
underflow!0.00149877
pos  0.317112   0.394177   0.750691   0.514424    0.82013 0.00149877
underflow!0.00295544
pos0.00295544   0.472996   0.843243   0.707043   0.629842  0.0586552
overflow!
overflow!
overflow!
overflow!
underflow!0.00116283
pos  0.505024   0.834641    0.16265   0.564687   0.965098 0.00116283
overflow!
overflow!
overflow!
underflow!0.00119622
pos  0.907984 0.00119622   0.804687   0.981754   0.644271   0.866037
overflow!
underflow!0.00224248
pos  0.929472    0.75214  0.0441908 0.00224248    0.89145  0.0673105
underflow!0.00337921
pos  0.154663   0.979989   0.516359   0.662366 0.00337921   0.958286
underflow!0.00267102
pos  0.558264 0.00267102   0.147257   0.625437   0.506309   0.682218
overflow!
underflow!0.000641489
pos   0.340587    0.500846 0.000641489    0.162029    0.163398    0.131734
underflow!0.000277048
pos   0.916729 0.000277048    0.399575    0.615654    0.962259    0.349749
underflow!0.00481434
pos  0.428915   0.589488   0.519789   0.497263 0.00481434   0.904334
underflow!0.00313168
pos  0.711318     0.5878 0.00313168   0.412323   0.831684   0.626544
overflow!
overflow!
overflow!
underflow!0.000666614
pos   0.937688    0.716602    0.442836    0.889941 0.000666614    0.158063
overflow!
underflow!0.00471449
pos0.00471449   0.853925   0.200528   0.268416   0.377586   0.705122
overflow!
underflow!0.00152668
pos  0.570781   0.122207   0.833053   0.332807 0.00152668   0.547798
underflow!0.000541608
pos    0.88813    0.170852    0.561031   0.0113335 0.000541608     0.98699
overflow!
overflow!
overflow!
overflow!
underflow!0.00015165
pos  0.334171 0.00015165   0.295474   0.743719   0.188854   0.956439
underflow!0.00269088
pos  0.648277   0.856877   0.969311   0.777397   0.641735 0.00269088
underflow!0.004601
pos0.394521 0.004601 0.837592 0.387736 0.180284  0.56525
overflow!
underflow!0.00315641
pos0.00315641   0.309024   0.879318   0.741015   0.625979   0.627888
underflow!0.00143233
pos  0.322727   0.342483   0.880894   0.590328 0.00143233    0.49892
underflow!0.000146429
pos   0.494027     0.80193 0.000146429    0.188911    0.418102    0.635571
overflow!
overflow!
underflow!0.00491515
pos0.00491515   0.398606   0.919023   0.269601   0.304847   0.649823
overflow!
overflow!
overflow!
overflow!
underflow!0.00149093
pos  0.290714 0.00149093   0.168483   0.980884   0.327261    0.98649
underflow!0.000954978
pos   0.862947    0.590733 0.000954978    0.876094    0.925847    0.244686
overflow!
overflow!
underflow!9.46505e-05
pos   0.856277    0.419705   0.0207774    0.393702    0.295334 9.46505e-05
underflow!5.02769e-05
pos   0.332548    0.145054    0.955934 5.02769e-05    0.731511   0.0197841
underflow!0.00176806
pos  0.513954   0.934003   0.458358 0.00176806   0.188143  0.0818141
underflow!0.00468411
pos  0.735858   0.656109   0.843809  0.0573538 0.00468411   0.733458
underflow!0.00490049
pos  0.732613 0.00490049   0.325121   0.891393   0.884842  0.0511457
underflow!0.00201913
pos  0.547526   0.475183 0.00201913   0.935678   0.601449   0.851138
overflow!
overflow!
underflow!0.00392596
pos  0.484683  0.0954631 0.00392596   0.498078   0.270338   0.321996
underflow!0.00272207
pos   0.26512   0.843373 0.00272207   0.490519   0.758768   0.410329
underflow!0.00324785
pos  0.397182 0.00324785   0.171037   0.874877   0.859795   0.871728
overflow!
overflow!
overflow!
underflow!0.00178842
pos0.00178842   0.334149   0.886847   0.629848   0.757421   0.473833
overflow!
overflow!
underflow!0.00420414
pos  0.761581 0.00420414   0.546113   0.991107   0.374097  0.0418509
overflow!
overflow!
underflow!0.00135044
pos   0.38942   0.240904 0.00135044   0.122571   0.135383   0.393211
overflow!
overflow!
overflow!
underflow!0.00337724
pos0.00337724   0.390202   0.822633    0.41497   0.811199   0.569549
overflow!
overflow!
underflow!0.00133948
pos0.00133948   0.490077   0.138105   0.910815   0.299743  0.0617898
overflow!
underflow!0.00278905
pos  0.404371   0.454549   0.825883   0.779649   0.799863 0.00278905
overflow!
overflow!
overflow!
overflow!
overflow!
underflow!0.0015895
pos0.0015895  0.922532 0.0253738  0.393154  0.661185  0.194628
overflow!
underflow!0.00333405
pos   0.47877   0.885747   0.305703    0.63815 0.00333405   0.913703
overflow!
overflow!
underflow!0.00225948
pos  0.509192   0.980245 0.00225948  0.0957368   0.554389   0.653338
underflow!0.00232925
pos  0.878799   0.109202   0.589214  0.0339277 0.00232925   0.963361
overflow!
overflow!
underflow!0.000565029
pos   0.151116    0.651453 0.000565029    0.167088    0.396762    0.710969
underflow!0.00330616
pos  0.039975   0.340877 0.00330616    0.83564    0.69612   0.148102
underflow!0.00465439
pos  0.466472  0.0966892 0.00465439   0.593226   0.264835   0.282801
underflow!0.00242263
pos  0.032739   0.097669   0.567063   0.719239 0.00242263   0.390755
underflow!0.00305709
pos  0.439372   0.113772   0.812482   0.325295 0.00305709   0.587809
underflow!0.00462219
pos  0.594842   0.425563  0.0758574   0.776986  0.0100203 0.00462219
GBMAT from blind PSO:

 0.551919  0.456899 0.0233389  0.148059  0.679221  0.664156   10783.8
 0.551919  0.456899 0.0233389  0.148059  0.679221  0.664156   10783.8
 0.662912  0.617994  0.141493  0.729369   0.10707  0.104042   22.2648
 0.662912  0.617994  0.141493  0.729369   0.10707  0.104042   22.2648
 0.655614  0.585514  0.104583  0.559317 0.0915755 0.0770522   20.3369
 0.655614  0.585514  0.104583  0.559317 0.0915755 0.0770522   20.3369
 0.655614  0.585514  0.104583  0.559317 0.0915755 0.0770522   20.3369
 0.615979  0.567718 0.0917763  0.621806  0.104545 0.0663631   19.2839
 0.588533  0.548658 0.0902761  0.635121  0.078742 0.0661988    17.826
  0.62074  0.549416  0.078789   0.62988  0.100108 0.0559003   17.4874
 0.564578  0.481559 0.0688854  0.676316 0.0814496 0.0481952   14.7005
 0.596896   0.52233 0.0577192  0.658929 0.0778518 0.0377117     13.07
 0.617366  0.523454 0.0489427  0.640006 0.0687004 0.0293789   11.7478
 0.608522  0.489932 0.0478032  0.609982 0.0486168 0.0285243   10.9724
 0.595837  0.408569 0.0417974  0.659517 0.0483733 0.0221155   10.2592
 0.598723  0.440083  0.042823  0.661352 0.0233673 0.0231407    9.4996

truk:  0.515996 0.0603199  0.103199  0.896801   0.05516 0.0722394
total difference b/w truk and final GBVEC0.213567

tgCol: 0  1  2  3  4  5 10 11 12 15 17 21 22 25
reCol1: 0  1  2  3  4  5  6 12 13 15 18 19 20
reCol2: 0  1  2  3  4  5  6 10 13 15 22 26
targeted PSO has started!
Updating Weight Matrix!
GBVEC AND COST: 0.598723  0.440083  0.042823  0.661352 0.0233673 0.0231407    9.4996
Chkpt reached!
new weight matrix:
  0.0132497           0           0           0           0           0           0           0           0           0           0           0           0           0
          0  0.00531609           0           0           0           0           0           0           0           0           0           0           0           0
          0           0   0.0992188           0           0           0           0           0           0           0           0           0           0           0
          0           0           0     251.731           0           0           0           0           0           0           0           0           0           0
          0           0           0           0  0.00458951           0           0           0           0           0           0           0           0           0
          0           0           0           0           0   0.0511762           0           0           0           0           0           0           0           0
          0           0           0           0           0           0 4.80884e-07           0           0           0           0           0           0           0
          0           0           0           0           0           0           0 0.000149559           0           0           0           0           0           0
          0           0           0           0           0           0           0           0    0.268538           0           0           0           0           0
          0           0           0           0           0           0           0           0           0 0.000577568           0           0           0           0
          0           0           0           0           0           0           0           0           0           0 0.000177821           0           0           0
          0           0           0           0           0           0           0           0           0           0           0     5.65547           0           0
          0           0           0           0           0           0           0           0           0           0           0           0 9.73174e-05           0
          0           0           0           0           0           0           0           0           0           0           0           0           0     2.73843

New PBMAT:
   0.693851    0.423854  0.00109774    0.669303  8.6213e-17   0.0367824     6.51618
   0.637422     0.50211   0.0476239    0.661044 0.000191928 1.50145e-06     2.62553
   0.607432    0.337173   0.0694967    0.632441   0.0492858 2.79621e-05     28.4553
    0.53777    0.490439 5.22485e-06    0.730808    0.391278   0.0681538     7.58386
   0.584113    0.428137 1.01851e-09    0.616231 0.000361839 1.52051e-31     6.97628
   0.562827    0.393229   0.0196131    0.601054    0.001006  1.8396e-09     3.86409
   0.661507    0.382559   0.0747665    0.583924 1.08255e-12   0.0179697     1.12533
   0.578021     0.45592 8.29039e-05    0.656128 4.21455e-33 0.000150298     7.13397
   0.545135    0.513426   0.0915718    0.801175 0.000333941 3.12115e-11     3.49875
   0.794063    0.555653 1.38416e-08    0.761602 2.83945e-16 1.04027e-08     6.87944
   0.646817    0.577548  0.00164625    0.757432    0.122583    0.096945     7.27178
    0.66704     0.50074 3.02119e-05    0.783786    0.021595 0.000924562     7.02287
    0.54469    0.455375  0.00190173    0.866743 1.69866e-07 9.90747e-06     6.95507
   0.549286    0.429495 1.00724e-07    0.604797 5.61509e-07 0.000377122     7.12854
   0.660629    0.467049 1.90971e-10    0.576087 1.46215e-18 9.96608e-20     6.90003
   0.883406     0.53905   0.0452836    0.805728 0.000102425 1.10551e-20     3.00653
   0.638435     0.33451  0.00857079    0.668691 4.74409e-06 0.000599989     5.10414
   0.455571     0.34892 0.000798457    0.828319 5.15567e-34 1.71045e-16     6.93023
   0.613863      0.4315    0.021378    0.697943    0.126426 4.11625e-08    0.371702
   0.584724    0.453609   0.0673078    0.732331 0.000679834 9.53059e-08      2.7127
   0.620254    0.461132  6.1263e-06    0.660038 0.000155151   0.0327729     7.00716
    0.58223    0.417297    0.166886    0.510991 1.20131e-74 2.97025e-19     5.69657
    0.51445    0.595674  0.00026589    0.803661 0.000473561   0.0118273     8.59052
   0.692958    0.335943    0.144199    0.647483  5.5825e-08 4.93625e-13     5.24001
   0.615173    0.485103 0.000112241    0.731665 0.000288764 3.05573e-19     7.12795
   0.548174    0.392757 1.24359e-09    0.713131 4.22074e-26  9.8171e-21     6.92754
   0.640065    0.546186 3.22296e-06    0.782402  4.1965e-16     0.17862     7.37025
   0.661362    0.313926   0.0207321    0.739337   0.0165674 1.66544e-11       2.659
   0.557116    0.322254  0.00020001    0.644529  0.00080636    0.128093     6.55586
   0.546829    0.439375   0.0104533    0.844536 5.27791e-11  1.8012e-16     5.52367

underflow!0.00109774
pos  0.693851   0.423854 0.00109774   0.669303 8.6213e-17  0.0367824
underflow!8.6213e-17
pos  0.693851   0.423854 0.00109774   0.669303 8.6213e-17  0.0367824
underflow!5.22485e-06
pos    0.53777    0.490439 5.22485e-06    0.730808    0.391278   0.0681538
underflow!0.001006
pos  0.562827   0.393229  0.0196131   0.601054   0.001006 1.8396e-09
underflow!4.21455e-33
pos   0.578021     0.45592 8.29039e-05    0.656128 4.21455e-33 0.000150298
underflow!8.29039e-05
pos   0.578021     0.45592 8.29039e-05    0.656128 4.21455e-33 0.000150298
underflow!0.000150298
pos   0.578021     0.45592 8.29039e-05    0.656128 4.21455e-33 0.000150298
underflow!2.83945e-16
pos   0.794063    0.555653 1.38416e-08    0.761602 2.83945e-16 1.04027e-08
underflow!1.04027e-08
pos   0.794063    0.555653 1.38416e-08    0.761602 2.83945e-16 1.04027e-08
underflow!1.10551e-20
pos   0.883406     0.53905   0.0452836    0.805728 0.000102425 1.10551e-20
underflow!0.000102425
pos   0.883406     0.53905   0.0452836    0.805728 0.000102425 1.10551e-20
underflow!4.74409e-06
pos   0.638435     0.33451  0.00857079    0.668691 4.74409e-06 0.000599989
underflow!4.11625e-08
pos   0.613863      0.4315    0.021378    0.697943    0.126426 4.11625e-08
underflow!6.1263e-06
pos   0.620254    0.461132  6.1263e-06    0.660038 0.000155151   0.0327729
underflow!0.000155151
pos   0.620254    0.461132  6.1263e-06    0.660038 0.000155151   0.0327729
underflow!0.00026589
pos    0.51445    0.595674  0.00026589    0.803661 0.000473561   0.0118273
underflow!4.93625e-13
pos   0.692958    0.335943    0.144199    0.647483  5.5825e-08 4.93625e-13
underflow!3.22296e-06
pos   0.640065    0.546186 3.22296e-06    0.782402  4.1965e-16     0.17862
underflow!0.00080636
pos  0.557116   0.322254 0.00020001   0.644529 0.00080636   0.128093
underflow!0.00268722
pos   0.63293    0.49491  0.0281139   0.609123 0.00288184 0.00268722
underflow!0.00273034
pos  0.654171    0.38928     0.0147   0.569935 0.00273034 0.00523096
underflow!0.00466171
pos  0.553717    0.49603  0.0824123   0.786162 0.00466171 0.00434795
underflow!0.00203552
pos  0.646363   0.576249 0.00203552   0.706322  0.0960503   0.072874
underflow!0.00249924
pos  0.663098    0.49724 0.00249924   0.776722  0.0216972 0.00220637
underflow!0.00220637
pos  0.663098    0.49724 0.00249924   0.776722  0.0216972 0.00220637
underflow!0.00403613
pos  0.557824   0.431324 0.00739586   0.614565 0.00403613 0.00430853
underflow!0.00411078
pos  0.649632   0.462258  0.0076072   0.591234 0.00415103 0.00411078
underflow!0.00395894
pos  0.638629   0.347096  0.0123585   0.667597 0.00569775 0.00395894
underflow!0.00194364
pos  0.467479   0.356503 0.00429397   0.814431 0.00194364  0.0019248
underflow!0.0019248
pos  0.467479   0.356503 0.00429397   0.814431 0.00194364  0.0019248
underflow!0.00176551
pos  0.739041   0.452962  0.0945625   0.940854 0.00176551 0.00110745
underflow!0.00469114
pos  0.531051   0.456959  0.0165785   0.760883 0.00469114  0.0308636
underflow!0.0014094
pos  0.583225   0.418672   0.214035    0.52006  0.0014094 0.00139574
underflow!0.0024693
pos  0.521797    0.58211  0.0219421   0.791256  0.0024693 0.00757187
underflow!0.00271868
pos  0.723053   0.348059    0.19156   0.745372 0.00271868 0.00371331
underflow!0.00204872
pos  0.636441   0.517905  0.0204278   0.734296 0.00204872   0.164989
underflow!0.00216382
pos  0.678854   0.325722  0.0105034   0.732045  0.0172032 0.00216382
underflow!0.00317038
pos  0.525909   0.271035 0.00317038   0.647125 0.00806866   0.103356
underflow!0.00142447
pos  0.557974   0.440576  0.0124265   0.833369 0.00142447 0.00141066
underflow!0.00372538
pos  0.611088   0.453399  0.0075247   0.667446 0.00372538  0.0039631
underflow!0.00326735
pos  0.609284   0.454581  0.0803908   0.775346 0.00326735 0.00140364
underflow!0.00140364
pos  0.609284   0.454581  0.0803908   0.775346 0.00326735 0.00140364
underflow!0.00478073
pos  0.669247   0.317583   0.016409   0.732682 0.00653024 0.00478073
underflow!0.00287348
pos  0.614907   0.433743  0.0143153   0.688908 0.00797354 0.00287348
underflow!0.00373734
pos  0.578902   0.427899  0.0183363   0.667475  0.0555235 0.00373734
underflow!0.002576
pos 0.599847  0.422003 0.0141901  0.667148 0.0659583  0.002576
underflow!0.00375838
pos  0.565675   0.350518  0.0241856   0.779555  0.0189582 0.00375838
underflow!0.00168437
pos  0.666494   0.490698  0.0081561   0.608444 0.00931234 0.00168437
underflow!0.00216873
pos  0.644126   0.467301  0.0210161   0.759179  0.0546063 0.00216873
underflow!0.00329021
pos   0.61941   0.482864  0.0631221   0.739378  0.0111692 0.00329021
underflow!0.00335016
pos  0.589109    0.43151   0.146635   0.506771  0.0090446 0.00335016
underflow!0.0036638
pos 0.688008  0.365398  0.110525  0.642304 0.0139868 0.0036638
underflow!0.00397253
pos  0.614841   0.495544  0.0300734   0.803627   0.012941 0.00397253
underflow!0.0025809
pos  0.633575   0.396097  0.0125397   0.725778 0.00780527  0.0025809
underflow!0.0040651
pos  0.603278   0.550687  0.0241365   0.729915 0.00894983  0.0040651
underflow!0.000772885
pos   0.673414    0.423841     0.11153    0.584828   0.0128319 0.000772885
underflow!0.0036399
pos  0.713233   0.682851 0.00785245    0.74329  0.0036399  0.0048499
underflow!0.00259009
pos  0.630321   0.463694 0.00945959   0.707341 0.00577447 0.00259009
underflow!0.00372736
pos  0.496444   0.351913   0.026027   0.752306  0.0147712 0.00372736
underflow!0.00301467
pos  0.454998   0.424292  0.0316432   0.796669  0.0838192 0.00301467
underflow!0.00275771
pos   0.75973   0.488853  0.0260006   0.760545 0.00275771  0.0120357
underflow!0.00242149
pos   0.54008   0.372916   0.245523   0.546517 0.00242149  0.0145028
underflow!0.00380437
pos  0.750826   0.561723  0.0296329   0.754898 0.00380437  0.0146439
underflow!0.0028112
pos  0.66963  0.333197 0.0116401   0.67777 0.0028112 0.0347498
underflow!0.00480627
pos  0.562171   0.521139   0.049989   0.649993  0.0429452 0.00480627
underflow!0.00353477
pos  0.652718   0.239576  0.0728271   0.800769   0.114226 0.00353477
underflow!0.00120169
pos  0.647852   0.361922  0.0418625   0.683976  0.0404067 0.00120169
underflow!0.00496446
pos  0.610137   0.506067  0.0820084   0.702812  0.0252075 0.00496446
underflow!0.00469146
pos  0.692625   0.212672   0.032437   0.637917  0.0556819 0.00469146
underflow!0.00416795
pos  0.727651   0.284665   0.015846   0.578387  0.0501043 0.00416795
underflow!0.00479444
pos  0.589006     0.3356  0.0429409   0.758532   0.105745 0.00479444
underflow!0.00145082
pos  0.738585   0.338863  0.0353982   0.681006  0.0311598 0.00145082
Updating Weight Matrix!
GBVEC AND COST:  0.824597   0.252701  0.0349727   0.704193  0.0719752  0.0155385 0.00334933
Chkpt reached!
new weight matrix:
  0.0131124           0           0           0           0           0           0           0           0           0           0           0           0
          0  0.00528055           0           0           0           0           0           0           0           0           0           0           0
          0           0   0.0960738           0           0           0           0           0           0           0           0           0           0
          0           0           0     155.614           0           0           0           0           0           0           0           0           0
          0           0           0           0  0.00456558           0           0           0           0           0           0           0           0
          0           0           0           0           0   0.0509294           0           0           0           0           0           0           0
          0           0           0           0           0           0 7.12111e-06           0           0           0           0           0           0
          0           0           0           0           0           0           0    0.876757           0           0           0           0           0
          0           0           0           0           0           0           0           0  0.00063256           0           0           0           0
          0           0           0           0           0           0           0           0           0 0.000584823           0           0           0
          0           0           0           0           0           0           0           0           0           0     10.6011           0           0
          0           0           0           0           0           0           0           0           0           0           0 5.19534e-07           0
          0           0           0           0           0           0           0           0           0           0           0           0 0.000107672

underflow!4.16534e-05
pos   0.815909     0.29629   0.0199993    0.746059 4.16534e-05 2.14611e-14
underflow!1.71578e-09
pos   0.761958    0.434288 1.71578e-09     0.54212  0.00208575  1.8606e-17
underflow!1.8606e-17
pos   0.761958    0.434288 1.71578e-09     0.54212  0.00208575  1.8606e-17
underflow!6.67634e-33
pos   0.907868   0.0821419  0.00725772    0.851639 0.000852097 6.67634e-33
underflow!6.47849e-11
pos   0.765712    0.160819    0.181634    0.796292    0.223677 6.47849e-11
underflow!0.000530039
pos   0.859985    0.240273 0.000530039    0.715694   0.0765477   0.0017226
underflow!2.88937e-26
pos   0.707079     0.28237 1.95475e-07    0.858876   0.0891019 2.88937e-26
underflow!3.1031e-09
pos  0.803232   0.313579 0.00311613   0.611537 0.00179255 3.1031e-09
underflow!0.00179255
pos  0.803232   0.313579 0.00311613   0.611537 0.00179255 3.1031e-09
underflow!2.57117e-29
pos   0.908604    0.294485 1.27844e-11    0.660708  0.00253912 2.57117e-29
underflow!0.00253912
pos   0.908604    0.294485 1.27844e-11    0.660708  0.00253912 2.57117e-29
underflow!7.12543e-05
pos   0.659007    0.256353 1.44943e-06    0.794744   0.0338645 7.12543e-05
underflow!1.44943e-06
pos   0.659007    0.256353 1.44943e-06    0.794744   0.0338645 7.12543e-05
underflow!2.53881e-27
pos    0.92075    0.197649 2.53881e-27    0.815318   0.0758299 1.36037e-72
underflow!8.08205e-29
pos   0.877805    0.331578   0.0351938     0.82148   0.0246213 8.08205e-29
underflow!0.000930098
pos   0.897211    0.199805  0.00639392    0.617733  0.00965607 0.000930098
underflow!7.27627e-09
pos   0.791708    0.105604   0.0220739    0.754529    0.453391 7.27627e-09
underflow!2.51974e-19
pos   0.866419    0.208094   0.0125865    0.758976   0.0186512 2.51974e-19
underflow!1.28514e-27
pos   0.902154    0.234296 0.000579224    0.333685   0.0309955 1.28514e-27
underflow!1.06035e-05
pos   0.901463    0.223549   0.0300282    0.776786   0.0970708 1.06035e-05
underflow!1.0233e-42
pos  0.883603   0.306085   0.007882   0.608811  0.0766111 1.0233e-42
underflow!8.59962e-06
pos    0.88739    0.296266   0.0949983    0.746036   0.0219364 8.59962e-06
underflow!0.00470359
pos  0.780358   0.389784 0.00938745   0.585156  0.0206435 0.00470359
underflow!0.000805528
pos    0.90356   0.0845841   0.0086916     0.84401  0.00453177 0.000805528
underflow!0.00215935
pos  0.855392   0.396388 0.00215935   0.692104   0.265874 0.00149175
underflow!0.00424396
pos  0.725753   0.170061 0.00424396   0.565922  0.0147219 0.00184384
underflow!0.00154644
pos  0.880254   0.171475   0.204781   0.825381 0.00861189 0.00154644
underflow!0.00353383
pos  0.868782   0.241297 0.00353383   0.714747    0.12404 0.00286033
underflow!0.000692267
pos   0.898196     0.31278  0.00788813    0.719776   0.0379682 0.000692267
underflow!0.00190953
pos   0.79621      0.188  0.0258335   0.544878  0.0637877 0.00190953
underflow!0.00224539
pos  0.794902  0.0815563  0.0225729   0.709574   0.499731 0.00224539
underflow!0.00363501
pos  0.888562   0.247589  0.0305464   0.652285   0.159705 0.00363501
underflow!0.00425232
pos  0.859973   0.250834 0.00957078   0.683717   0.197741 0.00425232
underflow!0.00497317
pos  0.943479  0.0601326 0.00964984   0.863092 0.00699085 0.00497317
underflow!0.00330192
pos  0.755409   0.377872 0.00666229   0.693662   0.408448 0.00330192
underflow!0.00311059
pos  0.847665   0.164231  0.0107835   0.588012 0.00311059 0.00199087
underflow!0.00264579
pos  0.839132   0.173316  0.0619761   0.822635 0.00264579  0.0630678
underflow!0.00106357
pos   0.72614   0.255708  0.0166245   0.885808  0.0504646 0.00106357
underflow!0.00299185
pos  0.709154   0.257356   0.277115   0.671794  0.0468215 0.00299185
underflow!0.00412599
pos  0.837321   0.194773   0.140988   0.713253   0.133319 0.00412599
underflow!0.00461501
pos  0.913807   0.257017 0.00794136   0.608951  0.0247888 0.00461501
underflow!0.00467067
pos   0.87565   0.266721  0.0274703   0.819198  0.0763548 0.00467067
underflow!0.00438309
pos    0.8277   0.141902  0.0281199   0.739044   0.397171 0.00438309
underflow!0.00399605
pos  0.761877   0.180446  0.0181564   0.804389  0.0589446 0.00399605
underflow!0.00495919
pos  0.711449   0.147229  0.0177984   0.739184    0.33841 0.00495919
underflow!0.00232353
pos  0.978199   0.175694  0.0354956   0.654077  0.0603108 0.00232353
underflow!0.00414124
pos   0.80896   0.187287  0.0279524   0.625855    0.08118 0.00414124
underflow!0.00445289
pos   0.72819   0.107754 0.00940265   0.767817   0.401804 0.00445289
underflow!0.00316838
pos   0.89661   0.252668  0.0141134   0.568429  0.0676722 0.00316838
underflow!0.00258948
pos  0.639611   0.229997  0.0228166   0.763211  0.0960749 0.00258948
underflow!0.00349038
pos  0.794675   0.117155    0.01057   0.799006     0.3062 0.00349038
underflow!0.00437815
pos  0.866289   0.234553  0.0381447   0.385825  0.0458739 0.00437815
underflow!0.00388833
pos  0.882513   0.164364  0.0262514   0.639827  0.0583374 0.00388833
underflow!0.00210149
pos    0.9196   0.208668  0.0268832   0.675017  0.0262886 0.00210149
underflow!0.00317164
pos  0.949454   0.213012  0.0121992   0.673575 0.00494002 0.00317164
underflow!0.00182016
pos  0.945735   0.242102  0.0502254   0.723632  0.0181161 0.00182016
underflow!0.00356625
pos  0.839018   0.187024  0.0909586   0.662245  0.0751911 0.00356625
underflow!0.00494679
pos  0.892264   0.258501   0.016259   0.680991  0.0407089 0.00494679
underflow!0.00392945
pos  0.795873   0.234706  0.0271457   0.626467  0.0534712 0.00392945
underflow!0.00426207
pos  0.850712   0.228063  0.0395966   0.711287  0.0581157 0.00426207
underflow!0.00486414
pos   0.75358   0.161985  0.0135889   0.581604   0.042325 0.00486414
underflow!0.00449926
pos  0.816545   0.223435  0.0217583     0.7169  0.0680505 0.00449926
underflow!0.00348343
pos  0.818016   0.239532  0.0300352   0.668979  0.0601772 0.00348343
underflow!0.00481964
pos  0.837076   0.241332  0.0283617   0.634013  0.0610607 0.00481964
underflow!0.00465786
pos  0.831146   0.200995  0.0257425   0.631113  0.0622677 0.00465786
underflow!0.00353653
pos  0.905707   0.170091  0.0179386   0.654801   0.144534 0.00353653
underflow!0.0046219
pos 0.801774   0.15099 0.0611934  0.687513 0.0669369 0.0046219
underflow!0.00397675
pos  0.868703   0.246354  0.0357823   0.715796   0.105362 0.00397675
underflow!0.00434856
pos  0.839124   0.320634 0.00434856   0.734103  0.0517173  0.0232811
underflow!0.00381246
pos  0.830206    0.32875  0.0273128   0.731097   0.087915 0.00381246
underflow!0.00380616
pos  0.647874   0.212453  0.0471812   0.637873   0.106237 0.00380616
underflow!0.00495379
pos    0.8127   0.133536   0.025784    0.66436  0.0465321 0.00495379
underflow!0.00429323
pos  0.813279   0.234621  0.0477828   0.675938  0.0546522 0.00429323
underflow!0.00391256
pos  0.803135   0.177883  0.0362556   0.712808  0.0560648 0.00391256
underflow!0.00485268
pos  0.823139   0.289525   0.044629   0.715215  0.0744227 0.00485268
underflow!0.0026078
pos   0.7629  0.264678 0.0267124  0.764467 0.0473456 0.0026078
underflow!0.00220298
pos  0.744777   0.102766  0.0582459   0.694454   0.078497 0.00220298
underflow!0.00297773
pos  0.796094   0.291973  0.0267671   0.631245  0.0778486 0.00297773
underflow!0.00259863
pos  0.795406   0.304056   0.018458   0.764321  0.0828906 0.00259863
underflow!0.0032416
pos 0.811372  0.152196 0.0429649  0.703913 0.0703828 0.0032416
underflow!0.00369284
pos   0.80716   0.203317  0.0275344   0.656942  0.0682525 0.00369284
underflow!0.00304672
pos   0.81354   0.228114  0.0829758   0.683179  0.0691229 0.00304672
underflow!0.0035428
pos 0.756021  0.254589 0.0103391  0.679516  0.068712 0.0035428
underflow!0.0048083
pos 0.821087  0.213111 0.0138324  0.660128 0.0612036 0.0048083
underflow!0.00291966
pos  0.845016    0.21217  0.0281766   0.673016  0.0698379 0.00291966
underflow!0.00329627
pos   0.81048   0.233751  0.0320318   0.666638  0.0715574 0.00329627
underflow!0.00404857
pos  0.908211   0.198016  0.0168943   0.676057  0.0989916 0.00404857
underflow!0.00239319
pos  0.815661   0.241741   0.202394   0.657103  0.0730771 0.00239319
underflow!0.00429736
pos  0.835771   0.238121   0.102648   0.660075  0.0730646 0.00429736
underflow!0.00393943
pos  0.866827   0.354249  0.0209397    0.51849  0.0445994 0.00393943
underflow!0.00402095
pos  0.815944   0.254321  0.0321288    0.55739  0.0547277 0.00402095
underflow!0.00459882
pos  0.811778   0.241018  0.0315096   0.695159  0.0338549 0.00459882
underflow!0.00445264
pos  0.836697   0.282223  0.0324468   0.724701  0.0670776 0.00445264
underflow!0.0032875
pos 0.875945  0.227998 0.0268095  0.672742 0.0787328 0.0032875
underflow!0.00310294
pos  0.857974   0.282638 0.00748897   0.629442  0.0369459 0.00310294
underflow!0.00495851
pos  0.795967   0.205686  0.0138568   0.739051    0.03748 0.00495851
underflow!0.00308163
pos  0.839412   0.263358 0.00763183    0.61918  0.0290599 0.00308163
underflow!0.00455106
pos   0.81655   0.113849  0.0129595   0.661323  0.0498029 0.00455106
underflow!0.00328126
pos  0.927052  0.0434894 0.00328126   0.651069  0.0692486   0.028318
underflow!0.003406
pos 0.837368  0.316718 0.0333382  0.721707  0.120974  0.003406
underflow!0.00469244
pos  0.558926   0.298583  0.0114344   0.693523  0.0851743 0.00469244
underflow!0.00489174
pos  0.816744   0.203321  0.0320004   0.662923  0.0721843 0.00489174
underflow!0.0036497
pos 0.846858  0.227089 0.0395703  0.671351 0.0469292 0.0036497
underflow!0.00270649
pos  0.828717   0.227814    0.01041   0.629881  0.0717589 0.00270649
underflow!0.00261333
pos  0.665937   0.195354  0.0304613   0.685658  0.0324384 0.00261333
underflow!0.00272462
pos  0.834263   0.231655  0.0217092   0.623217   0.046413 0.00272462
underflow!0.00348859
pos   0.71996   0.196772 0.00884177   0.716829   0.069179 0.00348859
underflow!0.00479415
pos  0.815927   0.232207  0.0325704   0.664345  0.0650874 0.00479415
underflow!0.00248476
pos  0.812338   0.208218   0.033927     0.5702  0.0903824 0.00248476
underflow!0.00191245
pos  0.813559   0.228232  0.0233547   0.671924  0.0405317 0.00191245
underflow!0.0027448
pos 0.707401  0.313555 0.0339839  0.763784  0.106935 0.0027448
underflow!0.00414834
pos  0.813159   0.294851  0.0320629   0.652406  0.0347408 0.00414834
underflow!0.0047055
pos 0.883375   0.28763 0.0331097  0.763852  0.043665 0.0047055
underflow!0.000568719
pos   0.748773    0.263564   0.0647713     0.70484   0.0686489 0.000568719
underflow!0.00337233
pos  0.811525   0.205184  0.0100734   0.630483  0.0832834 0.00337233
underflow!0.00377339
pos  0.892775   0.221149  0.0119178   0.714564  0.0644871 0.00377339
underflow!0.00332535
pos  0.784075  0.0813863    0.05007   0.700618  0.0735136 0.00332535
underflow!0.00455441
pos  0.912282   0.280052  0.0318713   0.644242  0.0564744 0.00455441
underflow!0.00311913
pos  0.875873   0.231904 0.00730344   0.577429  0.0520216 0.00311913
underflow!0.00338929
pos   0.83993   0.223396  0.0162922   0.648468  0.0453819 0.00338929
underflow!0.00345688
pos  0.803858   0.223866    0.11611   0.665421   0.112081 0.00345688
Updating Weight Matrix!
GBVEC AND COST:  0.803034   0.215966  0.0390901   0.635376   0.062751  0.0207377 0.00252848
Chkpt reached!
new weight matrix:
  0.0131579           0           0           0           0           0           0           0           0           0           0           0
          0    0.005283           0           0           0           0           0           0           0           0           0           0
          0           0   0.0952097           0           0           0           0           0           0           0           0           0
          0           0           0      156.95           0           0           0           0           0           0           0           0
          0           0           0           0  0.00457037           0           0           0           0           0           0           0
          0           0           0           0           0   0.0511492           0           0           0           0           0           0
          0           0           0           0           0           0 7.14676e-06           0           0           0           0           0
          0           0           0           0           0           0           0 4.78741e-07           0           0           0           0
          0           0           0           0           0           0           0           0 0.000622972           0           0           0
          0           0           0           0           0           0           0           0           0 0.000576685           0           0
          0           0           0           0           0           0           0           0           0           0 9.43375e-05           0
          0           0           0           0           0           0           0           0           0           0           0  5.7365e-05

underflow!0.000200614
pos   0.704743    0.124822 0.000200614    0.686014    0.378138 9.59132e-19
underflow!0.00146524
pos   0.944878    0.244834  0.00146524    0.467314   0.0751938 3.04045e-34
underflow!4.99821e-05
pos   0.890833     0.37011 4.99821e-05    0.591069   0.0498687   0.0131237
underflow!6.254e-06
pos   0.914655    0.117505   6.254e-06    0.616991  6.0633e-05 4.46404e-16
underflow!0.000267566
pos   0.817998    0.184133 0.000267566    0.630663   0.0344452  0.00221984
underflow!5.14191e-12
pos   0.894389    0.335475    0.183567    0.591996   0.0645561 5.14191e-12
underflow!9.25534e-05
pos   0.881649    0.173388 9.25534e-05    0.675494   0.0265683 1.70486e-11
underflow!1.65065e-24
pos   0.785193    0.286022 0.000586094    0.767987 6.54875e-06 1.65065e-24
underflow!6.54875e-06
pos   0.785193    0.286022 0.000586094    0.767987 6.54875e-06 1.65065e-24
underflow!8.79388e-11
pos   0.784277    0.296553  3.1793e-06    0.565437   0.0416572 8.79388e-11
underflow!6.92026e-14
pos   0.888972    0.425644    0.140131    0.662178    0.238081 6.92026e-14
underflow!0.00237143
pos   0.82841   0.375868   0.014145   0.800122 0.00237143  0.0194735
underflow!4.82878e-05
pos   0.791185    0.190533   0.0479807    0.810878 4.82878e-05  0.00058623
underflow!3.5887e-06
pos   0.763373    0.165433  3.5887e-06    0.649969    0.166258 1.99467e-14
underflow!1.99467e-14
pos   0.763373    0.165433  3.5887e-06    0.649969    0.166258 1.99467e-14
underflow!4.73118e-25
pos   0.803332    0.334186  0.00179734    0.690009   0.0167668 4.73118e-25
underflow!0.000921605
pos   0.727457    0.274665 0.000921605    0.745327    0.141653   0.0537615
underflow!0.00234925
pos   0.935574    0.269288  0.00234925    0.726399    0.035424 1.76389e-05
underflow!5.12277e-16
pos   0.870305    0.189966   0.0904927    0.603948    0.197931 5.12277e-16
underflow!0.00425635
pos  0.858263   0.184748   0.126405   0.540764  0.0193303 0.00425635
underflow!0.0032868
pos 0.712009  0.193942 0.0249576  0.778527 0.0134488 0.0032868
underflow!0.00367113
pos  0.682305   0.161967  0.0695781   0.744108  0.0437227 0.00367113
underflow!0.00494458
pos  0.839053   0.238624    0.41625   0.600482 0.00494458   0.593549
underflow!0.00206686
pos  0.679763   0.241089 0.00206686   0.742659   0.201417  0.0521444
underflow!0.00335892
pos   0.78872   0.351251 0.00766416   0.699276  0.0113206 0.00335892
underflow!0.00310319
pos  0.780419   0.317549   0.125301   0.648949   0.039374 0.00310319
underflow!0.00427843
pos  0.783241   0.211864  0.0402237     0.5927   0.116871 0.00427843
underflow!0.00410664
pos  0.716777   0.236374  0.0355846   0.751644    0.12644 0.00410664
underflow!0.00494613
pos  0.772885   0.255034  0.0397754   0.604661  0.0162083 0.00494613
underflow!0.00472728
pos  0.769108   0.235001  0.0363008   0.668917  0.0563423 0.00472728
underflow!0.00420533
pos  0.822606   0.241325  0.0422179   0.591789  0.0656799 0.00420533
underflow!0.00172215
pos  0.812681   0.238966 0.00172215   0.654937  0.0157813  0.0200989
underflow!0.00301116
pos  0.769801   0.387853  0.0385772   0.536626  0.0628276 0.00301116
underflow!0.00225596
pos  0.750151   0.177001  0.0456192   0.653002   0.013714 0.00225596
underflow!0.00435588
pos  0.464887    0.25244  0.0550703   0.799449  0.0135935 0.00435588
GBMAT after targeted PSO:
   0.551919    0.456899   0.0233389    0.148059    0.679221    0.664156     10783.8
   0.551919    0.456899   0.0233389    0.148059    0.679221    0.664156     10783.8
   0.662912    0.617994    0.141493    0.729369     0.10707    0.104042     22.2648
   0.662912    0.617994    0.141493    0.729369     0.10707    0.104042     22.2648
   0.655614    0.585514    0.104583    0.559317   0.0915755   0.0770522     20.3369
   0.655614    0.585514    0.104583    0.559317   0.0915755   0.0770522     20.3369
   0.655614    0.585514    0.104583    0.559317   0.0915755   0.0770522     20.3369
   0.615979    0.567718   0.0917763    0.621806    0.104545   0.0663631     19.2839
   0.588533    0.548658   0.0902761    0.635121    0.078742   0.0661988      17.826
    0.62074    0.549416    0.078789     0.62988    0.100108   0.0559003     17.4874
   0.564578    0.481559   0.0688854    0.676316   0.0814496   0.0481952     14.7005
   0.596896     0.52233   0.0577192    0.658929   0.0778518   0.0377117       13.07
   0.617366    0.523454   0.0489427    0.640006   0.0687004   0.0293789     11.7478
   0.608522    0.489932   0.0478032    0.609982   0.0486168   0.0285243     10.9724
   0.595837    0.408569   0.0417974    0.659517   0.0483733   0.0221155     10.2592
   0.598723    0.440083    0.042823    0.661352   0.0233673   0.0231407      9.4996
   0.598723    0.440083    0.042823    0.661352   0.0233673   0.0231407     1.39574
   0.598723    0.440083    0.042823    0.661352   0.0233673   0.0231407     1.39574
   0.598723    0.440083    0.042823    0.661352   0.0233673   0.0231407     1.39574
   0.593926    0.472147   0.0631221    0.732883   0.0350389   0.0123702    0.794135
   0.593926    0.472147   0.0631221    0.732883   0.0350389   0.0123702    0.794135
   0.593926    0.472147   0.0631221    0.732883   0.0350389   0.0123702    0.794135
   0.609813    0.505015   0.0470866    0.708939   0.0286326   0.0122608    0.674804
   0.536828    0.268873    0.116935    0.780658   0.0166423   0.0773316    0.331629
   0.536828    0.268873    0.116935    0.780658   0.0166423   0.0773316    0.331629
   0.694945    0.376362    0.061831    0.742838   0.0480522   0.0391446    0.256674
   0.694945    0.376362    0.061831    0.742838   0.0480522   0.0391446    0.256674
   0.694945    0.376362    0.061831    0.742838   0.0480522   0.0391446    0.256674
   0.636082    0.391029   0.0664097    0.712361   0.0415676   0.0298458    0.210161
   0.653067    0.383741   0.0607451    0.716584   0.0588751   0.0348468    0.160908
   0.640321     0.32448   0.0501282     0.66951    0.075365   0.0322143    0.129019
   0.640321     0.32448   0.0501282     0.66951    0.075365   0.0322143    0.129019
   0.640321     0.32448   0.0501282     0.66951    0.075365   0.0322143    0.129019
   0.640321     0.32448   0.0501282     0.66951    0.075365   0.0322143    0.129019
   0.640321     0.32448   0.0501282     0.66951    0.075365   0.0322143    0.129019
   0.727342    0.311545    0.058215    0.661753   0.0458869   0.0361143   0.0813538
   0.747786    0.330585   0.0611052    0.656455   0.0384258   0.0299282   0.0811984
   0.722108    0.338181   0.0523299    0.690107   0.0624542   0.0288132    0.071508
   0.744748    0.272772   0.0538347    0.609851   0.0480807    0.029097   0.0417933
   0.744748    0.272772   0.0538347    0.609851   0.0480807    0.029097   0.0417933
   0.699553    0.298964   0.0348445    0.666081   0.0650077   0.0131958   0.0327369
   0.699553    0.298964   0.0348445    0.666081   0.0650077   0.0131958   0.0327369
   0.699553    0.298964   0.0348445    0.666081   0.0650077   0.0131958   0.0327369
   0.699553    0.298964   0.0348445    0.666081   0.0650077   0.0131958   0.0327369
   0.699553    0.298964   0.0348445    0.666081   0.0650077   0.0131958   0.0327369
   0.699553    0.298964   0.0348445    0.666081   0.0650077   0.0131958   0.0327369
   0.699553    0.298964   0.0348445    0.666081   0.0650077   0.0131958   0.0327369
   0.797384    0.289874   0.0489952    0.615438   0.0481365   0.0264627   0.0182392
   0.797384    0.289874   0.0489952    0.615438   0.0481365   0.0264627   0.0182392
   0.797384    0.289874   0.0489952    0.615438   0.0481365   0.0264627   0.0182392
   0.797384    0.289874   0.0489952    0.615438   0.0481365   0.0264627   0.0182392
   0.797384    0.289874   0.0489952    0.615438   0.0481365   0.0264627   0.0182392
   0.797393    0.255902   0.0363498     0.60141   0.0641169   0.0198448   0.0103389
   0.797393    0.255902   0.0363498     0.60141   0.0641169   0.0198448   0.0103389
   0.797393    0.255902   0.0363498     0.60141   0.0641169   0.0198448   0.0103389
   0.797393    0.255902   0.0363498     0.60141   0.0641169   0.0198448   0.0103389
   0.797393    0.255902   0.0363498     0.60141   0.0641169   0.0198448   0.0103389
   0.797393    0.255902   0.0363498     0.60141   0.0641169   0.0198448   0.0103389
   0.797393    0.255902   0.0363498     0.60141   0.0641169   0.0198448   0.0103389
   0.824597    0.252701   0.0349727    0.704193   0.0719752   0.0155385  0.00334933
   0.824597    0.252701   0.0349727    0.704193   0.0719752   0.0155385  0.00334933
   0.824597    0.252701   0.0349727    0.704193   0.0719752   0.0155385  0.00334933
   0.824597    0.252701   0.0349727    0.704193   0.0719752   0.0155385  0.00334933
   0.824597    0.252701   0.0349727    0.704193   0.0719752   0.0155385  0.00334933
   0.824597    0.252701   0.0349727    0.704193   0.0719752   0.0155385  0.00334933
   0.824597    0.252701   0.0349727    0.704193   0.0719752   0.0155385  0.00334933
   0.824597    0.252701   0.0349727    0.704193   0.0719752   0.0155385  0.00334933
   0.824597    0.252701   0.0349727    0.704193   0.0719752   0.0155385  0.00717714
   0.824597    0.252701   0.0349727    0.704193   0.0719752   0.0155385  0.00717714
   0.824597    0.252701   0.0349727    0.704193   0.0719752   0.0155385  0.00717714
   0.824597    0.252701   0.0349727    0.704193   0.0719752   0.0155385  0.00717714
   0.824597    0.252701   0.0349727    0.704193   0.0719752   0.0155385  0.00717714
   0.824597    0.252701   0.0349727    0.704193   0.0719752   0.0155385  0.00717714
   0.824597    0.252701   0.0349727    0.704193   0.0719752   0.0155385  0.00717714
   0.824597    0.252701   0.0349727    0.704193   0.0719752   0.0155385  0.00717714
   0.824597    0.252701   0.0349727    0.704193   0.0719752   0.0155385  0.00717714
   0.824597    0.252701   0.0349727    0.704193   0.0719752   0.0155385  0.00717714
   0.824597    0.252701   0.0349727    0.704193   0.0719752   0.0155385  0.00717714
   0.813962    0.227218   0.0309013    0.650136   0.0686387   0.0115801   0.0051258
   0.813962    0.227218   0.0309013    0.650136   0.0686387   0.0115801   0.0051258
   0.813962    0.227218   0.0309013    0.650136   0.0686387   0.0115801   0.0051258
   0.813962    0.227218   0.0309013    0.650136   0.0686387   0.0115801   0.0051258
   0.813962    0.227218   0.0309013    0.650136   0.0686387   0.0115801   0.0051258
   0.813962    0.227218   0.0309013    0.650136   0.0686387   0.0115801   0.0051258
   0.813962    0.227218   0.0309013    0.650136   0.0686387   0.0115801   0.0051258
   0.813962    0.227218   0.0309013    0.650136   0.0686387   0.0115801   0.0051258
   0.813962    0.227218   0.0309013    0.650136   0.0686387   0.0115801   0.0051258
   0.813962    0.227218   0.0309013    0.650136   0.0686387   0.0115801   0.0051258
   0.813962    0.227218   0.0309013    0.650136   0.0686387   0.0115801   0.0051258
   0.811118    0.228554   0.0315688    0.670628   0.0742779   0.0123853  0.00420617
   0.811118    0.228554   0.0315688    0.670628   0.0742779   0.0123853  0.00420617
   0.811118    0.228554   0.0315688    0.670628   0.0742779   0.0123853  0.00420617
    0.81137    0.229851   0.0324491    0.665501    0.072031   0.0138794   0.0038024
    0.81137    0.229851   0.0324491    0.665501    0.072031   0.0138794   0.0038024
    0.81137    0.229851   0.0324491    0.665501    0.072031   0.0138794   0.0038024
    0.81137    0.229851   0.0324491    0.665501    0.072031   0.0138794   0.0038024
    0.81137    0.229851   0.0324491    0.665501    0.072031   0.0138794   0.0038024
    0.81137    0.229851   0.0324491    0.665501    0.072031   0.0138794   0.0038024
    0.81137    0.229851   0.0324491    0.665501    0.072031   0.0138794   0.0038024
    0.81137    0.229851   0.0324491    0.665501    0.072031   0.0138794   0.0038024
    0.81137    0.229851   0.0324491    0.665501    0.072031   0.0138794   0.0038024
    0.81137    0.229851   0.0324491    0.665501    0.072031   0.0138794   0.0038024
    0.81137    0.229851   0.0324491    0.665501    0.072031   0.0138794   0.0038024
   0.813139      0.2294   0.0323723    0.664991   0.0719986   0.0136044  0.00364089
   0.813139      0.2294   0.0323723    0.664991   0.0719986   0.0136044  0.00364089
   0.813139      0.2294   0.0323723    0.664991   0.0719986   0.0136044  0.00364089
   0.813139      0.2294   0.0323723    0.664991   0.0719986   0.0136044  0.00364089
   0.813139      0.2294   0.0323723    0.664991   0.0719986   0.0136044  0.00364089
   0.813139      0.2294   0.0323723    0.664991   0.0719986   0.0136044  0.00364089
   0.813139      0.2294   0.0323723    0.664991   0.0719986   0.0136044  0.00364089
   0.813139      0.2294   0.0323723    0.664991   0.0719986   0.0136044  0.00364089
   0.813139      0.2294   0.0323723    0.664991   0.0719986   0.0136044  0.00364089
   0.813139      0.2294   0.0323723    0.664991   0.0719986   0.0136044  0.00364089
   0.813139      0.2294   0.0323723    0.664991   0.0719986   0.0136044  0.00364089
   0.813139      0.2294   0.0323723    0.664991   0.0719986   0.0136044  0.00364089
   0.813139      0.2294   0.0323723    0.664991   0.0719986   0.0136044  0.00364089
   0.813139      0.2294   0.0323723    0.664991   0.0719986   0.0136044  0.00364089
   0.813139      0.2294   0.0323723    0.664991   0.0719986   0.0136044  0.00364089
   0.813139      0.2294   0.0323723    0.664991   0.0719986   0.0136044  0.00364089
   0.813139      0.2294   0.0323723    0.664991   0.0719986   0.0136044  0.00364089
   0.813139      0.2294   0.0323723    0.664991   0.0719986   0.0136044  0.00364089
   0.813139      0.2294   0.0323723    0.664991   0.0719986   0.0136044  0.00364089
   0.813139      0.2294   0.0323723    0.664991   0.0719986   0.0136044  0.00364089
   0.813139      0.2294   0.0323723    0.664991   0.0719986   0.0136044  0.00364089
   0.813139      0.2294   0.0323723    0.664991   0.0719986   0.0136044  0.00364089
   0.813139      0.2294   0.0323723    0.664991   0.0719986   0.0136044  0.00364089
   0.813139      0.2294   0.0323723    0.664991   0.0719986   0.0136044  0.00364089
   0.813139      0.2294   0.0323723    0.664991   0.0719986   0.0136044  0.00364089
   0.813139      0.2294   0.0323723    0.664991   0.0719986   0.0136044  0.00364089
   0.813139      0.2294   0.0323723    0.664991   0.0719986   0.0136044  0.00364089
   0.813139      0.2294   0.0323723    0.664991   0.0719986   0.0136044  0.00364089
   0.813139      0.2294   0.0323723    0.664991   0.0719986   0.0136044  0.00364089
   0.813139      0.2294   0.0323723    0.664991   0.0719986   0.0136044  0.00364089
   0.813139      0.2294   0.0323723    0.664991   0.0719986   0.0136044  0.00364089
   0.813139      0.2294   0.0323723    0.664991   0.0719986   0.0136044  0.00364089
   0.813139      0.2294   0.0323723    0.664991   0.0719986   0.0136044  0.00364089
   0.813139      0.2294   0.0323723    0.664991   0.0719986   0.0136044  0.00364089
   0.813139      0.2294   0.0323723    0.664991   0.0719986   0.0136044  0.00364089
   0.813139      0.2294   0.0323723    0.664991   0.0719986   0.0136044  0.00364089
   0.813139      0.2294   0.0323723    0.664991   0.0719986   0.0136044  0.00364089
   0.813139      0.2294   0.0323723    0.664991   0.0719986   0.0136044  0.00364089
   0.813139      0.2294   0.0323723    0.664991   0.0719986   0.0136044  0.00364089
   0.813139      0.2294   0.0323723    0.664991   0.0719986   0.0136044  0.00364089
   0.813139      0.2294   0.0323723    0.664991   0.0719986   0.0136044  0.00364089
   0.813139      0.2294   0.0323723    0.664991   0.0719986   0.0136044  0.00364089
   0.813139      0.2294   0.0323723    0.664991   0.0719986   0.0136044  0.00364089
   0.813139      0.2294   0.0323723    0.664991   0.0719986   0.0136044  0.00364089
   0.813139      0.2294   0.0323723    0.664991   0.0719986   0.0136044  0.00364089
   0.813139      0.2294   0.0323723    0.664991   0.0719986   0.0136044  0.00364089
   0.801275    0.209465   0.0410551    0.662994    0.061859    0.021849  0.00363232
   0.813229    0.225925   0.0341817    0.664117   0.0694251   0.0152309  0.00339612
   0.813229    0.225925   0.0341817    0.664117   0.0694251   0.0152309  0.00339612
   0.813229    0.225925   0.0341817    0.664117   0.0694251   0.0152309  0.00339612
   0.813229    0.225925   0.0341817    0.664117   0.0694251   0.0152309  0.00339612
   0.813229    0.225925   0.0341817    0.664117   0.0694251   0.0152309  0.00339612
   0.813229    0.225925   0.0341817    0.664117   0.0694251   0.0152309  0.00339612
   0.813229    0.225925   0.0341817    0.664117   0.0694251   0.0152309  0.00339612
   0.813229    0.225925   0.0341817    0.664117   0.0694251   0.0152309  0.00339612
   0.813229    0.225925   0.0341817    0.664117   0.0694251   0.0152309  0.00339612
   0.813229    0.225925   0.0341817    0.664117   0.0694251   0.0152309  0.00339612
   0.813229    0.225925   0.0341817    0.664117   0.0694251   0.0152309  0.00339612
   0.813229    0.225925   0.0341817    0.664117   0.0694251   0.0152309  0.00339612
   0.813229    0.225925   0.0341817    0.664117   0.0694251   0.0152309  0.00339612
   0.813229    0.225925   0.0341817    0.664117   0.0694251   0.0152309  0.00339612
   0.813229    0.225925   0.0341817    0.664117   0.0694251   0.0152309  0.00339612
   0.813229    0.225925   0.0341817    0.664117   0.0694251   0.0152309  0.00339612
   0.813229    0.225925   0.0341817    0.664117   0.0694251   0.0152309  0.00339612
   0.813229    0.225925   0.0341817    0.664117   0.0694251   0.0152309  0.00339612
   0.813229    0.225925   0.0341817    0.664117   0.0694251   0.0152309  0.00339612
   0.813229    0.225925   0.0341817    0.664117   0.0694251   0.0152309  0.00339612
   0.813229    0.225925   0.0341817    0.664117   0.0694251   0.0152309  0.00339612
   0.813229    0.225925   0.0341817    0.664117   0.0694251   0.0152309  0.00339612
   0.813229    0.225925   0.0341817    0.664117   0.0694251   0.0152309  0.00339612
   0.813229    0.225925   0.0341817    0.664117   0.0694251   0.0152309  0.00339612
   0.813229    0.225925   0.0341817    0.664117   0.0694251   0.0152309  0.00339612
   0.813229    0.225925   0.0341817    0.664117   0.0694251   0.0152309  0.00339612
   0.813229    0.225925   0.0341817    0.664117   0.0694251   0.0152309  0.00339612
   0.813229    0.225925   0.0341817    0.664117   0.0694251   0.0152309  0.00339612
   0.813229    0.225925   0.0341817    0.664117   0.0694251   0.0152309  0.00339612
   0.813229    0.225925   0.0341817    0.664117   0.0694251   0.0152309  0.00339612
   0.813229    0.225925   0.0341817    0.664117   0.0694251   0.0152309  0.00339612
   0.813229    0.225925   0.0341817    0.664117   0.0694251   0.0152309  0.00339612
   0.813229    0.225925   0.0341817    0.664117   0.0694251   0.0152309  0.00339612
   0.813229    0.225925   0.0341817    0.664117   0.0694251   0.0152309  0.00339612
   0.813229    0.225925   0.0341817    0.664117   0.0694251   0.0152309  0.00339612
   0.813229    0.225925   0.0341817    0.664117   0.0694251   0.0152309  0.00339612
   0.813229    0.225925   0.0341817    0.664117   0.0694251   0.0152309  0.00339612
   0.815226    0.228847    0.033941    0.664656   0.0697682   0.0149627    0.003382
   0.814807    0.227917   0.0337355    0.663789   0.0704413   0.0150101  0.00336776
   0.814807    0.227917   0.0337355    0.663789   0.0704413   0.0150101  0.00336776
   0.814807    0.227917   0.0337355    0.663789   0.0704413   0.0150101  0.00336776
   0.807137    0.217647   0.0378088    0.663346   0.0656643   0.0187067  0.00320626
   0.807137    0.217647   0.0378088    0.663346   0.0656643   0.0187067  0.00320626
   0.807137    0.217647   0.0378088    0.663346   0.0656643   0.0187067  0.00320626
   0.807137    0.217647   0.0378088    0.663346   0.0656643   0.0187067  0.00320626
   0.808289    0.221551   0.0365496    0.665115   0.0673158   0.0176577   0.0031017
   0.808289    0.221551   0.0365496    0.665115   0.0673158   0.0176577   0.0031017
   0.808289    0.221551   0.0365496    0.665115   0.0673158   0.0176577   0.0031017
   0.808289    0.221551   0.0365496    0.665115   0.0673158   0.0176577   0.0031017
   0.808289    0.221551   0.0365496    0.665115   0.0673158   0.0176577   0.0031017
   0.800366    0.221144   0.0371999    0.664837   0.0667213    0.017981  0.00309535
   0.800366    0.221144   0.0371999    0.664837   0.0667213    0.017981  0.00309535
   0.800366    0.221144   0.0371999    0.664837   0.0667213    0.017981  0.00309535
   0.800366    0.221144   0.0371999    0.664837   0.0667213    0.017981  0.00309535
   0.800366    0.221144   0.0371999    0.664837   0.0667213    0.017981  0.00309535
   0.800366    0.221144   0.0371999    0.664837   0.0667213    0.017981  0.00309535
   0.802308    0.217814   0.0420963    0.616262   0.0590473   0.0237817  0.00278663
   0.801936    0.219151   0.0399493    0.630373   0.0616268   0.0214966  0.00253384
   0.801936    0.219151   0.0399493    0.630373   0.0616268   0.0214966  0.00253384
   0.803034    0.215966   0.0390901    0.635376    0.062751   0.0207377  0.00252848
   0.803034    0.215966   0.0390901    0.635376    0.062751   0.0207377  0.00252848
   0.803034    0.215966   0.0390901    0.635376    0.062751   0.0207377  0.00252848
   0.803034    0.215966   0.0390901    0.635376    0.062751   0.0207377  0.00252848
   0.803034    0.215966   0.0390901    0.635376    0.062751   0.0207377  0.00252848
   0.803034    0.215966   0.0390901    0.635376    0.062751   0.0207377  0.00252848
   0.803034    0.215966   0.0390901    0.635376    0.062751   0.0207377  0.00252848
   0.803034    0.215966   0.0390901    0.635376    0.062751   0.0207377  0.00252848
   0.803034    0.215966   0.0390901    0.635376    0.062751   0.0207377  0.00252848
   0.803034    0.215966   0.0390901    0.635376    0.062751   0.0207377   0.0012889
   0.803034    0.215966   0.0390901    0.635376    0.062751   0.0207377   0.0012889
   0.803034    0.215966   0.0390901    0.635376    0.062751   0.0207377   0.0012889
   0.803034    0.215966   0.0390901    0.635376    0.062751   0.0207377   0.0012889
   0.803034    0.215966   0.0390901    0.635376    0.062751   0.0207377   0.0012889
   0.803034    0.215966   0.0390901    0.635376    0.062751   0.0207377   0.0012889
   0.807321    0.235869   0.0403075    0.658494   0.0612898   0.0199871  0.00113728
   0.807321    0.235869   0.0403075    0.658494   0.0612898   0.0199871  0.00113728
   0.807321    0.235869   0.0403075    0.658494   0.0612898   0.0199871  0.00113728
   0.807321    0.235869   0.0403075    0.658494   0.0612898   0.0199871  0.00113728
   0.807321    0.235869   0.0403075    0.658494   0.0612898   0.0199871  0.00113728
   0.807321    0.235869   0.0403075    0.658494   0.0612898   0.0199871  0.00113728
   0.743806    0.228085   0.0379506    0.601211   0.0557329   0.0182616  0.00104652
   0.758964    0.224139   0.0385179     0.61594   0.0570916   0.0186457 0.000945851
   0.758964    0.224139   0.0385179     0.61594   0.0570916   0.0186457 0.000945851
   0.758964    0.224139   0.0385179     0.61594   0.0570916   0.0186457 0.000945851
   0.764739     0.25994   0.0393812    0.657636   0.0650141   0.0202001 0.000824808
   0.767532    0.247558   0.0402927    0.658415   0.0638677   0.0207998 0.000800057
   0.767532    0.247558   0.0402927    0.658415   0.0638677   0.0207998 0.000800057
   0.767532    0.247558   0.0402927    0.658415   0.0638677   0.0207998 0.000800057
   0.767532    0.247558   0.0402927    0.658415   0.0638677   0.0207998 0.000800057
   0.767532    0.247558   0.0402927    0.658415   0.0638677   0.0207998 0.000800057
   0.768688    0.241761   0.0395827    0.652348   0.0628379   0.0201653 0.000790858
   0.768688    0.241761   0.0395827    0.652348   0.0628379   0.0201653 0.000790858
   0.768688    0.241761   0.0395827    0.652348   0.0628379   0.0201653 0.000790858
   0.768688    0.241761   0.0395827    0.652348   0.0628379   0.0201653 0.000790858
   0.768688    0.241761   0.0395827    0.652348   0.0628379   0.0201653 0.000790858
   0.768688    0.241761   0.0395827    0.652348   0.0628379   0.0201653 0.000790858
   0.768688    0.241761   0.0395827    0.652348   0.0628379   0.0201653 0.000790858
   0.772164    0.243672   0.0397313    0.651484   0.0628091   0.0202698 0.000779427
   0.772164    0.243672   0.0397313    0.651484   0.0628091   0.0202698 0.000779427
   0.772164    0.243672   0.0397313    0.651484   0.0628091   0.0202698 0.000779427
   0.772164    0.243672   0.0397313    0.651484   0.0628091   0.0202698 0.000779427
   0.772164    0.243672   0.0397313    0.651484   0.0628091   0.0202698 0.000779427
   0.772164    0.243672   0.0397313    0.651484   0.0628091   0.0202698 0.000779427
   0.772164    0.243672   0.0397313    0.651484   0.0628091   0.0202698 0.000779427
   0.772164    0.243672   0.0397313    0.651484   0.0628091   0.0202698 0.000779427
   0.772164    0.243672   0.0397313    0.651484   0.0628091   0.0202698 0.000779427
   0.772164    0.243672   0.0397313    0.651484   0.0628091   0.0202698 0.000779427
   0.772164    0.243672   0.0397313    0.651484   0.0628091   0.0202698 0.000779427
   0.772164    0.243672   0.0397313    0.651484   0.0628091   0.0202698 0.000779427
   0.772164    0.243672   0.0397313    0.651484   0.0628091   0.0202698 0.000779427
   0.772164    0.243672   0.0397313    0.651484   0.0628091   0.0202698 0.000779427
   0.772164    0.243672   0.0397313    0.651484   0.0628091   0.0202698 0.000779427
   0.772164    0.243672   0.0397313    0.651484   0.0628091   0.0202698 0.000779427
   0.772164    0.243672   0.0397313    0.651484   0.0628091   0.0202698 0.000779427
   0.772164    0.243672   0.0397313    0.651484   0.0628091   0.0202698 0.000779427
   0.772164    0.243672   0.0397313    0.651484   0.0628091   0.0202698 0.000779427
   0.769726    0.245578   0.0398499     0.65515   0.0633031   0.0204244 0.000770992
   0.769726    0.245578   0.0398499     0.65515   0.0633031   0.0204244 0.000770992
   0.769726    0.245578   0.0398499     0.65515   0.0633031   0.0204244 0.000770992
   0.769726    0.245578   0.0398499     0.65515   0.0633031   0.0204244 0.000770992
   0.769726    0.245578   0.0398499     0.65515   0.0633031   0.0204244 0.000770992
   0.769726    0.245578   0.0398499     0.65515   0.0633031   0.0204244 0.000770992
   0.769726    0.245578   0.0398499     0.65515   0.0633031   0.0204244 0.000770992
   0.769726    0.245578   0.0398499     0.65515   0.0633031   0.0204244 0.000770992
   0.769726    0.245578   0.0398499     0.65515   0.0633031   0.0204244 0.000770992
   0.769726    0.245578   0.0398499     0.65515   0.0633031   0.0204244 0.000770992
   0.769726    0.245578   0.0398499     0.65515   0.0633031   0.0204244 0.000770992
   0.769726    0.245578   0.0398499     0.65515   0.0633031   0.0204244 0.000770992
   0.769726    0.245578   0.0398499     0.65515   0.0633031   0.0204244 0.000770992
   0.769726    0.245578   0.0398499     0.65515   0.0633031   0.0204244 0.000770992
   0.769726    0.245578   0.0398499     0.65515   0.0633031   0.0204244 0.000770992
   0.769726    0.245578   0.0398499     0.65515   0.0633031   0.0204244 0.000770992
   0.769726    0.245578   0.0398499     0.65515   0.0633031   0.0204244 0.000770992
   0.769726    0.245578   0.0398499     0.65515   0.0633031   0.0204244 0.000770992
   0.769726    0.245578   0.0398499     0.65515   0.0633031   0.0204244 0.000770992
   0.769726    0.245578   0.0398499     0.65515   0.0633031   0.0204244 0.000770992
   0.769726    0.245578   0.0398499     0.65515   0.0633031   0.0204244 0.000770992
   0.769726    0.245578   0.0398499     0.65515   0.0633031   0.0204244 0.000770992
   0.769726    0.245578   0.0398499     0.65515   0.0633031   0.0204244 0.000770992
   0.769726    0.245578   0.0398499     0.65515   0.0633031   0.0204244 0.000770992
   0.769768    0.245548   0.0398473    0.654247    0.063342   0.0204731  0.00077024
   0.769768    0.245548   0.0398473    0.654247    0.063342   0.0204731  0.00077024
   0.769768    0.245548   0.0398473    0.654247    0.063342   0.0204731  0.00077024
   0.769768    0.245548   0.0398473    0.654247    0.063342   0.0204731  0.00077024
   0.769768    0.245548   0.0398473    0.654247    0.063342   0.0204731  0.00077024
   0.769768    0.245548   0.0398473    0.654247    0.063342   0.0204731  0.00077024
   0.769768    0.245548   0.0398473    0.654247    0.063342   0.0204731  0.00077024
   0.769768    0.245548   0.0398473    0.654247    0.063342   0.0204731  0.00077024
   0.769768    0.245548   0.0398473    0.654247    0.063342   0.0204731  0.00077024
   0.769768    0.245548   0.0398473    0.654247    0.063342   0.0204731  0.00077024
   0.769768    0.245548   0.0398473    0.654247    0.063342   0.0204731  0.00077024
   0.769768    0.245548   0.0398473    0.654247    0.063342   0.0204731  0.00077024
   0.769768    0.245548   0.0398473    0.654247    0.063342   0.0204731  0.00077024
   0.769768    0.245548   0.0398473    0.654247    0.063342   0.0204731  0.00077024
   0.769768    0.245548   0.0398473    0.654247    0.063342   0.0204731  0.00077024
   0.769768    0.245548   0.0398473    0.654247    0.063342   0.0204731  0.00077024
   0.769768    0.245548   0.0398473    0.654247    0.063342   0.0204731  0.00077024
   0.769768    0.245548   0.0398473    0.654247    0.063342   0.0204731  0.00077024
   0.769768    0.245548   0.0398473    0.654247    0.063342   0.0204731  0.00077024
   0.769768    0.245548   0.0398473    0.654247    0.063342   0.0204731  0.00077024
   0.769768    0.245548   0.0398473    0.654247    0.063342   0.0204731  0.00077024
   0.769768    0.245548   0.0398473    0.654247    0.063342   0.0204731  0.00077024
   0.769768    0.245548   0.0398473    0.654247    0.063342   0.0204731  0.00077024
   0.755144    0.254686   0.0416323    0.653421   0.0633571   0.0224981 0.000748999
   0.759514     0.25202   0.0411113    0.653465   0.0633364   0.0218978 0.000748444
   0.759514     0.25202   0.0411113    0.653465   0.0633364   0.0218978 0.000748444
   0.762474    0.249129   0.0406465    0.652998   0.0632019   0.0213829 0.000746936
   0.762474    0.249129   0.0406465    0.652998   0.0632019   0.0213829 0.000746936
   0.762474    0.249129   0.0406465    0.652998   0.0632019   0.0213829 0.000746936
   0.762474    0.249129   0.0406465    0.652998   0.0632019   0.0213829 0.000746936
   0.762474    0.249129   0.0406465    0.652998   0.0632019   0.0213829 0.000746936
   0.762474    0.249129   0.0406465    0.652998   0.0632019   0.0213829 0.000746936
   0.762474    0.249129   0.0406465    0.652998   0.0632019   0.0213829 0.000746936
   0.762474    0.249129   0.0406465    0.652998   0.0632019   0.0213829 0.000746936
   0.762474    0.249129   0.0406465    0.652998   0.0632019   0.0213829 0.000746936
   0.762474    0.249129   0.0406465    0.652998   0.0632019   0.0213829 0.000746936
   0.762474    0.249129   0.0406465    0.652998   0.0632019   0.0213829 0.000746936
   0.762474    0.249129   0.0406465    0.652998   0.0632019   0.0213829 0.000746936
   0.762474    0.249129   0.0406465    0.652998   0.0632019   0.0213829 0.000746936
   0.762474    0.249129   0.0406465    0.652998   0.0632019   0.0213829 0.000746936
   0.762474    0.249129   0.0406465    0.652998   0.0632019   0.0213829 0.000746936
   0.762474    0.249129   0.0406465    0.652998   0.0632019   0.0213829 0.000746936
   0.762474    0.249129   0.0406465    0.652998   0.0632019   0.0213829 0.000746936
   0.762474    0.249129   0.0406465    0.652998   0.0632019   0.0213829 0.000746936
   0.762474    0.249129   0.0406465    0.652998   0.0632019   0.0213829 0.000746936
   0.762474    0.249129   0.0406465    0.652998   0.0632019   0.0213829 0.000746936
   0.762474    0.249129   0.0406465    0.652998   0.0632019   0.0213829 0.000746936
   0.762474    0.249129   0.0406465    0.652998   0.0632019   0.0213829 0.000746936
   0.762474    0.249129   0.0406465    0.652998   0.0632019   0.0213829 0.000746936
   0.762474    0.249129   0.0406465    0.652998   0.0632019   0.0213829 0.000746936
   0.762474    0.249129   0.0406465    0.652998   0.0632019   0.0213829 0.000746936
   0.755577    0.254566   0.0415212     0.65337   0.0633567   0.0223763 0.000746585
   0.756615    0.253375   0.0413414    0.653306   0.0633153    0.022161 0.000744606
   0.760734    0.251576   0.0409101    0.654253    0.063101   0.0216149 0.000731586
   0.759101    0.252995    0.041065     0.65386   0.0631621   0.0218284 0.000730866
   0.759101    0.252995    0.041065     0.65386   0.0631621   0.0218284 0.000730866
   0.759101    0.252995    0.041065     0.65386   0.0631621   0.0218284 0.000730866
   0.759101    0.252995    0.041065     0.65386   0.0631621   0.0218284 0.000730866
   0.759101    0.252995    0.041065     0.65386   0.0631621   0.0218284 0.000730866
   0.759101    0.252995    0.041065     0.65386   0.0631621   0.0218284 0.000730866
   0.759101    0.252995    0.041065     0.65386   0.0631621   0.0218284 0.000730866
   0.759101    0.252995    0.041065     0.65386   0.0631621   0.0218284 0.000730866
   0.759101    0.252995    0.041065     0.65386   0.0631621   0.0218284 0.000730866
   0.759101    0.252995    0.041065     0.65386   0.0631621   0.0218284 0.000730866
   0.759101    0.252995    0.041065     0.65386   0.0631621   0.0218284 0.000730866
   0.759101    0.252995    0.041065     0.65386   0.0631621   0.0218284 0.000730866
   0.759101    0.252995    0.041065     0.65386   0.0631621   0.0218284 0.000730866
   0.759101    0.252995    0.041065     0.65386   0.0631621   0.0218284 0.000730866
   0.759101    0.252995    0.041065     0.65386   0.0631621   0.0218284 0.000730866
   0.759101    0.252995    0.041065     0.65386   0.0631621   0.0218284 0.000730866
   0.759101    0.252995    0.041065     0.65386   0.0631621   0.0218284 0.000730866
   0.759101    0.252995    0.041065     0.65386   0.0631621   0.0218284 0.000730866
   0.759101    0.252995    0.041065     0.65386   0.0631621   0.0218284 0.000730866
   0.759101    0.252995    0.041065     0.65386   0.0631621   0.0218284 0.000730866
   0.759101    0.252995    0.041065     0.65386   0.0631621   0.0218284 0.000730866
   0.759101    0.252995    0.041065     0.65386   0.0631621   0.0218284 0.000730866
   0.759101    0.252995    0.041065     0.65386   0.0631621   0.0218284 0.000730866
   0.760893    0.251676   0.0410696    0.653273   0.0625409   0.0216263 0.000725587
   0.760893    0.251676   0.0410696    0.653273   0.0625409   0.0216263 0.000725587
   0.760893    0.251676   0.0410696    0.653273   0.0625409   0.0216263 0.000725587
   0.760893    0.251676   0.0410696    0.653273   0.0625409   0.0216263 0.000725587
   0.760893    0.251676   0.0410696    0.653273   0.0625409   0.0216263 0.000725587
   0.760893    0.251676   0.0410696    0.653273   0.0625409   0.0216263 0.000725587
   0.760893    0.251676   0.0410696    0.653273   0.0625409   0.0216263 0.000725587
   0.760893    0.251676   0.0410696    0.653273   0.0625409   0.0216263 0.000725587
   0.760893    0.251676   0.0410696    0.653273   0.0625409   0.0216263 0.000725587
   0.760893    0.251676   0.0410696    0.653273   0.0625409   0.0216263 0.000725587
   0.760893    0.251676   0.0410696    0.653273   0.0625409   0.0216263 0.000725587
   0.760893    0.251676   0.0410696    0.653273   0.0625409   0.0216263 0.000725587
   0.760893    0.251676   0.0410696    0.653273   0.0625409   0.0216263 0.000725587
   0.761054    0.241844    0.041035    0.653112   0.0625469   0.0217069  0.00072549
   0.761054    0.241844    0.041035    0.653112   0.0625469   0.0217069  0.00072549
   0.761054    0.241844    0.041035    0.653112   0.0625469   0.0217069  0.00072549
   0.758706    0.247187   0.0412013    0.653393    0.062636   0.0219094 0.000718563
   0.758663    0.247347   0.0412261     0.65331   0.0627323   0.0219559 0.000718473
   0.758663    0.247347   0.0412261     0.65331   0.0627323   0.0219559 0.000718473
   0.758663    0.247347   0.0412261     0.65331   0.0627323   0.0219559 0.000718473
   0.758658    0.246495   0.0412228    0.653297   0.0627143   0.0219561 0.000718447
   0.758658    0.246495   0.0412228    0.653297   0.0627143   0.0219561 0.000718447
   0.758658    0.246495   0.0412228    0.653297   0.0627143   0.0219561 0.000718447
   0.758496    0.246803   0.0412225    0.653074   0.0625726   0.0219357 0.000717902
   0.759852     0.24749   0.0412243    0.653042   0.0625758   0.0219022 0.000716833
   0.759852     0.24749   0.0412243    0.653042   0.0625758   0.0219022 0.000716833
   0.759852     0.24749   0.0412243    0.653042   0.0625758   0.0219022 0.000716833
   0.759852     0.24749   0.0412243    0.653042   0.0625758   0.0219022 0.000716833
   0.759852     0.24749   0.0412243    0.653042   0.0625758   0.0219022 0.000716833
   0.759895    0.247706   0.0412211     0.65308   0.0625572   0.0218933 0.000716748
   0.759895    0.247706   0.0412211     0.65308   0.0625572   0.0218933 0.000716748
    0.75975    0.247562   0.0415181    0.652813      0.0624   0.0222634 0.000708908
    0.75975    0.247562   0.0415181    0.652813      0.0624   0.0222634 0.000708908
   0.760451    0.247661    0.041496    0.652923   0.0624056   0.0222252 0.000708566
   0.760451    0.247661    0.041496    0.652923   0.0624056   0.0222252 0.000708566
   0.760451    0.247661    0.041496    0.652923   0.0624056   0.0222252 0.000708566
   0.760451    0.247661    0.041496    0.652923   0.0624056   0.0222252 0.000708566
   0.760451    0.247661    0.041496    0.652923   0.0624056   0.0222252 0.000708566
   0.760451    0.247661    0.041496    0.652923   0.0624056   0.0222252 0.000708566
   0.760451    0.247661    0.041496    0.652923   0.0624056   0.0222252 0.000708566
   0.760451    0.247661    0.041496    0.652923   0.0624056   0.0222252 0.000708566
   0.760451    0.247661    0.041496    0.652923   0.0624056   0.0222252 0.000708566
   0.760451    0.247661    0.041496    0.652923   0.0624056   0.0222252 0.000708566
   0.760451    0.247661    0.041496    0.652923   0.0624056   0.0222252 0.000708566
   0.760451    0.247661    0.041496    0.652923   0.0624056   0.0222252 0.000708566
   0.760451    0.247661    0.041496    0.652923   0.0624056   0.0222252 0.000708566
   0.760451    0.247661    0.041496    0.652923   0.0624056   0.0222252 0.000708566
   0.760451    0.247661    0.041496    0.652923   0.0624056   0.0222252 0.000708566
   0.760451    0.247661    0.041496    0.652923   0.0624056   0.0222252 0.000708566
   0.760451    0.247661    0.041496    0.652923   0.0624056   0.0222252 0.000708566
   0.760451    0.247661    0.041496    0.652923   0.0624056   0.0222252 0.000708566
   0.759476    0.248584   0.0415963    0.652354   0.0622206   0.0222263 0.000704264
   0.759476    0.248584   0.0415963    0.652354   0.0622206   0.0222263 0.000704264
   0.759476    0.248584   0.0415963    0.652354   0.0622206   0.0222263 0.000704264
   0.759476    0.248584   0.0415963    0.652354   0.0622206   0.0222263 0.000704264
   0.759476    0.248584   0.0415963    0.652354   0.0622206   0.0222263 0.000704264
   0.759476    0.248584   0.0415963    0.652354   0.0622206   0.0222263 0.000704264
   0.759476    0.248584   0.0415963    0.652354   0.0622206   0.0222263 0.000704264
   0.759512    0.248638   0.0415861    0.652364    0.062215   0.0222313 0.000703801
   0.759512    0.248638   0.0415861    0.652364    0.062215   0.0222313 0.000703801
   0.759512    0.248638   0.0415861    0.652364    0.062215   0.0222313 0.000703801
   0.759512    0.248638   0.0415861    0.652364    0.062215   0.0222313 0.000703801
   0.759512    0.248638   0.0415861    0.652364    0.062215   0.0222313 0.000703801
   0.759512    0.248638   0.0415861    0.652364    0.062215   0.0222313 0.000703801
   0.759512    0.248638   0.0415861    0.652364    0.062215   0.0222313 0.000703801
   0.759512    0.248638   0.0415861    0.652364    0.062215   0.0222313 0.000703801
   0.759512    0.248638   0.0415861    0.652364    0.062215   0.0222313 0.000703801
   0.759512    0.248638   0.0415861    0.652364    0.062215   0.0222313 0.000703801
   0.759512    0.248638   0.0415861    0.652364    0.062215   0.0222313 0.000703801
   0.759512    0.248638   0.0415861    0.652364    0.062215   0.0222313 0.000703801
   0.759512    0.248638   0.0415861    0.652364    0.062215   0.0222313 0.000703801
   0.759512    0.248638   0.0415861    0.652364    0.062215   0.0222313 0.000703801
   0.759512    0.248638   0.0415861    0.652364    0.062215   0.0222313 0.000703801
   0.759512    0.248638   0.0415861    0.652364    0.062215   0.0222313 0.000703801
   0.788171    0.271937   0.0485425    0.651862   0.0597258   0.0295343 0.000672107
   0.783977    0.262931     0.04531    0.655117   0.0608934    0.026149 0.000610701
   0.783977    0.262931     0.04531    0.655117   0.0608934    0.026149 0.000610701
   0.783977    0.262931     0.04531    0.655117   0.0608934    0.026149 0.000610701
   0.783977    0.262931     0.04531    0.655117   0.0608934    0.026149 0.000610701
   0.783977    0.262931     0.04531    0.655117   0.0608934    0.026149 0.000610701
   0.783977    0.262931     0.04531    0.655117   0.0608934    0.026149 0.000610701
   0.783902    0.261876   0.0450678     0.65492   0.0606683   0.0256653 0.000606261
   0.783221    0.261695   0.0451401    0.654123   0.0605499   0.0258242 0.000602813
   0.783221    0.261695   0.0451401    0.654123   0.0605499   0.0258242 0.000602813
   0.783221    0.261695   0.0451401    0.654123   0.0605499   0.0258242 0.000602813
   0.783221    0.261695   0.0451401    0.654123   0.0605499   0.0258242 0.000602813
   0.783221    0.261695   0.0451401    0.654123   0.0605499   0.0258242 0.000602813
   0.783221    0.261695   0.0451401    0.654123   0.0605499   0.0258242 0.000602813
   0.783221    0.261695   0.0451401    0.654123   0.0605499   0.0258242 0.000602813
   0.783221    0.261695   0.0451401    0.654123   0.0605499   0.0258242 0.000602813
   0.783221    0.261695   0.0451401    0.654123   0.0605499   0.0258242 0.000602813
   0.782932    0.261896   0.0452392    0.653777   0.0604698   0.0258741 0.000601259
   0.782932    0.261896   0.0452392    0.653777   0.0604698   0.0258741 0.000601259
   0.782932    0.261896   0.0452392    0.653777   0.0604698   0.0258741 0.000601259
   0.782932    0.261896   0.0452392    0.653777   0.0604698   0.0258741 0.000601259
   0.782932    0.261896   0.0452392    0.653777   0.0604698   0.0258741 0.000601259
   0.782932    0.261896   0.0452392    0.653777   0.0604698   0.0258741 0.000601259
   0.782932    0.261896   0.0452392    0.653777   0.0604698   0.0258741 0.000601259
    0.78372    0.261859   0.0452729    0.653789   0.0604528   0.0259615 0.000599935
   0.783385    0.261881   0.0452589    0.653785    0.060459    0.025924 0.000599882
   0.782755    0.261652    0.046198    0.655151    0.060023   0.0267146 0.000587775
   0.782755    0.261652    0.046198    0.655151    0.060023   0.0267146 0.000587775
   0.782755    0.261652    0.046198    0.655151    0.060023   0.0267146 0.000587775
   0.782719    0.261573   0.0461175     0.65489   0.0599512   0.0266135  0.00058702
   0.782895     0.26158   0.0459639    0.654939   0.0599791   0.0264941 0.000584415
   0.782895     0.26158   0.0459639    0.654939   0.0599791   0.0264941 0.000584415
   0.782895     0.26158   0.0459639    0.654939   0.0599791   0.0264941 0.000584415
   0.782895     0.26158   0.0459639    0.654939   0.0599791   0.0264941 0.000584415
   0.782567    0.263835   0.0462519    0.654956   0.0601076   0.0269105 0.000579928
   0.782567    0.263835   0.0462519    0.654956   0.0601076   0.0269105 0.000579928
   0.782567    0.263835   0.0462519    0.654956   0.0601076   0.0269105 0.000579928
   0.782567    0.263835   0.0462519    0.654956   0.0601076   0.0269105 0.000579928
   0.782567    0.263835   0.0462519    0.654956   0.0601076   0.0269105 0.000579928
   0.782567    0.263835   0.0462519    0.654956   0.0601076   0.0269105 0.000579928
   0.782567    0.263835   0.0462519    0.654956   0.0601076   0.0269105 0.000579928
   0.782567    0.263835   0.0462519    0.654956   0.0601076   0.0269105 0.000579928
   0.782567    0.263835   0.0462519    0.654956   0.0601076   0.0269105 0.000579928
   0.782534    0.263813   0.0462476    0.654957   0.0601083   0.0268894 0.000579544
   0.782534    0.263813   0.0462476    0.654957   0.0601083   0.0268894 0.000579544
   0.782534    0.263813   0.0462476    0.654957   0.0601083   0.0268894 0.000579544
   0.782534    0.263813   0.0462476    0.654957   0.0600814   0.0268894 0.000579384
   0.782534    0.263813   0.0462476    0.654957   0.0600814   0.0268894 0.000579384
   0.782534    0.263813   0.0462476    0.654957   0.0600814   0.0268894 0.000579384
   0.782534    0.263813   0.0462476    0.654957   0.0600814   0.0268894 0.000579384
   0.782534    0.263813   0.0462476    0.654957   0.0600814   0.0268894 0.000579384
   0.782534    0.263813   0.0462476    0.654957   0.0600814   0.0268894 0.000579384
   0.782534    0.263813   0.0462476    0.654957   0.0600814   0.0268894 0.000579384
   0.782534    0.263813   0.0462476    0.654957   0.0600814   0.0268894 0.000579384
    0.78284    0.262232   0.0462997    0.655524   0.0599875   0.0268658 0.000577198
    0.78284    0.262232   0.0462997    0.655524   0.0599875   0.0268658 0.000577198
    0.78284    0.262232   0.0462997    0.655524   0.0599875   0.0268658 0.000577198
    0.78284    0.262232   0.0462997    0.655524   0.0599875   0.0268658 0.000577198
    0.78284    0.262232   0.0462997    0.655524   0.0599875   0.0268658 0.000577198
    0.78284    0.262232   0.0462997    0.655524   0.0599875   0.0268658 0.000577198
    0.78284    0.262232   0.0462997    0.655524   0.0599875   0.0268658 0.000577198
    0.78284    0.262232   0.0462997    0.655524   0.0599875   0.0268658 0.000577198
    0.78284    0.262232   0.0462997    0.655524   0.0599875   0.0268658 0.000577198
   0.782834    0.262232   0.0462975    0.655541   0.0599875   0.0268658  0.00057709
   0.782834    0.262232   0.0462975    0.655541   0.0599875   0.0268658  0.00057709
   0.782834    0.262248   0.0462975    0.655541   0.0599695   0.0268658  0.00057685
   0.782834    0.262248   0.0462975    0.655541   0.0599695   0.0268658  0.00057685
   0.782834    0.262248   0.0462975    0.655541   0.0599695   0.0268658  0.00057685
   0.782834    0.262248   0.0462975    0.655541   0.0599695   0.0268658  0.00057685
   0.782779    0.262491   0.0463976    0.655566   0.0599742    0.026977 0.000575317
   0.782779    0.262491   0.0463976    0.655566   0.0599742    0.026977 0.000575317
   0.782779    0.262491   0.0463976    0.655566   0.0599742    0.026977 0.000575317
   0.782779    0.262491   0.0463976    0.655566   0.0599742    0.026977 0.000575317
   0.782779    0.262491   0.0463976    0.655566   0.0599742    0.026977 0.000575317
   0.782779    0.262491   0.0463976    0.655566   0.0599742    0.026977 0.000575317
   0.782779    0.262491   0.0463976    0.655566   0.0599742    0.026977 0.000575317
   0.782779    0.262491   0.0463976    0.655566   0.0599742    0.026977 0.000575317
   0.782779    0.262491   0.0463976    0.655566   0.0599742    0.026977 0.000575317
truk:  0.515996 0.0603199  0.103199  0.896801   0.05516 0.0722394
total difference b/w truk and final GBVEC:0.175539
Wt:
  0.0131579           0           0           0           0           0           0           0           0           0           0           0
          0    0.005283           0           0           0           0           0           0           0           0           0           0
          0           0   0.0952097           0           0           0           0           0           0           0           0           0
          0           0           0      156.95           0           0           0           0           0           0           0           0
          0           0           0           0  0.00457037           0           0           0           0           0           0           0
          0           0           0           0           0   0.0511492           0           0           0           0           0           0
          0           0           0           0           0           0 7.14676e-06           0           0           0           0           0
          0           0           0           0           0           0           0 4.78741e-07           0           0           0           0
          0           0           0           0           0           0           0           0 0.000622972           0           0           0
          0           0           0           0           0           0           0           0           0 0.000576685           0           0
          0           0           0           0           0           0           0           0           0           0 9.43375e-05           0
          0           0           0           0           0           0           0           0           0           0           0  5.7365e-05
CODE FINISHED RUNNING IN 15600 s TIME!
Job Statistics for 1529490:
           JobID       User               Start                 End    Elapsed     MaxRSS   TotalCPU      State Exit        NodeList                                  ReqTRES 
---------------- ---------- ------------------- ------------------- ---------- ---------- ---------- ---------- ---- --------------- ---------------------------------------- 
         1529490   rsjxw007 2021-08-15T22:19:11 2021-08-16T02:39:12   04:20:01              04:19:18  COMPLETED  0:0   r1pl-hpcf-n21         billing=1,cpu=1,mem=7812M,node=1 
   1529490.batch            2021-08-15T22:19:11 2021-08-16T02:39:12   04:20:01      3.25M   04:19:18  COMPLETED  0:0   r1pl-hpcf-n21                                          
  1529490.extern            2021-08-15T22:19:11 2021-08-16T02:39:12   04:20:01          0  00:00.001  COMPLETED  0:0   r1pl-hpcf-n21                                          
CPU Efficiency: 99.73% of 04:20:01 core-walltime
