PSO_S_ODE_NonLinear
Using two part PSO Sample Size:5000 with:27 moments.
Using Record Time:48.45
Bounds for Uniform Distribution (0,1)
Blind PSO --> nParts:5000 Nsteps:15
Targeted PSO --> nParts:30 Nsteps:500
sdbeta:0.1
wt:
1 0 0 0 0 0 0 0 0 0 0 0 0 0 0 0 0 0 0 0 0 0 0 0 0 0 0
0 1 0 0 0 0 0 0 0 0 0 0 0 0 0 0 0 0 0 0 0 0 0 0 0 0 0
0 0 1 0 0 0 0 0 0 0 0 0 0 0 0 0 0 0 0 0 0 0 0 0 0 0 0
0 0 0 1 0 0 0 0 0 0 0 0 0 0 0 0 0 0 0 0 0 0 0 0 0 0 0
0 0 0 0 1 0 0 0 0 0 0 0 0 0 0 0 0 0 0 0 0 0 0 0 0 0 0
0 0 0 0 0 1 0 0 0 0 0 0 0 0 0 0 0 0 0 0 0 0 0 0 0 0 0
0 0 0 0 0 0 1 0 0 0 0 0 0 0 0 0 0 0 0 0 0 0 0 0 0 0 0
0 0 0 0 0 0 0 1 0 0 0 0 0 0 0 0 0 0 0 0 0 0 0 0 0 0 0
0 0 0 0 0 0 0 0 0 0 0 0 0 0 0 0 0 0 0 0 0 0 0 0 0 0 0
0 0 0 0 0 0 0 0 0 1 0 0 0 0 0 0 0 0 0 0 0 0 0 0 0 0 0
0 0 0 0 0 0 0 0 0 0 1 0 0 0 0 0 0 0 0 0 0 0 0 0 0 0 0
0 0 0 0 0 0 0 0 0 0 0 1 0 0 0 0 0 0 0 0 0 0 0 0 0 0 0
0 0 0 0 0 0 0 0 0 0 0 0 0 0 0 0 0 0 0 0 0 0 0 0 0 0 0
0 0 0 0 0 0 0 0 0 0 0 0 0 1 0 0 0 0 0 0 0 0 0 0 0 0 0
0 0 0 0 0 0 0 0 0 0 0 0 0 0 0 0 0 0 0 0 0 0 0 0 0 0 0
0 0 0 0 0 0 0 0 0 0 0 0 0 0 0 0 0 0 0 0 0 0 0 0 0 0 0
0 0 0 0 0 0 0 0 0 0 0 0 0 0 0 0 0 0 0 0 0 0 0 0 0 0 0
0 0 0 0 0 0 0 0 0 0 0 0 0 0 0 0 0 0 0 0 0 0 0 0 0 0 0
0 0 0 0 0 0 0 0 0 0 0 0 0 0 0 0 0 0 0 0 0 0 0 0 0 0 0
0 0 0 0 0 0 0 0 0 0 0 0 0 0 0 0 0 0 0 0 0 0 0 0 0 0 0
0 0 0 0 0 0 0 0 0 0 0 0 0 0 0 0 0 0 0 0 1 0 0 0 0 0 0
0 0 0 0 0 0 0 0 0 0 0 0 0 0 0 0 0 0 0 0 0 0 0 0 0 0 0
0 0 0 0 0 0 0 0 0 0 0 0 0 0 0 0 0 0 0 0 0 0 1 0 0 0 0
0 0 0 0 0 0 0 0 0 0 0 0 0 0 0 0 0 0 0 0 0 0 0 1 0 0 0
0 0 0 0 0 0 0 0 0 0 0 0 0 0 0 0 0 0 0 0 0 0 0 0 1 0 0
0 0 0 0 0 0 0 0 0 0 0 0 0 0 0 0 0 0 0 0 0 0 0 0 0 0 0
0 0 0 0 0 0 0 0 0 0 0 0 0 0 0 0 0 0 0 0 0 0 0 0 0 0 1
mu: 80 120  85
covarMat:
 50   0   0
  0 100   0
  0   0  50

Yt:  3.86782    3.6364    2.3557  0.126721   6.11882   3.32285   52.9104   106.758    10.564 0.0189852   143.975   20.9996  0.745852   9.76412  0.655677   11.1656    13.927   12.8603  0.147368   119.766   17.8456  0.309057   23.7333    14.893   0.47541   0.43825   33.1769
XtA:  3.94003   3.35009   2.41205  0.129582   5.89172   3.40392   52.7105   99.7197   11.2166 0.0196014    137.12   22.2664  0.763663   9.72969  0.671145   11.1645   13.8765   12.6149  0.143182   112.478   17.5093  0.324096   24.1556   15.8023   0.48688  0.459583   33.7712
seedk: 0.845855 0.0737983  0.602319  0.727349  0.588168  0.782366| cost:1195.02
Xt: 3.84213  4.21671  2.50995 0.636634   7.3633  1.93233  50.0496  116.886  12.8818 0.484846  170.489  7.63499  2.00628  10.2275  3.27712  15.5109  7.87387  16.9622  1.30339  135.151  13.0587  1.85284  31.6968  9.91726  3.64108  1.42645  24.4024
PSO begins!
underflow!0.00459354
pos  0.699658   0.627922   0.536293 0.00459354   0.495764  0.0371188
underflow!0.00224177
pos  0.206191   0.121108 0.00224177   0.183779   0.689019   0.186633
overflow!
underflow!8.30504e-05
pos8.30504e-05    0.338079   0.0775892    0.562597    0.893914     0.54592
overflow!
underflow!0.00209374
pos  0.474898   0.176274 0.00209374   0.425253    0.51061   0.633887
overflow!
overflow!
underflow!0.00077404
pos0.00077404   0.599276   0.525256    0.69174   0.903012   0.969911
overflow!
overflow!
underflow!0.00464503
pos0.00464503   0.673587   0.371152   0.665619   0.968505  0.0562139
overflow!
overflow!
underflow!0.00346613
pos  0.569019 0.00346613   0.965853   0.887045   0.294515   0.859374
overflow!
underflow!0.00267374
pos0.00267374    0.30031   0.381777   0.653396   0.988201   0.484762
overflow!
overflow!
overflow!
underflow!0.00085436
pos 0.0952257    0.38345  0.0414229   0.174097 0.00085436   0.581658
overflow!
underflow!0.000193519
pos0.000193519    0.422814   0.0479045    0.284076    0.796127    0.248763
underflow!0.0021023
pos 0.906668 0.0021023   0.54358  0.550676  0.188695  0.763498
overflow!
underflow!0.00193783
pos0.00193783   0.178872   0.412735   0.132699   0.142113   0.316831
overflow!
underflow!0.00480635
pos0.00480635    0.77398   0.468692 0.00370981   0.613176   0.526789
underflow!0.00370981
pos0.00480635    0.77398   0.468692 0.00370981   0.613176   0.526789
underflow!0.00172506
pos  0.432384   0.505787    0.86333   0.315829   0.924701 0.00172506
overflow!
underflow!0.00364205
pos  0.390749   0.369298  0.0208079   0.570948   0.083382 0.00364205
underflow!0.00358615
pos 0.0863695   0.428112   0.969786   0.335354 0.00358615   0.265628
underflow!0.00212016
pos  0.489817   0.767046   0.408495   0.181289 0.00212016   0.143019
overflow!
overflow!
underflow!0.00191272
pos  0.262402 0.00191272   0.976755  0.0146665   0.151974   0.215326
underflow!0.00102008
pos  0.137854 0.00102008   0.427753  0.0752951   0.604578   0.162067
underflow!0.00154127
pos  0.878511 0.00154127   0.397219    0.61024   0.999576   0.709383
underflow!0.00484068
pos  0.960569   0.152723    0.21005   0.339047 0.00484068   0.233536
underflow!0.00290828
pos0.00290828   0.178007   0.506618  0.0864652  0.0670563   0.251729
underflow!0.00271033
pos  0.645564   0.186761   0.147927   0.755919   0.967735 0.00271033
overflow!
underflow!0.000396955
pos  0.0265327    0.826212 0.000396955    0.186073    0.239285    0.644556
overflow!
underflow!0.00175814
pos  0.760098 0.00175814   0.985098   0.739933   0.216199    0.19518
overflow!
underflow!0.000154009
pos   0.127627 0.000154009    0.448213    0.457307    0.862285    0.937163
overflow!
overflow!
overflow!
underflow!0.00127853
pos  0.611703   0.977949   0.820679 0.00127853   0.153777   0.264942
overflow!
underflow!0.00199895
pos  0.157613   0.543588   0.714923 0.00199895  0.0735748   0.855583
underflow!0.00278577
pos  0.655851   0.135763 0.00278577   0.836841   0.468929   0.834604
underflow!0.00451002
pos0.00451002    0.13534    0.66962   0.908957  0.0320473   0.851324
underflow!0.00356899
pos0.00356899   0.393167  0.0812271   0.946866    0.34507   0.653774
overflow!
overflow!
overflow!
underflow!0.00416895
pos  0.386108   0.989823 0.00416895    0.93569   0.721824   0.850911
underflow!0.000137234
pos0.000137234    0.313466   0.0401385    0.439886    0.477134    0.379105
underflow!0.00360378
pos    0.3385    0.34124  0.0653557   0.449783   0.594534 0.00360378
underflow!0.00484844
pos  0.321261 0.00484844    0.14229   0.184288   0.589839   0.324171
overflow!
overflow!
underflow!0.000660242
pos   0.132384    0.708928 0.000660242     0.27444    0.646024    0.777984
overflow!
overflow!
underflow!0.0034275
pos0.000134851   0.0034275    0.756993    0.691014     0.42018     0.55895
underflow!0.00160882
pos  0.198321   0.553252   0.524679 0.00160882   0.205196   0.454109
underflow!0.00499673
pos  0.497942   0.702154   0.596183   0.316065 0.00499673  0.0605165
overflow!
overflow!
underflow!0.000880528
pos   0.595248   0.0530452    0.812349 0.000880528    0.749091    0.983719
overflow!
underflow!0.00371486
pos  0.177777   0.895382   0.319108   0.691246 0.00371486   0.389593
overflow!
underflow!0.00455626
pos  0.564361   0.358891   0.502121    0.80101 0.00455626   0.201067
overflow!
underflow!0.00452103
pos  0.886485  0.0591768 0.00452103  0.0125481   0.725326   0.944108
underflow!0.00263659
pos  0.858197   0.480854 0.00263659   0.840653   0.617614   0.565201
overflow!
underflow!0.000187635
pos   0.297674     0.41659 0.000187635    0.881983    0.500135    0.256554
underflow!0.00423606
pos 0.0855251   0.414496   0.470251   0.323073   0.495537 0.00423606
underflow!0.00237195
pos  0.854084   0.310915   0.982975 0.00237195   0.284429   0.299108
underflow!0.000702438
pos0.000702438    0.573369    0.142706    0.911473    0.404832    0.675224
underflow!0.00269332
pos  0.197862  0.0170639   0.691758   0.154865 0.00269332   0.363212
overflow!
overflow!
overflow!
underflow!0.00321518
pos0.00321518   0.172542   0.944003   0.416124   0.331053  0.0496478
overflow!
underflow!0.00342914
pos  0.563791 0.00342914   0.797669   0.710736   0.499449   0.654737
overflow!
overflow!
underflow!0.000891764
pos    0.63351    0.968228    0.259351 0.000891764    0.252754    0.274402
underflow!0.00330762
pos  0.616019    0.58726  0.0529717 0.00330762    0.36823    0.38973
overflow!
overflow!
overflow!
overflow!
underflow!0.00036488
pos 0.0318617    0.11947 0.00036488   0.063429   0.497559   0.423775
overflow!
overflow!
underflow!0.000830136
pos   0.910303    0.824922    0.226503     0.91507     0.73771 0.000830136
overflow!
overflow!
overflow!
overflow!
underflow!0.00485238
pos 0.0776351   0.473525   0.947422   0.292896 0.00485238   0.339189
GBMAT from blind PSO:

 0.845855 0.0737983  0.602319  0.727349  0.588168  0.782366   1195.02
 0.845855 0.0737983  0.602319  0.727349  0.588168  0.782366   1195.02
 0.600731  0.354066  0.452408  0.904097 0.0813278  0.327633   29.0322
 0.495071  0.202065  0.232517  0.735536  0.115512   0.17956    24.759
 0.707111  0.405024    0.3001  0.928145 0.0394788  0.225471   21.7199
 0.577707  0.337016  0.155902  0.889087 0.0879545  0.120581   20.7077
 0.577707  0.337016  0.155902  0.889087 0.0879545  0.120581   20.7077
 0.600674  0.365305  0.196773  0.915256 0.0496075  0.150813   19.9781
 0.591383  0.358996  0.204506  0.900957 0.0403296  0.156085   19.8242
 0.600855  0.398477  0.133347  0.896955 0.0794652  0.101783   19.1885
 0.587412  0.406196   0.13797  0.899612 0.0769019  0.104875   19.1164
 0.550997  0.402687  0.143182  0.908027 0.0574795   0.10854   18.7195
  0.53641  0.419631  0.142002   0.91186 0.0360688  0.107064   18.1905
 0.529284  0.449699  0.136072  0.906647 0.0356293  0.101833   18.0376
 0.511292  0.440152 0.0962575  0.896587 0.0479305 0.0714443   16.3146
 0.510675  0.409623 0.0809874  0.903053  0.039842 0.0588687   14.4976

truk:  0.515996 0.0603199  0.103199  0.896801   0.05516 0.0722394
total difference b/w truk and final GBVEC0.122987

tgCol: 0  1  2  3  4  5 10 11 12 15 17 21 22 25
reCol1: 0  1  2  3  4  5  6 12 13 15 18 19 20
reCol2: 0  1  2  3  4  5  6 10 13 15 22 26
targeted PSO has started!
Updating Weight Matrix!
GBVEC AND COST: 0.510675  0.409623 0.0809874  0.903053  0.039842 0.0588687   14.4976
Chkpt reached!
new weight matrix:
  0.0134265           0           0           0           0           0           0           0           0           0           0           0           0           0
          0  0.00534514           0           0           0           0           0           0           0           0           0           0           0           0
          0           0    0.097974           0           0           0           0           0           0           0           0           0           0           0
          0           0           0      228.03           0           0           0           0           0           0           0           0           0           0
          0           0           0           0  0.00461795           0           0           0           0           0           0           0           0           0
          0           0           0           0           0   0.0521481           0           0           0           0           0           0           0           0
          0           0           0           0           0           0 4.83053e-07           0           0           0           0           0           0           0
          0           0           0           0           0           0           0 0.000151576           0           0           0           0           0           0
          0           0           0           0           0           0           0           0    0.191146           0           0           0           0           0
          0           0           0           0           0           0           0           0           0 0.000548813           0           0           0           0
          0           0           0           0           0           0           0           0           0           0 0.000180459           0           0           0
          0           0           0           0           0           0           0           0           0           0           0     4.94419           0           0
          0           0           0           0           0           0           0           0           0           0           0           0 9.84551e-05           0
          0           0           0           0           0           0           0           0           0           0           0           0           0     2.51665

New PBMAT:
   0.425137    0.418653   0.0500058    0.872514   0.0763459    0.172445     3.94691
   0.566045    0.419388    0.136239    0.632866  0.00293933   0.0724689    0.355271
   0.534498    0.143422   0.0618525    0.923696 0.000518441    0.233776     2.87635
   0.664458    0.407339    0.102075    0.881963   0.0123738   0.0244095    0.857616
   0.505318    0.341404   0.0345861    0.847686   0.0903086  0.00931481    0.147449
   0.585513    0.579174 0.000124507    0.763629    0.070037   0.0247031     6.85332
   0.569844    0.439239   0.0884975    0.927415   0.0308371 0.000120551     13.5201
   0.455589    0.388284     0.32986    0.994543 1.51901e-09 0.000267113     8.24585
   0.524248    0.466842   0.0350145    0.971779   0.0487889 2.66957e-09     0.52687
   0.726374    0.382384   0.0451902    0.892311   0.0474519   0.0382817     1.24805
   0.648609    0.361381  0.00985076    0.992087   0.0141371   0.0786924     5.22186
   0.562045    0.349957  0.00416341    0.954643    0.413337   0.0163204     3.69371
   0.415382    0.386333   0.0233486    0.917034   0.0557504   0.0834201     4.73683
   0.514076    0.351481   0.0235858    0.933448 0.000869655  0.00466846     3.70911
   0.479615    0.415228   0.0172433    0.834682   0.0212341  0.00110361     3.43473
   0.692565    0.547597   0.0437833    0.882954    0.115818   0.0197732    0.348238
   0.488324    0.421613    0.166009    0.979135   0.0163712  0.00136083     19.6043
   0.483551    0.290195    0.321962    0.577914 0.000209806  0.00292717     10.4523
   0.507736     0.34974   0.0327664    0.929122 5.19788e-05    0.247197     4.71811
   0.576843    0.346905   0.0741579    0.754542   0.0404714   0.0947126     1.12281
   0.564717    0.248684   0.0491719    0.627371   0.0265437   0.0290336    0.496889
   0.443925    0.535269   0.0640204     0.97469  0.00104601   0.0749273     3.95045
   0.650633    0.250737    0.096643    0.675932 1.07677e-08    0.047244    0.461525
   0.441386    0.412634    0.387282    0.895388  2.3335e-07   0.0961594     4.00617
   0.317568    0.568626  0.00218632    0.786172  0.00215112   0.0161521     9.57024
   0.600336    0.426471 3.97476e-06    0.727759  0.00322207 6.00096e-05     6.18922
   0.481996      0.2721   0.0257806    0.787887   0.0261629   0.0294489     2.88548
   0.593413    0.308773   0.0221537    0.711053   0.0036298  0.00515731     3.17909
   0.419641    0.302248  0.00403714    0.858096    0.047731    0.344648     5.99885
   0.455798    0.433854   0.0254432    0.964993  0.00239413     0.63506     5.91381

underflow!0.000124507
pos   0.585513    0.579174 0.000124507    0.763629    0.070037   0.0247031
underflow!0.000120551
pos   0.569844    0.439239   0.0884975    0.927415   0.0308371 0.000120551
underflow!1.51901e-09
pos   0.455589    0.388284     0.32986    0.994543 1.51901e-09 0.000267113
underflow!0.00416341
pos  0.562045   0.349957 0.00416341   0.954643   0.413337  0.0163204
underflow!0.00466846
pos   0.514076    0.351481   0.0235858    0.933448 0.000869655  0.00466846
underflow!0.000869655
pos   0.514076    0.351481   0.0235858    0.933448 0.000869655  0.00466846
underflow!5.19788e-05
pos   0.507736     0.34974   0.0327664    0.929122 5.19788e-05    0.247197
underflow!1.07677e-08
pos   0.650633    0.250737    0.096643    0.675932 1.07677e-08    0.047244
underflow!2.3335e-07
pos  0.441386   0.412634   0.387282   0.895388 2.3335e-07  0.0961594
underflow!0.00215112
pos  0.317568   0.568626 0.00218632   0.786172 0.00215112  0.0161521
underflow!3.97476e-06
pos   0.600336    0.426471 3.97476e-06    0.727759  0.00322207 6.00096e-05
underflow!0.0036298
pos  0.593413   0.308773  0.0221537   0.711053  0.0036298 0.00515731
underflow!0.00260077
pos  0.478622   0.411308   0.287747    0.96516  0.0112991 0.00260077
underflow!0.000617149
pos   0.527643      0.6224   0.0359391    0.964997   0.0491993 0.000617149
underflow!0.00194077
pos   0.48701   0.422459  0.0185063   0.832357  0.0233473 0.00194077
underflow!0.00471216
pos  0.544094   0.301954   0.016868   0.899728  0.0560124 0.00471216
underflow!0.000821114
pos   0.709082    0.404348   0.0201901    0.864425 0.000342759 0.000821114
underflow!0.000342759
pos   0.709082    0.404348   0.0201901    0.864425 0.000342759 0.000821114
underflow!0.00181131
pos    0.4917   0.425897  0.0191517   0.607638  0.0103258 0.00181131
underflow!0.00234469
pos  0.577423   0.522642  0.0390756   0.764448 0.00943345 0.00234469
underflow!0.00472923
pos  0.553986   0.588709   0.202218   0.868033   0.027279 0.00472923
underflow!0.00297926
pos  0.615841   0.515741  0.0162424   0.932277  0.0213823 0.00297926
underflow!0.00447853
pos  0.510348   0.599398  0.0569758   0.907472  0.0446201 0.00447853
underflow!0.00143039
pos  0.393612   0.167212 0.00143039   0.978317  0.0933729   0.669971
underflow!0.004849
pos 0.426372  0.412562  0.247143  0.944173 0.0295968  0.004849
underflow!0.00219787
pos   0.50076   0.406308   0.239471   0.956234   0.011499 0.00219787
underflow!0.00353865
pos  0.542863   0.468736  0.0220759    0.94915   0.139202 0.00353865
underflow!0.00312929
pos    0.6114   0.221689    0.03826   0.850902  0.0904915 0.00312929
underflow!0.00470299
pos   0.62218   0.513876  0.0515582   0.885629  0.0430263 0.00470299
underflow!0.00472174
pos  0.608897   0.307183   0.147316   0.934948 0.00472174  0.0790559
Updating Weight Matrix!
GBVEC AND COST:  0.612603  0.0917729  0.0996245    0.86822  0.0517519  0.0694983 0.00343816
Chkpt reached!
new weight matrix:
  0.0132786           0           0           0           0           0           0           0           0           0           0           0           0
          0  0.00538426           0           0           0           0           0           0           0           0           0           0           0
          0           0   0.0952386           0           0           0           0           0           0           0           0           0           0
          0           0           0     174.776           0           0           0           0           0           0           0           0           0
          0           0           0           0  0.00467304           0           0           0           0           0           0           0           0
          0           0           0           0           0   0.0480042           0           0           0           0           0           0           0
          0           0           0           0           0           0 7.19461e-06           0           0           0           0           0           0
          0           0           0           0           0           0           0      0.9643           0           0           0           0           0
          0           0           0           0           0           0           0           0 0.000605264           0           0           0           0
          0           0           0           0           0           0           0           0           0 0.000561582           0           0           0
          0           0           0           0           0           0           0           0           0           0     9.67682           0           0
          0           0           0           0           0           0           0           0           0           0           0 5.28619e-07           0
          0           0           0           0           0           0           0           0           0           0           0           0 9.67818e-05

underflow!0.00011674
pos  0.534645  0.0251174 0.00297781   0.710123 0.00011674   0.149735
underflow!0.00297781
pos  0.534645  0.0251174 0.00297781   0.710123 0.00011674   0.149735
underflow!0.00040385
pos  0.630706 0.00040385   0.023247   0.793249 0.00114616  0.0642428
underflow!0.00114616
pos  0.630706 0.00040385   0.023247   0.793249 0.00114616  0.0642428
underflow!0.00139002
pos  0.569276   0.184449    0.37452   0.915469 0.00139002   0.106177
underflow!0.000628717
pos   0.628872  0.00147785    0.105017    0.932392    0.240905 0.000628717
underflow!0.000163868
pos   0.450574    0.028524   0.0738616    0.946546 0.000163868  0.00718851
underflow!0.00110829
pos  0.567099 0.00110829    0.05844   0.820369 0.00575516 0.00647864
underflow!0.000833275
pos    0.66412  0.00948597    0.106988    0.837422 0.000833275    0.111194
underflow!0.00218206
pos  0.747178 0.00355396   0.058521   0.840133 0.00119481 0.00218206
underflow!0.00119481
pos  0.747178 0.00355396   0.058521   0.840133 0.00119481 0.00218206
underflow!0.00355396
pos  0.747178 0.00355396   0.058521   0.840133 0.00119481 0.00218206
underflow!0.00459191
pos   0.748908  0.00459191    0.104201    0.945826   0.0387379 0.000250033
underflow!0.000250033
pos   0.748908  0.00459191    0.104201    0.945826   0.0387379 0.000250033
underflow!0.000330894
pos   0.614712 0.000102108   0.0951508    0.863671 0.000330894 0.000363818
underflow!0.000363818
pos   0.614712 0.000102108   0.0951508    0.863671 0.000330894 0.000363818
underflow!0.000102108
pos   0.614712 0.000102108   0.0951508    0.863671 0.000330894 0.000363818
underflow!0.00318651
pos  0.496772   0.063792 0.00318651   0.649874 0.00412973   0.191722
underflow!0.00412973
pos  0.496772   0.063792 0.00318651   0.649874 0.00412973   0.191722
underflow!0.0048635
pos 0.604637  0.105879  0.145753  0.868851 0.0048635 0.0503698
Updating Weight Matrix!
GBVEC AND COST:  0.604874  0.0907156  0.0955189   0.882273  0.0577421  0.0690386 0.00156928
Chkpt reached!
new weight matrix:
  0.0133037           0           0           0           0           0           0           0           0           0           0           0
          0  0.00535937           0           0           0           0           0           0           0           0           0           0
          0           0   0.0941978           0           0           0           0           0           0           0           0           0
          0           0           0     175.044           0           0           0           0           0           0           0           0
          0           0           0           0  0.00464915           0           0           0           0           0           0           0
          0           0           0           0           0   0.0492814           0           0           0           0           0           0
          0           0           0           0           0           0 7.21034e-06           0           0           0           0           0
          0           0           0           0           0           0           0 4.85371e-07           0           0           0           0
          0           0           0           0           0           0           0           0 0.000600269           0           0           0
          0           0           0           0           0           0           0           0           0 0.000557215           0           0
          0           0           0           0           0           0           0           0           0           0 9.87532e-05           0
          0           0           0           0           0           0           0           0           0           0           0 5.33457e-05

underflow!0.00114459
pos  0.511285  0.0126883  0.0764382   0.849763 0.00114459   0.155273
underflow!0.000199017
pos   0.455855   0.0505802    0.266334    0.835512   0.0251384 0.000199017
underflow!0.00166742
pos  0.463533   0.111199   0.112188   0.987663 0.00166742 0.00104685
underflow!1.59935e-05
pos   0.748209    0.100931    0.275236    0.768055 1.59935e-05   0.0809002
underflow!0.000940552
pos   0.597271   0.0769488   0.0223205    0.969717   0.0528726 0.000940552
underflow!0.000860083
pos   0.799232 0.000860083    0.282674    0.833638   0.0355977   0.0254729
underflow!0.00267361
pos  0.533947  0.0342993  0.0233787    0.93511  0.0689817 0.00267361
underflow!0.0018859
pos 0.797691 0.0126313 0.0139074  0.903304 0.0018859 0.0864675
underflow!0.00275063
pos  0.702506   0.129192  0.0443438   0.632492 0.00131803 0.00275063
underflow!0.0029499
pos 0.479315 0.0193396  0.127676  0.851131 0.0029499  0.239755
underflow!0.00422555
pos  0.720735  0.0362348  0.0701719   0.890124 0.00422555  0.0766927
GBMAT after targeted PSO:
   0.845855   0.0737983    0.602319    0.727349    0.588168    0.782366     1195.02
   0.845855   0.0737983    0.602319    0.727349    0.588168    0.782366     1195.02
   0.600731    0.354066    0.452408    0.904097   0.0813278    0.327633     29.0322
   0.495071    0.202065    0.232517    0.735536    0.115512     0.17956      24.759
   0.707111    0.405024      0.3001    0.928145   0.0394788    0.225471     21.7199
   0.577707    0.337016    0.155902    0.889087   0.0879545    0.120581     20.7077
   0.577707    0.337016    0.155902    0.889087   0.0879545    0.120581     20.7077
   0.600674    0.365305    0.196773    0.915256   0.0496075    0.150813     19.9781
   0.591383    0.358996    0.204506    0.900957   0.0403296    0.156085     19.8242
   0.600855    0.398477    0.133347    0.896955   0.0794652    0.101783     19.1885
   0.587412    0.406196     0.13797    0.899612   0.0769019    0.104875     19.1164
   0.550997    0.402687    0.143182    0.908027   0.0574795     0.10854     18.7195
    0.53641    0.419631    0.142002     0.91186   0.0360688    0.107064     18.1905
   0.529284    0.449699    0.136072    0.906647   0.0356293    0.101833     18.0376
   0.511292    0.440152   0.0962575    0.896587   0.0479305   0.0714443     16.3146
   0.510675    0.409623   0.0809874    0.903053    0.039842   0.0588687     14.4976
   0.510675    0.409623   0.0809874    0.903053    0.039842   0.0588687    0.946403
   0.510675    0.409623   0.0809874    0.903053    0.039842   0.0588687    0.946403
   0.657044    0.547103   0.0419035    0.835509   0.0863713   0.0179625    0.269644
   0.657044    0.547103   0.0419035    0.835509   0.0863713   0.0179625    0.269644
   0.657044    0.547103   0.0419035    0.835509   0.0863713   0.0179625    0.269644
   0.657044    0.547103   0.0419035    0.835509   0.0863713   0.0179625    0.269644
   0.657044    0.547103   0.0419035    0.835509   0.0863713   0.0179625    0.269644
   0.685508    0.419799   0.0359191    0.808892    0.112255   0.0145031    0.223825
   0.718831    0.441099   0.0446775    0.875462   0.0783607   0.0198969    0.124564
   0.718831    0.437519   0.0446775    0.875462   0.0783607   0.0198969    0.121299
   0.789963    0.371944   0.0820019       0.756   0.0423147   0.0512051   0.0827861
   0.789963    0.371944   0.0820019       0.756   0.0423147   0.0512051   0.0827861
   0.789963    0.371944   0.0820019       0.756   0.0423147   0.0512051   0.0827861
   0.660449     0.30151   0.0980795    0.856803   0.0559467   0.0649766   0.0808466
   0.660449     0.30151   0.0980795    0.856803   0.0559467   0.0649766   0.0808466
   0.660449     0.30151   0.0980795    0.856803   0.0559467   0.0649766   0.0808466
   0.660449     0.30151   0.0980795    0.856803   0.0559467   0.0649766   0.0808466
   0.660449     0.30151   0.0980795    0.856803   0.0559467   0.0649766   0.0808466
   0.660449     0.30151   0.0980795    0.856803   0.0559467   0.0649766   0.0808466
   0.660449     0.30151   0.0980795    0.856803   0.0559467   0.0649766   0.0808466
   0.718471    0.239435   0.0672555    0.754527   0.0442278   0.0425953   0.0788764
   0.573559    0.160529    0.119973    0.861956    0.040578   0.0931719   0.0516979
   0.573559    0.160529    0.119973    0.861956    0.040578   0.0931719   0.0516979
   0.573559    0.160529    0.119973    0.861956    0.040578   0.0931719   0.0516979
   0.573559    0.160529    0.119973    0.861956    0.040578   0.0931719   0.0516979
   0.620403      0.1539   0.0886956    0.851167   0.0629553   0.0686884   0.0179582
   0.620403      0.1539   0.0886956    0.851167   0.0629553   0.0686884   0.0179582
   0.620403      0.1539   0.0886956    0.851167   0.0629553   0.0686884   0.0179582
   0.620403      0.1539   0.0886956    0.851167   0.0629553   0.0686884   0.0179582
   0.620403      0.1539   0.0886956    0.851167   0.0629553   0.0686884   0.0179582
   0.620403      0.1539   0.0886956    0.851167   0.0629553   0.0686884   0.0179582
   0.625308    0.167999   0.0939347    0.859401   0.0596981   0.0688403   0.0154311
    0.60424     0.12345    0.105737    0.876935   0.0482013   0.0722596  0.00715855
    0.60424     0.12345    0.105737    0.876935   0.0482013   0.0722596  0.00715855
    0.60424     0.12345    0.105737    0.876935   0.0482013   0.0722596  0.00715855
    0.60424     0.12345    0.105737    0.876935   0.0482013   0.0722596  0.00715855
    0.60424     0.12345    0.105737    0.876935   0.0482013   0.0722596  0.00715855
    0.60424     0.12345    0.105737    0.876935   0.0482013   0.0722596  0.00715855
   0.607284   0.0671858    0.103158     0.87098   0.0460084   0.0718066  0.00396185
   0.607284   0.0671858    0.103158     0.87098   0.0460084   0.0718066  0.00396185
   0.607284   0.0671858    0.103158     0.87098   0.0460084   0.0718066  0.00396185
   0.607284   0.0671858    0.103158     0.87098   0.0460084   0.0718066  0.00396185
   0.607284   0.0671858    0.103158     0.87098   0.0460084   0.0718066  0.00396185
   0.607284   0.0671858    0.103158     0.87098   0.0460084   0.0718066  0.00396185
   0.607284   0.0671858    0.103158     0.87098   0.0460084   0.0718066  0.00396185
   0.612603   0.0917729   0.0996245     0.86822   0.0517519   0.0694983  0.00343816
   0.612603   0.0917729   0.0996245     0.86822   0.0517519   0.0694983  0.00343816
   0.612603   0.0917729   0.0996245     0.86822   0.0517519   0.0694983  0.00343816
   0.612603   0.0917729   0.0996245     0.86822   0.0517519   0.0694983  0.00343816
   0.612603   0.0917729   0.0996245     0.86822   0.0517519   0.0694983  0.00343816
   0.612603   0.0917729   0.0996245     0.86822   0.0517519   0.0694983  0.00343816
   0.612603   0.0917729   0.0996245     0.86822   0.0517519   0.0694983   0.0022412
   0.612603   0.0917729   0.0996245     0.86822   0.0517519   0.0694983   0.0022412
   0.612603   0.0917729   0.0996245     0.86822   0.0517519   0.0694983   0.0022412
   0.612603   0.0917729   0.0996245     0.86822   0.0517519   0.0694983   0.0022412
   0.612603   0.0917729   0.0996245     0.86822   0.0517519   0.0694983   0.0022412
   0.612603   0.0917729   0.0996245     0.86822   0.0517519   0.0694983   0.0022412
   0.612603   0.0917729   0.0996245     0.86822   0.0517519   0.0694983   0.0022412
   0.612603   0.0917729   0.0996245     0.86822   0.0517519   0.0694983   0.0022412
   0.612603   0.0917729   0.0996245     0.86822   0.0517519   0.0694983   0.0022412
   0.612603   0.0917729   0.0996245     0.86822   0.0517519   0.0694983   0.0022412
   0.612603   0.0917729   0.0996245     0.86822   0.0517519   0.0694983   0.0022412
   0.612603   0.0917729   0.0996245     0.86822   0.0517519   0.0694983   0.0022412
   0.612603   0.0917729   0.0996245     0.86822   0.0517519   0.0694983   0.0022412
   0.612603   0.0917729   0.0996245     0.86822   0.0517519   0.0694983   0.0022412
   0.612603   0.0917729   0.0996245     0.86822   0.0517519   0.0694983   0.0022412
   0.612603   0.0917729   0.0996245     0.86822   0.0517519   0.0694983   0.0022412
   0.612603   0.0917729   0.0996245     0.86822   0.0517519   0.0694983   0.0022412
   0.612603   0.0917729   0.0996245     0.86822   0.0517519   0.0694983   0.0022412
   0.612603   0.0917729   0.0996245     0.86822   0.0517519   0.0694983   0.0022412
   0.612603   0.0917729   0.0996245     0.86822   0.0517519   0.0694983   0.0022412
   0.612603   0.0917729   0.0996245     0.86822   0.0517519   0.0694983   0.0022412
   0.612603   0.0917729   0.0996245     0.86822   0.0517519   0.0694983   0.0022412
   0.612603   0.0917729   0.0996245     0.86822   0.0517519   0.0694983   0.0022412
   0.612603   0.0917729   0.0996245     0.86822   0.0517519   0.0694983   0.0022412
   0.612603   0.0917729   0.0996245     0.86822   0.0517519   0.0694983   0.0022412
   0.612603   0.0917729   0.0996245     0.86822   0.0517519   0.0694983   0.0022412
   0.612603   0.0917729   0.0996245     0.86822   0.0517519   0.0694983   0.0022412
   0.612603   0.0917729   0.0996245     0.86822   0.0517519   0.0694983   0.0022412
   0.612603   0.0917729   0.0996245     0.86822   0.0517519   0.0694983   0.0022412
   0.612603   0.0917729   0.0996245     0.86822   0.0517519   0.0694983   0.0022412
   0.612603   0.0917729   0.0996245     0.86822   0.0517519   0.0694983   0.0022412
   0.612603   0.0917729   0.0996245     0.86822   0.0517519   0.0694983   0.0022412
   0.612603   0.0917729   0.0996245     0.86822   0.0517519   0.0694983   0.0022412
   0.612603   0.0917729   0.0996245     0.86822   0.0517519   0.0694983   0.0022412
   0.612603   0.0917729   0.0996245     0.86822   0.0517519   0.0694983   0.0022412
   0.612603   0.0917729   0.0996245     0.86822   0.0517519   0.0694983   0.0022412
   0.612603   0.0917729   0.0996245     0.86822   0.0517519   0.0694983   0.0022412
   0.612603   0.0917729   0.0996245     0.86822   0.0517519   0.0694983   0.0022412
   0.612603   0.0917729   0.0996245     0.86822   0.0517519   0.0694983   0.0022412
   0.612603   0.0917729   0.0996245     0.86822   0.0517519   0.0694983   0.0022412
   0.612603   0.0917729   0.0996245     0.86822   0.0517519   0.0694983   0.0022412
   0.612603   0.0917729   0.0996245     0.86822   0.0517519   0.0694983   0.0022412
   0.612878   0.0887899   0.0939279     0.89161    0.059219   0.0673763    0.002154
   0.612878   0.0887899   0.0939279     0.89161    0.059219   0.0673763    0.002154
   0.612878   0.0887899   0.0939279     0.89161    0.059219   0.0673763    0.002154
   0.612878   0.0887899   0.0939279     0.89161    0.059219   0.0673763    0.002154
   0.612878   0.0887899   0.0939279     0.89161    0.059219   0.0673763    0.002154
   0.596453   0.0864012   0.0935926     0.87594   0.0574415   0.0667056  0.00190721
   0.596453   0.0864012   0.0935926     0.87594   0.0574415   0.0667056  0.00190721
   0.596453   0.0864012   0.0935926     0.87594   0.0574415   0.0667056  0.00190721
   0.596453   0.0864012   0.0935926     0.87594   0.0574415   0.0667056  0.00190721
   0.597704   0.0872957   0.0935926    0.876786    0.058311   0.0669102  0.00186101
   0.597704   0.0872957   0.0935926    0.876786    0.058311   0.0669102  0.00186101
   0.597704   0.0872957   0.0935926    0.876786    0.058311   0.0669102  0.00186101
   0.597704   0.0872957   0.0935926    0.876786    0.058311   0.0669102  0.00186101
   0.597704   0.0872957   0.0935926    0.876786    0.058311   0.0669102  0.00186101
   0.597704   0.0872957   0.0935926    0.876786    0.058311   0.0669102  0.00186101
   0.597704   0.0872957   0.0935926    0.876786    0.058311   0.0669102  0.00186101
   0.597704   0.0872957   0.0935926    0.876786    0.058311   0.0669102  0.00186101
   0.597704   0.0872957   0.0935926    0.876786    0.058311   0.0669102  0.00186101
   0.597704   0.0872957   0.0935926    0.876786    0.058311   0.0669102  0.00186101
   0.597704   0.0872957   0.0935926    0.876786    0.058311   0.0669102  0.00186101
   0.597704   0.0872957   0.0935926    0.876786    0.058311   0.0669102  0.00186101
   0.597482   0.0886914   0.0937616    0.876579   0.0572172   0.0666154  0.00174512
   0.597482   0.0886914   0.0937616    0.876579   0.0572172   0.0666154  0.00174512
   0.597522   0.0906254   0.0937616    0.877789   0.0572172   0.0669032  0.00166035
   0.597522   0.0906254   0.0937616    0.877789   0.0572172   0.0669032  0.00166035
   0.597522   0.0906254   0.0937616    0.877789   0.0572172   0.0669032  0.00166035
   0.597522   0.0906254   0.0937616    0.877789   0.0572172   0.0669032  0.00166035
   0.597522   0.0906254   0.0937616    0.877789   0.0572172   0.0669032  0.00166035
   0.597522   0.0906254   0.0937616    0.877789   0.0572172   0.0669032  0.00166035
   0.597522   0.0906254   0.0937616    0.877789   0.0572172   0.0669032  0.00166035
   0.597522   0.0906254   0.0937616    0.877789   0.0572172   0.0669032  0.00166035
   0.597522   0.0906254   0.0937616    0.877789   0.0572172   0.0669032  0.00166035
   0.597522   0.0906254   0.0937616    0.877789   0.0572172   0.0669032  0.00166035
   0.597522   0.0906254   0.0937616    0.877789   0.0572172   0.0669032  0.00166035
   0.593292   0.0874345   0.0941411    0.878211     0.05858   0.0684956  0.00157721
   0.593292   0.0874345   0.0941411    0.878211     0.05858   0.0684956  0.00157721
   0.593292   0.0874345   0.0941411    0.878211     0.05858   0.0684956  0.00157721
   0.593292   0.0874345   0.0941411    0.878211     0.05858   0.0684956  0.00157721
   0.593292   0.0874345   0.0941411    0.878211     0.05858   0.0684956  0.00157721
   0.593292   0.0874345   0.0941411    0.878211     0.05858   0.0684956  0.00157721
   0.593292   0.0874345   0.0941411    0.878211     0.05858   0.0684956  0.00157721
   0.593292   0.0874345   0.0941411    0.878211     0.05858   0.0684956  0.00157721
   0.593292   0.0874345   0.0941411    0.878211     0.05858   0.0684956  0.00157721
   0.593292   0.0874345   0.0941411    0.878211     0.05858   0.0684956  0.00157721
   0.593292   0.0874345   0.0941411    0.878211     0.05858   0.0684956  0.00157721
   0.593292   0.0874345   0.0941411    0.878211     0.05858   0.0684956  0.00157721
   0.593292   0.0874345   0.0941411    0.878211     0.05858   0.0684956  0.00157721
   0.593292   0.0874345   0.0941411    0.878211     0.05858   0.0684956  0.00157721
   0.593292   0.0874345   0.0941411    0.878211     0.05858   0.0684956  0.00157721
   0.593292   0.0874345   0.0941411    0.878211     0.05858   0.0684956  0.00157721
   0.593292   0.0874345   0.0941411    0.878211     0.05858   0.0684956  0.00157721
   0.593292   0.0874345   0.0941411    0.878211     0.05858   0.0684956  0.00157721
   0.593292   0.0874345   0.0941411    0.878211     0.05858   0.0684956  0.00157721
   0.593292   0.0874345   0.0941411    0.878211     0.05858   0.0684956  0.00157721
   0.593292   0.0874345   0.0941411    0.878211     0.05858   0.0684956  0.00157721
   0.593292   0.0874345   0.0941411    0.878211     0.05858   0.0684956  0.00157721
   0.593292   0.0874345   0.0941411    0.878211     0.05858   0.0684956  0.00157721
   0.593292   0.0874345   0.0941411    0.878211     0.05858   0.0684956  0.00157721
   0.593292   0.0874345   0.0941411    0.878211     0.05858   0.0684956  0.00157721
   0.593292   0.0874345   0.0941411    0.878211     0.05858   0.0684956  0.00157721
   0.593292   0.0874345   0.0941411    0.878211     0.05858   0.0684956  0.00157721
   0.593292   0.0874345   0.0941411    0.878211     0.05858   0.0684956  0.00157721
   0.593292   0.0874345   0.0941411    0.878211     0.05858   0.0684956  0.00157721
   0.593292   0.0874345   0.0941411    0.878211     0.05858   0.0684956  0.00157721
   0.593292   0.0874345   0.0941411    0.878211     0.05858   0.0684956  0.00157721
   0.593292   0.0874345   0.0941411    0.878211     0.05858   0.0684956  0.00157721
   0.593292   0.0874345   0.0941411    0.878211     0.05858   0.0684956  0.00157721
   0.593292   0.0874345   0.0941411    0.878211     0.05858   0.0684956  0.00157721
   0.593292   0.0874345   0.0941411    0.878211     0.05858   0.0684956  0.00157721
   0.593292   0.0874345   0.0941411    0.878211     0.05858   0.0684956  0.00157721
   0.598093   0.0885442   0.0945363    0.878676   0.0583495   0.0685993  0.00157295
   0.598093   0.0885442   0.0945363    0.878676   0.0583495   0.0685993  0.00157295
   0.598093   0.0885442   0.0945363    0.878676   0.0583495   0.0685993  0.00157295
   0.598093   0.0885442   0.0945363    0.878676   0.0583495   0.0685993  0.00157295
   0.598093   0.0885442   0.0945363    0.878676   0.0583495   0.0685993  0.00157295
   0.598093   0.0885442   0.0945363    0.878676   0.0583495   0.0685993  0.00157295
   0.607938   0.0922187   0.0948613    0.882072   0.0580564    0.068323  0.00156954
   0.607938   0.0922187   0.0948613    0.882072   0.0580564    0.068323  0.00156954
   0.607938   0.0922187   0.0948613    0.882072   0.0580564    0.068323  0.00156954
   0.607938   0.0922187   0.0948613    0.882072   0.0580564    0.068323  0.00156954
   0.607938   0.0922187   0.0948613    0.882072   0.0580564    0.068323  0.00156954
   0.607938   0.0922187   0.0948613    0.882072   0.0580564    0.068323  0.00156954
   0.607938   0.0922187   0.0948613    0.882072   0.0580564    0.068323  0.00156954
   0.607938   0.0922187   0.0948613    0.882072   0.0580564    0.068323  0.00156954
   0.607938   0.0922187   0.0948613    0.882072   0.0580564    0.068323  0.00156954
   0.607938   0.0922187   0.0948613    0.882072   0.0580564    0.068323  0.00156954
   0.607938   0.0922187   0.0948613    0.882072   0.0580564    0.068323  0.00156954
   0.607938   0.0922187   0.0948613    0.882072   0.0580564    0.068323  0.00156954
   0.607938   0.0922187   0.0948613    0.882072   0.0580564    0.068323  0.00156954
   0.607938   0.0922187   0.0948613    0.882072   0.0580564    0.068323  0.00156954
   0.607938   0.0922187   0.0948613    0.882072   0.0580564    0.068323  0.00156954
   0.607938   0.0922187   0.0948613    0.882072   0.0580564    0.068323  0.00156954
   0.607938   0.0922187   0.0948613    0.882072   0.0580564    0.068323  0.00156954
   0.607938   0.0922187   0.0948613    0.882072   0.0580564    0.068323  0.00156954
   0.607938   0.0922187   0.0948613    0.882072   0.0580564    0.068323  0.00156954
   0.604874   0.0907156   0.0955189    0.882273   0.0577421   0.0690386  0.00156928
   0.604874   0.0907156   0.0955189    0.882273   0.0577421   0.0690386  0.00156928
   0.604874   0.0907156   0.0955189    0.882273   0.0577421   0.0690386  0.00156928
   0.604874   0.0907156   0.0955189    0.882273   0.0577421   0.0690386  0.00156928
   0.604874   0.0907156   0.0955189    0.882273   0.0577421   0.0690386  0.00156928
   0.604874   0.0907156   0.0955189    0.882273   0.0577421   0.0690386  0.00156928
   0.604874   0.0907156   0.0955189    0.882273   0.0577421   0.0690386  0.00156928
   0.604874   0.0907156   0.0955189    0.882273   0.0577421   0.0690386  0.00156928
   0.604874   0.0907156   0.0955189    0.882273   0.0577421   0.0690386  0.00156928
   0.604874   0.0907156   0.0955189    0.882273   0.0577421   0.0690386  0.00156928
   0.604874   0.0907156   0.0955189    0.882273   0.0577421   0.0690386  0.00156928
   0.604874   0.0907156   0.0955189    0.882273   0.0577421   0.0690386  0.00156928
   0.604874   0.0907156   0.0955189    0.882273   0.0577421   0.0690386  0.00156928
   0.604874   0.0907156   0.0955189    0.882273   0.0577421   0.0690386  0.00156928
   0.604874   0.0907156   0.0955189    0.882273   0.0577421   0.0690386  0.00129812
   0.604874   0.0907156   0.0955189    0.882273   0.0577421   0.0690386  0.00129812
   0.604874   0.0907156   0.0955189    0.882273   0.0577421   0.0690386  0.00129812
   0.604874   0.0907156   0.0955189    0.882273   0.0577421   0.0690386  0.00129812
   0.604874   0.0907156   0.0955189    0.882273   0.0577421   0.0690386  0.00129812
   0.632336    0.110064   0.0924337    0.882706   0.0590985     0.06502  0.00121533
   0.632336    0.110064   0.0924337    0.882706   0.0590985     0.06502  0.00121533
   0.632336    0.110064   0.0924337    0.882706   0.0590985     0.06502  0.00121533
   0.602452    0.120058    0.116807    0.900177   0.0445121   0.0818776  0.00117803
   0.602452    0.120058    0.116807    0.900177   0.0445121   0.0818776  0.00117803
   0.602452    0.120058    0.116807    0.900177   0.0445121   0.0818776  0.00117803
   0.602452    0.120058    0.116807    0.900177   0.0445121   0.0818776  0.00117803
   0.602452    0.120058    0.116807    0.900177   0.0445121   0.0818776  0.00117803
   0.618447    0.123864    0.110685     0.88524   0.0481932   0.0780984 0.000967784
   0.618447    0.123864    0.110685     0.88524   0.0481932   0.0780984 0.000967784
   0.618447    0.123864    0.110685     0.88524   0.0481932   0.0780984 0.000967784
   0.618447    0.123864    0.110685     0.88524   0.0481932   0.0780984 0.000967784
   0.618447    0.123864    0.110685     0.88524   0.0481932   0.0780984 0.000967784
   0.618447    0.123864    0.110685     0.88524   0.0481932   0.0780984 0.000967784
   0.626268    0.143044    0.106706    0.886524   0.0540517   0.0776811 0.000931669
   0.626268    0.143044    0.106706    0.886524   0.0540517   0.0776811 0.000931669
   0.626131     0.13234    0.106562    0.887222   0.0529208   0.0769629 0.000876447
   0.626131     0.13234    0.106562    0.887222   0.0529208   0.0769629 0.000876447
   0.626131     0.13234    0.106562    0.887222   0.0529208   0.0769629 0.000876447
   0.626131     0.13234    0.106562    0.887222   0.0529208   0.0769629 0.000876447
   0.626131     0.13234    0.106562    0.887222   0.0529208   0.0769629 0.000876447
   0.625198    0.130448    0.106747    0.887054   0.0524212   0.0770126 0.000860805
   0.625198    0.130448    0.106747    0.887054   0.0524212   0.0770126 0.000860805
   0.625198    0.130448    0.106747    0.887054   0.0524212   0.0770126 0.000860805
   0.625198    0.130448    0.106747    0.887054   0.0524212   0.0770126 0.000860805
   0.626417    0.140985    0.106904    0.878831   0.0520056   0.0775225 0.000841616
   0.626417    0.140985    0.106904    0.878831   0.0520056   0.0775225 0.000841616
   0.601736     0.12567    0.109993    0.884003   0.0497851   0.0787255 0.000820845
   0.602562    0.126838    0.105728    0.888945   0.0524925   0.0750932 0.000811509
   0.602562    0.126838    0.105728    0.888945   0.0524925   0.0750932 0.000811509
   0.607434    0.131991    0.105728     0.88872   0.0524925   0.0753595 0.000797227
   0.607434    0.131991    0.105728     0.88872   0.0524925   0.0753595 0.000797227
   0.607434    0.131991    0.105728     0.88872   0.0524925   0.0753595 0.000797227
   0.607434    0.131991    0.105728     0.88872   0.0524925   0.0753595 0.000797227
   0.607434    0.131991    0.105728     0.88872   0.0524925   0.0753595 0.000797227
   0.613263    0.139568    0.107174    0.888434   0.0528612   0.0767434 0.000763842
   0.586151    0.138349    0.107598    0.885577   0.0511318   0.0761615 0.000740584
   0.599484     0.13569    0.107307    0.886068   0.0515721   0.0763976 0.000734822
   0.599484     0.13569    0.107307    0.886068   0.0515721   0.0763976 0.000734822
   0.599484     0.13569    0.107307    0.886068   0.0515721   0.0763976 0.000734822
   0.599484     0.13569    0.107307    0.886068   0.0515721   0.0763976 0.000734822
   0.599484     0.13569    0.107307    0.886068   0.0515721   0.0763976 0.000734822
   0.599484     0.13569    0.107307    0.886068   0.0515721   0.0763976 0.000734822
   0.599484     0.13569    0.107307    0.886068   0.0515721   0.0763976 0.000734822
   0.599484     0.13569    0.107307    0.886068   0.0515721   0.0763976 0.000734822
   0.599484     0.13569    0.107307    0.886068   0.0515721   0.0763976 0.000734822
   0.599484     0.13569    0.107307    0.886068   0.0515721   0.0763976 0.000734822
   0.599484     0.13569    0.107307    0.886068   0.0515721   0.0763976 0.000734822
   0.599688    0.135454    0.107236    0.886054    0.051689   0.0764888 0.000734765
   0.599688    0.135454    0.107236    0.886054    0.051689   0.0764888 0.000734765
   0.599688    0.135454    0.107236    0.886054    0.051689   0.0764888 0.000734765
   0.599688    0.135454    0.107236    0.886054    0.051689   0.0764888 0.000734765
   0.599688    0.135454    0.107236    0.886054    0.051689   0.0764888 0.000734765
   0.599688    0.135454    0.107236    0.886054    0.051689   0.0764888 0.000734765
   0.599688    0.135454    0.107236    0.886054    0.051689   0.0764888 0.000734765
   0.599688    0.135454    0.107236    0.886054    0.051689   0.0764888 0.000734765
   0.597939     0.14925    0.109132     0.88905   0.0514786    0.077221 0.000680897
   0.597939     0.14925    0.109132     0.88905   0.0514786    0.077221 0.000680897
   0.597939     0.14925    0.109132     0.88905   0.0514786    0.077221 0.000680897
   0.597939    0.154112    0.109132     0.88905   0.0516565    0.077221 0.000660543
   0.597939    0.154112    0.109132     0.88905   0.0516565    0.077221 0.000660543
   0.597939    0.154112    0.109132     0.88905   0.0516565    0.077221 0.000660543
   0.572683     0.15412    0.109408    0.888532   0.0520621    0.077854 0.000632633
   0.572683     0.15412    0.109408    0.888532   0.0520621    0.077854 0.000632633
   0.572683     0.15412    0.109408    0.888532   0.0520621    0.077854 0.000632633
    0.57715    0.154745    0.108986    0.890042   0.0528476    0.077646 0.000617869
    0.57715    0.154745    0.108986    0.890042   0.0528476    0.077646 0.000617869
    0.57715    0.154745    0.108986    0.890042   0.0528476    0.077646 0.000617869
    0.57715    0.154745    0.108986    0.890042   0.0528476    0.077646 0.000617869
    0.57715    0.154745    0.108986    0.890042   0.0528476    0.077646 0.000617869
    0.57715    0.154745    0.108986    0.890042   0.0528476    0.077646 0.000617869
    0.57715    0.154745    0.108986    0.890042   0.0528476    0.077646 0.000617869
    0.57715    0.154745    0.108986    0.890042   0.0528476    0.077646 0.000617869
    0.57715    0.154745    0.108986    0.890042   0.0528476    0.077646 0.000617869
    0.57715    0.154745    0.108986    0.890042   0.0528476    0.077646 0.000617869
    0.57715    0.154745    0.108986    0.890042   0.0528476    0.077646 0.000617869
    0.57715    0.154745    0.108986    0.890042   0.0528476    0.077646 0.000617869
    0.57715    0.154745    0.108986    0.890042   0.0528476    0.077646 0.000617869
    0.57715    0.154745    0.108986    0.890042   0.0528476    0.077646 0.000617869
    0.57715    0.154745    0.108986    0.890042   0.0528476    0.077646 0.000617869
    0.57715    0.154745    0.108986    0.890042   0.0528476    0.077646 0.000617869
    0.57715    0.154745    0.108986    0.890042   0.0528476    0.077646 0.000617869
    0.57715    0.154745    0.108986    0.890042   0.0528476    0.077646 0.000617869
    0.57715    0.154745    0.108986    0.890042   0.0528476    0.077646 0.000617869
    0.57715    0.154745    0.108986    0.890042   0.0528476    0.077646 0.000617869
    0.57715    0.154745    0.108986    0.890042   0.0528476    0.077646 0.000617869
    0.57715    0.154745    0.108986    0.890042   0.0528476    0.077646 0.000617869
    0.57715    0.154745    0.108986    0.890042   0.0528476    0.077646 0.000617869
    0.57715    0.154745    0.108986    0.890042   0.0528476    0.077646 0.000617869
    0.57715    0.154745    0.108986    0.890042   0.0528476    0.077646 0.000617869
    0.57715    0.154745    0.108986    0.890042   0.0528476    0.077646 0.000617869
    0.57715    0.154745    0.108986    0.890042   0.0528476    0.077646 0.000617869
    0.57715    0.154745    0.108986    0.890042   0.0528476    0.077646 0.000617869
    0.57715    0.154745    0.108986    0.890042   0.0528476    0.077646 0.000617869
    0.57715    0.154745    0.108986    0.890042   0.0528476    0.077646 0.000617869
    0.57715    0.154745    0.108986    0.890042   0.0528476    0.077646 0.000617869
    0.57715    0.154745    0.108986    0.890042   0.0528476    0.077646 0.000617869
    0.57715    0.154745    0.108986    0.890042   0.0528476    0.077646 0.000617869
    0.57715    0.154745    0.108986    0.890042   0.0528476    0.077646 0.000617869
    0.57715    0.154745    0.108986    0.890042   0.0528476    0.077646 0.000617869
    0.57715    0.154745    0.108986    0.890042   0.0528476    0.077646 0.000617869
    0.57715    0.154745    0.108986    0.890042   0.0528476    0.077646 0.000617869
    0.57715    0.154745    0.108986    0.890042   0.0528476    0.077646 0.000617869
    0.57715    0.154745    0.108986    0.890042   0.0528476    0.077646 0.000617869
   0.576875    0.154724    0.109097    0.889739     0.05273   0.0776118 0.000617239
   0.576875    0.154724    0.109097    0.889739     0.05273   0.0776118 0.000617239
   0.571692    0.152995    0.108949    0.890025   0.0528342   0.0774506 0.000616404
   0.571692    0.152995    0.108949    0.890025   0.0528342   0.0774506 0.000616404
   0.571692    0.152995    0.108949    0.890025   0.0528342   0.0774506 0.000616404
   0.571692    0.152995    0.108949    0.890025   0.0528342   0.0774506 0.000616404
   0.571692    0.152995    0.108949    0.890025   0.0528342   0.0774506 0.000616404
   0.571692    0.152995    0.108949    0.890025   0.0528342   0.0774506 0.000616404
   0.571692    0.152995    0.108949    0.890025   0.0528342   0.0774506 0.000616404
   0.571692    0.152995    0.108949    0.890025   0.0528342   0.0774506 0.000616404
   0.571692    0.152995    0.108949    0.890025   0.0528342   0.0774506 0.000616404
   0.571692    0.152995    0.108949    0.890025   0.0528342   0.0774506 0.000616404
   0.571692    0.152995    0.108949    0.890025   0.0528342   0.0774506 0.000616404
   0.571692    0.152995    0.108949    0.890025   0.0528342   0.0774506 0.000616404
   0.571692    0.152995    0.108949    0.890025   0.0528342   0.0774506 0.000616404
   0.571692    0.152995    0.108949    0.890025   0.0528342   0.0774506 0.000616404
   0.571692    0.152995    0.108949    0.890025   0.0528342   0.0774506 0.000616404
   0.571692    0.152995    0.108949    0.890025   0.0528342   0.0774506 0.000616404
   0.571692    0.152995    0.108949    0.890025   0.0528342   0.0774506 0.000616404
   0.571692    0.152995    0.108949    0.890025   0.0528342   0.0774506 0.000616404
   0.571692    0.152995    0.108949    0.890025   0.0528342   0.0774506 0.000616404
   0.571692    0.152995    0.108949    0.890025   0.0528342   0.0774506 0.000616404
   0.571692    0.152995    0.108949    0.890025   0.0528342   0.0774506 0.000616404
   0.571692    0.152995    0.108949    0.890025   0.0528342   0.0774506 0.000616404
   0.571692    0.152995    0.108949    0.890025   0.0528342   0.0774506 0.000616404
   0.571692    0.152995    0.108949    0.890025   0.0528342   0.0774506 0.000616404
   0.571692    0.152995    0.108949    0.890025   0.0528342   0.0774506 0.000616404
   0.571692    0.152995    0.108949    0.890025   0.0528342   0.0774506 0.000616404
   0.571894    0.153271     0.10909    0.889386   0.0527615   0.0776905 0.000615721
   0.573686    0.154946    0.108828    0.888951   0.0528257   0.0773645 0.000614485
   0.573686    0.154946    0.108828    0.888951   0.0528257   0.0773645 0.000614485
   0.573686    0.154946    0.108828    0.888951   0.0528257   0.0773645 0.000614485
   0.573686    0.154946    0.108828    0.888951   0.0528257   0.0773645 0.000614485
   0.573686    0.154946    0.108828    0.888951   0.0528257   0.0773645 0.000614485
   0.571819    0.155022    0.107155    0.891154   0.0543097   0.0760589 0.000613181
   0.571819    0.155022    0.107155    0.891154   0.0543097   0.0760589 0.000613181
   0.571819    0.155022    0.107155    0.891154   0.0543097   0.0760589 0.000613181
   0.571819    0.155022    0.107155    0.891154   0.0543097   0.0760589 0.000613181
   0.571819    0.155022    0.107155    0.891154   0.0543097   0.0760589 0.000613181
   0.571819    0.155022    0.107155    0.891154   0.0543097   0.0760589 0.000613181
   0.571819    0.155022    0.107155    0.891154   0.0543097   0.0760589 0.000613181
   0.571819    0.155022    0.107155    0.891154   0.0543097   0.0760589 0.000613181
   0.571819    0.155022    0.107155    0.891154   0.0543097   0.0760589 0.000613181
   0.571819    0.155022    0.107155    0.891154   0.0543097   0.0760589 0.000613181
   0.571819    0.155022    0.107155    0.891154   0.0543097   0.0760589 0.000613181
   0.571819    0.155022    0.107155    0.891154   0.0543097   0.0760589 0.000613181
   0.571819    0.155022    0.107155    0.891154   0.0543097   0.0760589 0.000613181
   0.571819    0.155022    0.107155    0.891154   0.0543097   0.0760589 0.000613181
   0.571819    0.155022    0.107155    0.891154   0.0543097   0.0760589 0.000613181
   0.571819    0.155022    0.107155    0.891154   0.0543097   0.0760589 0.000613181
   0.571819    0.155022    0.107155    0.891154   0.0543097   0.0760589 0.000613181
   0.571819    0.155022    0.107155    0.891154   0.0543097   0.0760589 0.000613181
    0.57179    0.155026    0.107146    0.891146   0.0541946   0.0760607 0.000612848
    0.57179    0.155026    0.107146    0.891146   0.0541946   0.0760607 0.000612848
    0.57179    0.155026    0.107146    0.891146   0.0541946   0.0760607 0.000612848
    0.57179    0.155026    0.107146    0.891146   0.0541946   0.0760607 0.000612848
    0.57179    0.155026    0.107146    0.891146   0.0541946   0.0760607 0.000612848
    0.57179    0.155026    0.107146    0.891146   0.0541946   0.0760607 0.000612848
   0.571916    0.154651    0.107464    0.891589   0.0541988   0.0764593 0.000612221
   0.571916    0.154651    0.107464    0.891589   0.0541988   0.0764593 0.000612221
   0.571916    0.154651    0.107464    0.891589   0.0541988   0.0764593 0.000612221
   0.571916    0.154651    0.107464    0.891589   0.0541988   0.0764593 0.000612221
   0.571916    0.154651    0.107464    0.891589   0.0541988   0.0764593 0.000612221
   0.571916    0.154651    0.107464    0.891589   0.0541988   0.0764593 0.000612221
   0.570721    0.154704    0.107355    0.890948    0.054238   0.0763361 0.000611362
   0.570721    0.154704    0.107355    0.890948    0.054238   0.0763361 0.000611362
   0.570721    0.154704    0.107355    0.890948    0.054238   0.0763361 0.000611362
   0.570721    0.154704    0.107355    0.890948    0.054238   0.0763361 0.000611362
   0.570721    0.154704    0.107355    0.890948    0.054238   0.0763361 0.000611362
   0.570721    0.154704    0.107355    0.890948    0.054238   0.0763361 0.000611362
   0.570721    0.154704    0.107355    0.890948    0.054238   0.0763361 0.000611362
   0.570721    0.154704    0.107355    0.890948    0.054238   0.0763361 0.000611362
   0.570721    0.154704    0.107355    0.890948    0.054238   0.0763361 0.000611362
   0.570721    0.154704    0.107355    0.890948    0.054238   0.0763361 0.000611362
   0.570721    0.154704    0.107355    0.890948    0.054238   0.0763361 0.000611362
   0.570721    0.154704    0.107355    0.890948    0.054238   0.0763361 0.000611362
   0.570721    0.154704    0.107355    0.890948    0.054238   0.0763361 0.000611362
   0.570721    0.154704    0.107355    0.890948    0.054238   0.0763361 0.000611362
   0.570721    0.154704    0.107355    0.890948    0.054238   0.0763361 0.000611362
   0.570721    0.154704    0.107355    0.890948    0.054238   0.0763361 0.000611362
   0.570721    0.154704    0.107355    0.890948    0.054238   0.0763361 0.000611362
   0.570721    0.154704    0.107355    0.890948    0.054238   0.0763361 0.000611362
   0.570721    0.154704    0.107355    0.890948    0.054238   0.0763361 0.000611362
   0.561479     0.15465    0.107566    0.890606   0.0544062   0.0765789 0.000607667
   0.561479     0.15465    0.107566    0.890606   0.0544062   0.0765789 0.000607667
   0.561479     0.15465    0.107566    0.890606   0.0544062   0.0765789 0.000607667
   0.561479     0.15465    0.107566    0.890606   0.0544062   0.0765789 0.000607667
   0.563224    0.154338      0.1076    0.890648   0.0542358   0.0765716  0.00060758
   0.563224    0.154338      0.1076    0.890648   0.0542358   0.0765716  0.00060758
   0.563224    0.154338      0.1076    0.890648   0.0542358   0.0765716  0.00060758
   0.563224    0.154338      0.1076    0.890648   0.0542358   0.0765716  0.00060758
   0.563224    0.154338      0.1076    0.890648   0.0542358   0.0765716  0.00060758
   0.563224    0.154338      0.1076    0.890648   0.0542358   0.0765716  0.00060758
   0.563224    0.154338      0.1076    0.890648   0.0542358   0.0765716  0.00060758
   0.563224    0.154338      0.1076    0.890648   0.0542358   0.0765716  0.00060758
   0.563224    0.154338      0.1076    0.890648   0.0542358   0.0765716  0.00060758
   0.563224    0.154338      0.1076    0.890648   0.0542358   0.0765716  0.00060758
   0.563224    0.154338      0.1076    0.890648   0.0542358   0.0765716  0.00060758
   0.563224    0.154338      0.1076    0.890648   0.0542358   0.0765716  0.00060758
   0.563224    0.154338      0.1076    0.890648   0.0542358   0.0765716  0.00060758
   0.563224    0.154338      0.1076    0.890648   0.0542358   0.0765716  0.00060758
   0.563844     0.15448    0.107549    0.890632   0.0541495   0.0764553 0.000607465
   0.563844     0.15448    0.107549    0.890632   0.0541495   0.0764553 0.000607465
   0.563844     0.15448    0.107549    0.890632   0.0541495   0.0764553 0.000607465
   0.563844     0.15448    0.107549    0.890632   0.0541495   0.0764553 0.000607465
   0.563844     0.15448    0.107549    0.890632   0.0541495   0.0764553 0.000607465
     0.5625    0.154585    0.107558    0.890615   0.0543009    0.076527 0.000606972
     0.5625    0.154585    0.107558    0.890615   0.0543009    0.076527 0.000606972
     0.5625    0.154585    0.107558    0.890615   0.0543009    0.076527 0.000606972
     0.5625    0.154585    0.107558    0.890615   0.0543009    0.076527 0.000606972
   0.562768    0.154604    0.107537    0.890704   0.0542708   0.0764985   0.0006068
   0.562768    0.154604    0.107537    0.890704   0.0542708   0.0764985   0.0006068
   0.562768    0.154604    0.107537    0.890704   0.0542708   0.0764985   0.0006068
   0.562768    0.154604    0.107537    0.890704   0.0542708   0.0764985   0.0006068
   0.562768    0.154604    0.107537    0.890704   0.0542708   0.0764985   0.0006068
   0.562768    0.154604    0.107537    0.890704   0.0542708   0.0764985   0.0006068
   0.562875    0.154544    0.107497      0.8907    0.054262   0.0764382 0.000606738
   0.562875    0.154544    0.107497      0.8907    0.054262   0.0764382 0.000606738
   0.562875    0.154544    0.107497      0.8907    0.054262   0.0764382 0.000606738
   0.562875    0.154544    0.107497      0.8907    0.054262   0.0764382 0.000606738
   0.561979    0.154524    0.107506    0.890703   0.0542628   0.0764518 0.000606496
   0.563299    0.157569    0.107531    0.891125    0.054311   0.0763455 0.000605297
   0.563299    0.157569    0.107531    0.891125    0.054311   0.0763455 0.000605297
   0.563299    0.157569    0.107531    0.891125    0.054311   0.0763455 0.000605297
   0.563299    0.157569    0.107531    0.891125    0.054311   0.0763455 0.000605297
   0.563308    0.157266    0.107546    0.891125   0.0543101   0.0763527 0.000605104
   0.563308    0.157266    0.107546    0.891125   0.0543101   0.0763527 0.000605104
   0.563308    0.157266    0.107546    0.891125   0.0543101   0.0763527 0.000605104
   0.563308    0.157266    0.107546    0.891125   0.0543101   0.0763527 0.000605104
   0.563308    0.157266    0.107546    0.891125   0.0543101   0.0763527 0.000605104
   0.563308    0.157266    0.107546    0.891125   0.0543101   0.0763527 0.000605104
   0.563308    0.157266    0.107546    0.891125   0.0543101   0.0763527 0.000605104
   0.563354    0.157141    0.107539     0.89106   0.0543104   0.0763586 0.000605064
   0.563354    0.157141    0.107539     0.89106   0.0543104   0.0763586 0.000605064
   0.564292    0.159321    0.107635    0.890284   0.0542204   0.0763523 0.000604587
   0.564292    0.159321    0.107635    0.890284   0.0542204   0.0763523 0.000604587
   0.554533    0.157949    0.107584    0.892638   0.0548921   0.0763677 0.000603265
   0.560029    0.158439    0.107487    0.891753   0.0546523   0.0763622 0.000603151
   0.560029    0.158439    0.107487    0.891753   0.0546523   0.0763622 0.000603151
   0.560029    0.158439    0.107487    0.891753   0.0546523   0.0763622 0.000603151
   0.560029    0.158439    0.107487    0.891753   0.0546523   0.0763622 0.000603151
   0.560029    0.158439    0.107487    0.891753   0.0546523   0.0763622 0.000603151
   0.560029    0.158439    0.107487    0.891753   0.0546523   0.0763622 0.000603151
   0.560029    0.158439    0.107487    0.891753   0.0546523   0.0763622 0.000603151
   0.560029    0.158439    0.107487    0.891753   0.0546523   0.0763622 0.000603151
    0.56003    0.158438    0.107487     0.89169   0.0546523   0.0763622 0.000603069
    0.56003    0.158438    0.107487     0.89169   0.0546523   0.0763622 0.000603069
    0.56003    0.158438    0.107487     0.89169   0.0546523   0.0763622 0.000603069
    0.56003    0.158438    0.107487     0.89169   0.0546523   0.0763622 0.000603069
    0.56003    0.158438    0.107487     0.89169   0.0546523   0.0763622 0.000603069
    0.56003    0.158438    0.107487     0.89169   0.0546523   0.0763622 0.000603069
    0.56003    0.158438    0.107487     0.89169   0.0546523   0.0763622 0.000603069
    0.56003    0.158438    0.107487     0.89169   0.0546523   0.0763622 0.000603069
    0.56003    0.158438    0.107487     0.89169   0.0546523   0.0763622 0.000603069
     0.5601    0.158374    0.107493     0.89184   0.0546755    0.076362 0.000603026
   0.560344    0.158677    0.107488    0.891773   0.0546658   0.0763556 0.000603011
   0.560344    0.158677    0.107488    0.891773   0.0546658   0.0763556 0.000603011
   0.560344    0.158677    0.107488    0.891773   0.0546658   0.0763556 0.000603011
   0.560344    0.158677    0.107488    0.891773   0.0546658   0.0763556 0.000603011
   0.560344    0.158677    0.107488    0.891773   0.0546658   0.0763556 0.000603011
   0.560344    0.158677    0.107488    0.891773   0.0546658   0.0763556 0.000603011
   0.559558    0.158576    0.107474    0.891829   0.0546971   0.0763443  0.00060291
   0.559558    0.158576    0.107474    0.891829   0.0546971   0.0763443  0.00060291
   0.559558    0.158576    0.107474    0.891829   0.0546971   0.0763443  0.00060291
   0.559558    0.158576    0.107474    0.891829   0.0546971   0.0763443  0.00060291
   0.559558    0.158576    0.107474    0.891829   0.0546971   0.0763443  0.00060291
   0.559558    0.158576    0.107474    0.891829   0.0546971   0.0763443  0.00060291
   0.559558    0.158576    0.107474    0.891829   0.0546971   0.0763443  0.00060291
   0.559558    0.158576    0.107474    0.891829   0.0546971   0.0763443  0.00060291
   0.559372    0.158411    0.107476    0.891817   0.0546914     0.07631 0.000602895
   0.559372    0.158411    0.107476    0.891817   0.0546914     0.07631 0.000602895
   0.559422    0.158354    0.107453    0.891808   0.0547033   0.0763047 0.000602848
   0.559037    0.158374    0.107461    0.891814    0.054699   0.0763066 0.000602819
   0.559037    0.158374    0.107461    0.891814    0.054699   0.0763066 0.000602819
   0.559037    0.158374    0.107461    0.891814    0.054699   0.0763066 0.000602819
   0.559037    0.158374    0.107461    0.891814    0.054699   0.0763066 0.000602819
   0.559037    0.158374    0.107461    0.891814    0.054699   0.0763066 0.000602819
   0.559037    0.158374    0.107461    0.891814    0.054699   0.0763066 0.000602819
   0.559037    0.158374    0.107461    0.891814    0.054699   0.0763066 0.000602819
   0.559037    0.158374    0.107461    0.891814    0.054699   0.0763066 0.000602819
   0.559037    0.158374    0.107461    0.891814    0.054699   0.0763066 0.000602819
   0.559037    0.158374    0.107461    0.891814    0.054699   0.0763066 0.000602819
   0.559037    0.158374    0.107461    0.891814    0.054699   0.0763066 0.000602819
   0.559037    0.158374    0.107461    0.891814    0.054699   0.0763066 0.000602819
   0.559037    0.158374    0.107461    0.891814    0.054699   0.0763066 0.000602819
   0.559037    0.158374    0.107461    0.891814    0.054699   0.0763066 0.000602819
   0.559037    0.158374    0.107461    0.891814    0.054699   0.0763066 0.000602819
   0.559037    0.158374    0.107461    0.891814    0.054699   0.0763066 0.000602819
   0.559169    0.158407    0.107458     0.89181   0.0547056   0.0763152 0.000602807
   0.559169    0.158407    0.107458     0.89181   0.0547056   0.0763152 0.000602807
   0.559169    0.158407    0.107458     0.89181   0.0547056   0.0763152 0.000602807
   0.559169    0.158407    0.107458     0.89181   0.0547056   0.0763152 0.000602807
truk:  0.515996 0.0603199  0.103199  0.896801   0.05516 0.0722394
total difference b/w truk and final GBVEC:0.0115448
Wt:
  0.0133037           0           0           0           0           0           0           0           0           0           0           0
          0  0.00535937           0           0           0           0           0           0           0           0           0           0
          0           0   0.0941978           0           0           0           0           0           0           0           0           0
          0           0           0     175.044           0           0           0           0           0           0           0           0
          0           0           0           0  0.00464915           0           0           0           0           0           0           0
          0           0           0           0           0   0.0492814           0           0           0           0           0           0
          0           0           0           0           0           0 7.21034e-06           0           0           0           0           0
          0           0           0           0           0           0           0 4.85371e-07           0           0           0           0
          0           0           0           0           0           0           0           0 0.000600269           0           0           0
          0           0           0           0           0           0           0           0           0 0.000557215           0           0
          0           0           0           0           0           0           0           0           0           0 9.87532e-05           0
          0           0           0           0           0           0           0           0           0           0           0 5.33457e-05
CODE FINISHED RUNNING IN 16976 s TIME!
Job Statistics for 1529488:
           JobID       User               Start                 End    Elapsed     MaxRSS   TotalCPU      State Exit        NodeList                                  ReqTRES 
---------------- ---------- ------------------- ------------------- ---------- ---------- ---------- ---------- ---- --------------- ---------------------------------------- 
         1529488   rsjxw007 2021-08-15T22:19:08 2021-08-16T03:02:06   04:42:58              04:41:47  COMPLETED  0:0   r1pl-hpcf-n21         billing=1,cpu=1,mem=7812M,node=1 
   1529488.batch            2021-08-15T22:19:08 2021-08-16T03:02:06   04:42:58      3.25M   04:41:47  COMPLETED  0:0   r1pl-hpcf-n21                                          
  1529488.extern            2021-08-15T22:19:08 2021-08-16T03:02:06   04:42:58          0  00:00.001  COMPLETED  0:0   r1pl-hpcf-n21                                          
CPU Efficiency: 99.59% of 04:42:58 core-walltime
