PSO_S_ODE_NonLinear
Using two part PSO Sample Size:5000 with:27 moments.
Using Record Time:10.25
Bounds for Uniform Distribution (0,1)
Blind PSO --> nParts:5 Nsteps:4
Targeted PSO --> nParts:50 Nsteps:100
sdbeta:0.1
wt:
1 0 0 0 0 0 0 0 0 0 0 0 0 0 0 0 0 0 0 0 0 0 0 0 0 0 0
0 1 0 0 0 0 0 0 0 0 0 0 0 0 0 0 0 0 0 0 0 0 0 0 0 0 0
0 0 1 0 0 0 0 0 0 0 0 0 0 0 0 0 0 0 0 0 0 0 0 0 0 0 0
0 0 0 1 0 0 0 0 0 0 0 0 0 0 0 0 0 0 0 0 0 0 0 0 0 0 0
0 0 0 0 1 0 0 0 0 0 0 0 0 0 0 0 0 0 0 0 0 0 0 0 0 0 0
0 0 0 0 0 1 0 0 0 0 0 0 0 0 0 0 0 0 0 0 0 0 0 0 0 0 0
0 0 0 0 0 0 1 0 0 0 0 0 0 0 0 0 0 0 0 0 0 0 0 0 0 0 0
0 0 0 0 0 0 0 1 0 0 0 0 0 0 0 0 0 0 0 0 0 0 0 0 0 0 0
0 0 0 0 0 0 0 0 1 0 0 0 0 0 0 0 0 0 0 0 0 0 0 0 0 0 0
0 0 0 0 0 0 0 0 0 1 0 0 0 0 0 0 0 0 0 0 0 0 0 0 0 0 0
0 0 0 0 0 0 0 0 0 0 1 0 0 0 0 0 0 0 0 0 0 0 0 0 0 0 0
0 0 0 0 0 0 0 0 0 0 0 1 0 0 0 0 0 0 0 0 0 0 0 0 0 0 0
0 0 0 0 0 0 0 0 0 0 0 0 1 0 0 0 0 0 0 0 0 0 0 0 0 0 0
0 0 0 0 0 0 0 0 0 0 0 0 0 1 0 0 0 0 0 0 0 0 0 0 0 0 0
0 0 0 0 0 0 0 0 0 0 0 0 0 0 1 0 0 0 0 0 0 0 0 0 0 0 0
0 0 0 0 0 0 0 0 0 0 0 0 0 0 0 1 0 0 0 0 0 0 0 0 0 0 0
0 0 0 0 0 0 0 0 0 0 0 0 0 0 0 0 1 0 0 0 0 0 0 0 0 0 0
0 0 0 0 0 0 0 0 0 0 0 0 0 0 0 0 0 1 0 0 0 0 0 0 0 0 0
0 0 0 0 0 0 0 0 0 0 0 0 0 0 0 0 0 0 1 0 0 0 0 0 0 0 0
0 0 0 0 0 0 0 0 0 0 0 0 0 0 0 0 0 0 0 1 0 0 0 0 0 0 0
0 0 0 0 0 0 0 0 0 0 0 0 0 0 0 0 0 0 0 0 1 0 0 0 0 0 0
0 0 0 0 0 0 0 0 0 0 0 0 0 0 0 0 0 0 0 0 0 1 0 0 0 0 0
0 0 0 0 0 0 0 0 0 0 0 0 0 0 0 0 0 0 0 0 0 0 1 0 0 0 0
0 0 0 0 0 0 0 0 0 0 0 0 0 0 0 0 0 0 0 0 0 0 0 1 0 0 0
0 0 0 0 0 0 0 0 0 0 0 0 0 0 0 0 0 0 0 0 0 0 0 0 1 0 0
0 0 0 0 0 0 0 0 0 0 0 0 0 0 0 0 0 0 0 0 0 0 0 0 0 1 0
0 0 0 0 0 0 0 0 0 0 0 0 0 0 0 0 0 0 0 0 0 0 0 0 0 0 1
mu: 80 120  85
covarMat:
 50   0   0
  0 100   0
  0   0  50

Yt:  3.47827   4.38363   2.74525  0.101254   7.23014   2.21154   48.2129   124.731   14.1333 0.0126464   173.507   9.34937  0.768099   10.3282  0.507613   11.6039   9.37188   16.8787  0.146081   141.756   12.5519  0.290201   31.3022    11.441  0.448929  0.242869   24.2358
seedk: 0.515996 0.0603199  0.103199  0.896801   0.05516 0.0722394| cost:138.832
Xt:  3.53183    4.0996   2.82025  0.103433   7.02328   2.27235   48.0362   117.557   14.8561 0.0130088   167.481   9.66517  0.788203    10.247  0.517776    11.553   9.27807   17.0792  0.145114   134.782   12.7087  0.303086   32.2384   11.9295  0.461208  0.253118   24.8913
PSO begins!
New GBMAT from blind pso!
 0.515996 0.0603199  0.103199  0.896801   0.05516 0.0722394   138.832
 0.515996 0.0603199  0.103199  0.896801   0.05516 0.0722394   138.832


New GBMAT from blind pso!
 0.515996 0.0603199  0.103199  0.896801   0.05516 0.0722394   138.832
 0.515996 0.0603199  0.103199  0.896801   0.05516 0.0722394   138.832
 0.515996 0.0517837 0.0841093  0.870832 0.0435252 0.0510903   56.9542


New GBMAT from blind pso!
 0.515996 0.0603199  0.103199  0.896801   0.05516 0.0722394   138.832
 0.515996 0.0603199  0.103199  0.896801   0.05516 0.0722394   138.832
 0.515996 0.0517837 0.0841093  0.870832 0.0435252 0.0510903   56.9542
 0.543359 0.0584696 0.0840376  0.929878 0.0424962 0.0674436   54.2607


New GBMAT from blind pso!
 0.515996 0.0603199  0.103199  0.896801   0.05516 0.0722394   138.832
 0.515996 0.0603199  0.103199  0.896801   0.05516 0.0722394   138.832
 0.515996 0.0517837 0.0841093  0.870832 0.0435252 0.0510903   56.9542
 0.543359 0.0584696 0.0840376  0.929878 0.0424962 0.0674436   54.2607
 0.534941 0.0589508 0.0897354   0.92415 0.0454049 0.0677476   52.6482


GBMAT from blind PSO:

 0.515996 0.0603199  0.103199  0.896801   0.05516 0.0722394   138.832
 0.515996 0.0603199  0.103199  0.896801   0.05516 0.0722394   138.832
 0.515996 0.0517837 0.0841093  0.870832 0.0435252 0.0510903   56.9542
 0.543359 0.0584696 0.0840376  0.929878 0.0424962 0.0674436   54.2607
 0.534941 0.0589508 0.0897354   0.92415 0.0454049 0.0677476   52.6482

truk:  0.515996 0.0603199  0.103199  0.896801   0.05516 0.0722394
total difference b/w truk and final GBVEC0.00140539

blind PSO FINISHED RUNNING IN 2 s TIME!
targeted PSO has started!
Updating Weight Matrix!
GBVEC AND COST: 0.534941 0.0589508 0.0897354   0.92415 0.0454049 0.0677476   52.6482
Chkpt reached!
new weight matrix:
  0.0140452           0           0           0           0           0           0           0           0           0           0           0           0           0           0           0           0           0           0           0           0           0           0           0           0           0           0
          0  0.00470381           0           0           0           0           0           0           0           0           0           0           0           0           0           0           0           0           0           0           0           0           0           0           0           0           0
          0           0   0.0712459           0           0           0           0           0           0           0           0           0           0           0           0           0           0           0           0           0           0           0           0           0           0           0           0
          0           0           0     251.963           0           0           0           0           0           0           0           0           0           0           0           0           0           0           0           0           0           0           0           0           0           0           0
          0           0           0           0  0.00403724           0           0           0           0           0           0           0           0           0           0           0           0           0           0           0           0           0           0           0           0           0           0
          0           0           0           0           0    0.121543           0           0           0           0           0           0           0           0           0           0           0           0           0           0           0           0           0           0           0           0           0
          0           0           0           0           0           0 7.77937e-06           0           0           0           0           0           0           0           0           0           0           0           0           0           0           0           0           0           0           0           0
          0           0           0           0           0           0           0 5.12644e-07           0           0           0           0           0           0           0           0           0           0           0           0           0           0           0           0           0           0           0
          0           0           0           0           0           0           0           0 0.000284747           0           0           0           0           0           0           0           0           0           0           0           0           0           0           0           0           0           0
          0           0           0           0           0           0           0           0           0     8750.78           0           0           0           0           0           0           0           0           0           0           0           0           0           0           0           0           0
          0           0           0           0           0           0           0           0           0           0 4.32289e-07           0           0           0           0           0           0           0           0           0           0           0           0           0           0           0           0
          0           0           0           0           0           0           0           0           0           0           0 0.000795752           0           0           0           0           0           0           0           0           0           0           0           0           0           0           0
          0           0           0           0           0           0           0           0           0           0           0           0    0.963152           0           0           0           0           0           0           0           0           0           0           0           0           0           0
          0           0           0           0           0           0           0           0           0           0           0           0           0 0.000466464           0           0           0           0           0           0           0           0           0           0           0           0           0
          0           0           0           0           0           0           0           0           0           0           0           0           0           0    0.686523           0           0           0           0           0           0           0           0           0           0           0           0
          0           0           0           0           0           0           0           0           0           0           0           0           0           0           0 0.000443473           0           0           0           0           0           0           0           0           0           0           0
          0           0           0           0           0           0           0           0           0           0           0           0           0           0           0           0 0.000572452           0           0           0           0           0           0           0           0           0           0
          0           0           0           0           0           0           0           0           0           0           0           0           0           0           0           0           0 0.000126544           0           0           0           0           0           0           0           0           0
          0           0           0           0           0           0           0           0           0           0           0           0           0           0           0           0           0           0      13.109           0           0           0           0           0           0           0           0
          0           0           0           0           0           0           0           0           0           0           0           0           0           0           0           0           0           0           0 4.73423e-07           0           0           0           0           0           0           0
          0           0           0           0           0           0           0           0           0           0           0           0           0           0           0           0           0           0           0           0  0.00026152           0           0           0           0           0           0
          0           0           0           0           0           0           0           0           0           0           0           0           0           0           0           0           0           0           0           0           0     4.72745           0           0           0           0           0
          0           0           0           0           0           0           0           0           0           0           0           0           0           0           0           0           0           0           0           0           0           0 6.24911e-05           0           0           0           0
          0           0           0           0           0           0           0           0           0           0           0           0           0           0           0           0           0           0           0           0           0           0           0 0.000491418           0           0           0
          0           0           0           0           0           0           0           0           0           0           0           0           0           0           0           0           0           0           0           0           0           0           0           0     3.23287           0           0
          0           0           0           0           0           0           0           0           0           0           0           0           0           0           0           0           0           0           0           0           0           0           0           0           0       6.877           0
          0           0           0           0           0           0           0           0           0           0           0           0           0           0           0           0           0           0           0           0           0           0           0           0           0           0 0.000124341

New PBMAT:
   0.595152   0.0213703   0.0370378    0.868941 0.000214214  0.00528198     3.98709
   0.698134  0.00431234   0.0158183    0.938788 9.04474e-05    0.041432     6.08302
   0.586767 0.000189013   0.0371906    0.998943 5.03731e-05   0.0702505     4.51402
   0.555123    0.115488   0.0152236    0.660861  0.00350798   0.0367356     5.31842
   0.564175   0.0370399    0.171771    0.996772   0.0193768   0.0241976     3.32075
   0.479492  0.00877823   0.0896774    0.993206   0.0478485    0.032817    0.329164
   0.542889   0.0841645   0.0885649    0.981666 0.000415338   0.0233605     1.42593
    0.53704  0.00998656   0.0209378    0.997495    0.019949   0.0237166     5.40358
   0.541685   0.0655731   0.0075748    0.965732     0.16738   0.0967581     6.03397
   0.615886   0.0256742   0.0103813    0.988684    0.125808  0.00208772     5.72291
   0.434666  0.00505998   0.0200328    0.953052  0.00720631   0.0157048     5.54525
   0.511538   0.0685074    0.160627    0.883309   0.0562761   0.0150415     14.5456
   0.575133     0.13629   0.0482619    0.953487   0.0385904   0.0217936     2.57835
   0.616055   0.0503437    0.062265    0.996768   0.0164003   0.0533929     2.35318
   0.671718    0.059463   0.0375399    0.942831  0.00220968    0.389316     4.61411
   0.566835 0.000130135   0.0373262    0.739912   0.0132854    0.137061     3.80899
   0.664181  0.00111071   0.0295284    0.926577   0.0361031    0.032457     4.38988
   0.536704   0.0660088   0.0456412    0.944089  2.7116e-06    0.388453     4.13092
   0.344012   0.0439483    0.096897    0.892653 0.000590083   0.0720688    0.949678
   0.623205    0.176462    0.102163    0.901881  0.00484589   0.0946691    0.930267
   0.592587  3.3176e-05   0.0793314    0.889308 1.26329e-06  0.00283722      1.6111
   0.553567 7.26678e-05   0.0386933    0.996913    0.106564   0.0749341     3.03861
    0.47367   0.0247769   0.0564893    0.992207    0.161887   0.0097688    0.255887
   0.563146 2.78485e-05    0.113915    0.978114    0.183161     0.17287       1.714
   0.562857   0.0141159    0.250332    0.954974 0.000143744   0.0882496     6.24579
   0.484093  0.00610413 0.000355623    0.972649   0.0431045  0.00154063     7.49889
   0.444517    0.066295   0.0635752    0.966006 4.81493e-08   0.0135314     2.46978
   0.538537    0.166039     0.10234    0.969827  0.00131761   0.0114938     1.16501
   0.444287   0.0908971   0.0582708    0.775589   0.0874364   0.0403533    0.555107
   0.556283    0.018175    0.268058    0.924695  0.00855622  0.00122999     25.7733
   0.419749   0.0297062   0.0162616    0.992267    0.266309    0.042152     4.16997
    0.52699   0.0061108   0.0162325    0.998793    0.349545    0.021503     3.73033
   0.699308   0.0286574    0.060969     0.93974   0.0177574    0.096561     2.45492
   0.557963   0.0328112   0.0737332    0.936944   0.0387711    0.201503     1.79997
   0.547248   0.0089378  0.00710116    0.956273    0.121831   0.0721366     6.51162
    0.56519   0.0612867   0.0780454    0.890331   0.0210569   0.0740394     1.11623
   0.511993   0.0333297    0.146395    0.980889  0.00280057    0.287713    0.364324
    0.45475   0.0144724    0.275342    0.833708 0.000298732   0.0483209     17.3608
   0.545396   0.0024178   0.0162698    0.886486    0.047734   0.0521254     5.63422
   0.649008   0.0219455   0.0569642    0.983777 0.000812069  0.00247903      2.9497
   0.393216 0.000660158   0.0030741    0.971951  0.00310036  0.00498534     7.27539
   0.568153   0.0108398   0.0198601    0.985639   0.0350272   0.0123388     5.31059
   0.527898    0.129975   0.0506074    0.897346    0.168295   0.0347154    0.556396
   0.572691   0.0124442   0.0940191    0.961706   0.0162213   0.0714387    0.792348
   0.522643  0.00419403    0.292911     0.98962 3.75854e-08   0.0793356     11.0082
   0.458758   0.0342859    0.145844    0.994631   0.0507191   0.0168087     4.35779
   0.550333   0.0272957    0.122538    0.754858   0.0554548   0.0177337     6.77295
   0.569511 0.000151983    0.211062    0.997505 0.000250238    0.062741     2.89783
   0.568834  0.00530164    0.114693    0.973388    0.101126   0.0204438     5.39229
   0.607575    0.078667    0.030946     0.92116   0.0894829    0.134092     3.90551

underflow!0.00431234
pos   0.698134  0.00431234   0.0158183    0.938788 9.04474e-05    0.041432
underflow!9.04474e-05
pos   0.698134  0.00431234   0.0158183    0.938788 9.04474e-05    0.041432
underflow!0.000189013
pos   0.586767 0.000189013   0.0371906    0.998943 5.03731e-05   0.0702505
overflow!
overflow!
overflow!
underflow!0.00208772
pos  0.615886  0.0256742  0.0103813   0.988684   0.125808 0.00208772
underflow!0.00220968
pos  0.671718   0.059463  0.0375399   0.942831 0.00220968   0.389316
underflow!0.000130135
pos   0.566835 0.000130135   0.0373262    0.739912   0.0132854    0.137061
underflow!0.00111071
pos  0.664181 0.00111071  0.0295284   0.926577  0.0361031   0.032457
overflow!
underflow!7.26678e-05
pos   0.553567 7.26678e-05   0.0386933    0.996913    0.106564   0.0749341
underflow!2.78485e-05
pos   0.563146 2.78485e-05    0.113915    0.978114    0.183161     0.17287
underflow!0.000143744
pos   0.562857   0.0141159    0.250332    0.954974 0.000143744   0.0882496
underflow!0.000355623
pos   0.484093  0.00610413 0.000355623    0.972649   0.0431045  0.00154063
underflow!0.00122999
pos  0.556283   0.018175   0.268058   0.924695 0.00855622 0.00122999
underflow!0.00280057
pos  0.511993  0.0333297   0.146395   0.980889 0.00280057   0.287713
underflow!0.0024178
pos 0.545396 0.0024178 0.0162698  0.886486  0.047734 0.0521254
underflow!0.00498534
pos   0.393216 0.000660158   0.0030741    0.971951  0.00310036  0.00498534
underflow!0.000660158
pos   0.393216 0.000660158   0.0030741    0.971951  0.00310036  0.00498534
underflow!3.75854e-08
pos   0.522643  0.00419403    0.292911     0.98962 3.75854e-08   0.0793356
underflow!0.00419403
pos   0.522643  0.00419403    0.292911     0.98962 3.75854e-08   0.0793356
underflow!0.000250238
pos   0.569511 0.000151983    0.211062    0.997505 0.000250238    0.062741
underflow!0.00314185
pos   0.63264 0.00694344  0.0984877   0.983594 0.00314185  0.0700799
underflow!0.0035092
pos 0.538744 0.0786152   0.09002  0.981274 0.0035092 0.0261933
overflow!
underflow!0.0043858
pos 0.448679 0.0043858  0.031951  0.958825  0.010317 0.0258782
underflow!0.00466286
pos  0.661161 0.00466286  0.0456113   0.909973  0.0339322  0.0329021
underflow!0.0027324
pos 0.533532 0.0572176 0.0499971  0.946449 0.0027324  0.364676
overflow!
underflow!0.00433732
pos  0.362461  0.0260238 0.00673333   0.972127 0.00433732  0.0189009
overflow!
overflow!
underflow!0.00323365
pos  0.514457  0.0553605   0.108439   0.984096 0.00323365   0.407143
Updating Weight Matrix!
GBVEC AND COST:  0.528451  0.0431432    0.11912   0.947624  0.0410551   0.113518 0.00784999
Chkpt reached!
new weight matrix:
  0.0140149           0           0           0           0           0           0           0           0           0           0           0           0           0           0           0           0           0           0           0           0           0           0           0           0           0           0
          0  0.00473507           0           0           0           0           0           0           0           0           0           0           0           0           0           0           0           0           0           0           0           0           0           0           0           0           0
          0           0   0.0723447           0           0           0           0           0           0           0           0           0           0           0           0           0           0           0           0           0           0           0           0           0           0           0           0
          0           0           0      220.78           0           0           0           0           0           0           0           0           0           0           0           0           0           0           0           0           0           0           0           0           0           0           0
          0           0           0           0  0.00406566           0           0           0           0           0           0           0           0           0           0           0           0           0           0           0           0           0           0           0           0           0           0
          0           0           0           0           0    0.115074           0           0           0           0           0           0           0           0           0           0           0           0           0           0           0           0           0           0           0           0           0
          0           0           0           0           0           0 7.75537e-06           0           0           0           0           0           0           0           0           0           0           0           0           0           0           0           0           0           0           0           0
          0           0           0           0           0           0           0 5.15356e-07           0           0           0           0           0           0           0           0           0           0           0           0           0           0           0           0           0           0           0
          0           0           0           0           0           0           0           0 0.000292849           0           0           0           0           0           0           0           0           0           0           0           0           0           0           0           0           0           0
          0           0           0           0           0           0           0           0           0     6895.78           0           0           0           0           0           0           0           0           0           0           0           0           0           0           0           0           0
          0           0           0           0           0           0           0           0           0           0  4.3505e-07           0           0           0           0           0           0           0           0           0           0           0           0           0           0           0           0
          0           0           0           0           0           0           0           0           0           0           0 0.000723338           0           0           0           0           0           0           0           0           0           0           0           0           0           0           0
          0           0           0           0           0           0           0           0           0           0           0           0    0.865301           0           0           0           0           0           0           0           0           0           0           0           0           0           0
          0           0           0           0           0           0           0           0           0           0           0           0           0 0.000470298           0           0           0           0           0           0           0           0           0           0           0           0           0
          0           0           0           0           0           0           0           0           0           0           0           0           0           0    0.595533           0           0           0           0           0           0           0           0           0           0           0           0
          0           0           0           0           0           0           0           0           0           0           0           0           0           0           0 0.000445113           0           0           0           0           0           0           0           0           0           0           0
          0           0           0           0           0           0           0           0           0           0           0           0           0           0           0           0 0.000561119           0           0           0           0           0           0           0           0           0           0
          0           0           0           0           0           0           0           0           0           0           0           0           0           0           0           0           0 0.000129496           0           0           0           0           0           0           0           0           0
          0           0           0           0           0           0           0           0           0           0           0           0           0           0           0           0           0           0     11.1415           0           0           0           0           0           0           0           0
          0           0           0           0           0           0           0           0           0           0           0           0           0           0           0           0           0           0           0 4.76134e-07           0           0           0           0           0           0           0
          0           0           0           0           0           0           0           0           0           0           0           0           0           0           0           0           0           0           0           0 0.000242984           0           0           0           0           0           0
          0           0           0           0           0           0           0           0           0           0           0           0           0           0           0           0           0           0           0           0           0     4.11221           0           0           0           0           0
          0           0           0           0           0           0           0           0           0           0           0           0           0           0           0           0           0           0           0           0           0           0 6.41317e-05           0           0           0           0
          0           0           0           0           0           0           0           0           0           0           0           0           0           0           0           0           0           0           0           0           0           0           0 0.000469094           0           0           0
          0           0           0           0           0           0           0           0           0           0           0           0           0           0           0           0           0           0           0           0           0           0           0           0     2.76581           0           0
          0           0           0           0           0           0           0           0           0           0           0           0           0           0           0           0           0           0           0           0           0           0           0           0           0     5.80335           0
          0           0           0           0           0           0           0           0           0           0           0           0           0           0           0           0           0           0           0           0           0           0           0           0           0           0 0.000116212

overflow!
overflow!
underflow!0.000111519
pos   0.599164 2.86471e-05     0.16968    0.991291 0.000111519    0.145411
underflow!9.7166e-06
pos  0.494438  0.0549025   0.214336   0.895258 9.7166e-06  0.0881204
underflow!0.0023757
pos 0.595922 0.0145349  0.169171  0.746153 0.0023757 0.0612987
underflow!0.000299259
pos   0.646766    0.127949   0.0854564    0.939092 0.000299259   0.0780017
underflow!0.00277833
pos  0.584179  0.0271101  0.0971934     0.9733 0.00277833    0.13796
underflow!8.44595e-05
pos   0.490751 8.44595e-05    0.259684    0.916854    0.024011    0.173256
overflow!
underflow!0.000424406
pos   0.577717 0.000424406    0.071814    0.996219 0.000123098    0.106503
underflow!0.00119511
pos  0.552903 0.00124032   0.148297   0.973808 0.00119511   0.112771
underflow!0.00473972
pos  0.591842  0.0436226  0.0673239   0.985266 0.00473972   0.100697
underflow!0.00231465
pos  0.560496 0.00422108  0.0743468   0.993617 0.00231465   0.106878
underflow!0.00324731
pos  0.490346  0.0076278   0.244387   0.987215 0.00324731   0.114386
underflow!0.00171135
pos  0.613373 0.00171135   0.188607   0.980828    0.14007  0.0673058
underflow!0.00366518
pos  0.656607 0.00366518   0.076796   0.971955 0.00569364   0.121791
underflow!0.00449413
pos  0.490239 0.00449413    0.21117   0.968721 0.00764058   0.120538
underflow!0.00475447
pos  0.537347  0.0122976   0.100755   0.949326 0.00475447   0.127416
underflow!0.00402745
pos  0.639832 0.00402745  0.0672796   0.975348 0.00294972   0.122465
underflow!0.00294972
pos  0.639832 0.00402745  0.0672796   0.975348 0.00294972   0.122465
underflow!0.00286283
pos  0.568334 0.00286283   0.120398   0.964276  0.0028865    0.14213
underflow!0.0028865
pos  0.568334 0.00286283   0.120398   0.964276  0.0028865    0.14213
underflow!0.00482356
pos  0.476558 0.00482356   0.213129    0.88705  0.0190067   0.174997
underflow!0.00374027
pos  0.506986 0.00374027   0.146604   0.869488  0.0244536  0.0894882
underflow!0.00359476
pos  0.485789 0.00359476   0.128148   0.878294  0.0201765    0.11902
underflow!0.00442539
pos  0.483156 0.00442539   0.105827   0.902842  0.0061747   0.124446
underflow!0.00490016
pos  0.453732 0.00490016   0.138072   0.886927  0.0194042   0.130588
underflow!0.00448338
pos  0.494239 0.00448338   0.116448   0.878481  0.0150259   0.104174
underflow!0.00353812
pos  0.485112 0.00353812   0.104544   0.852305 0.00832338   0.162213
Updating Weight Matrix!
GBVEC AND COST:  0.485445  0.0155898   0.129365   0.879783  0.0154591   0.126531 0.00338228
Chkpt reached!
new weight matrix:
  0.0139962           0           0           0           0           0           0           0           0           0           0           0           0           0           0           0           0           0           0           0           0           0           0           0           0           0           0
          0  0.00474507           0           0           0           0           0           0           0           0           0           0           0           0           0           0           0           0           0           0           0           0           0           0           0           0           0
          0           0   0.0726238           0           0           0           0           0           0           0           0           0           0           0           0           0           0           0           0           0           0           0           0           0           0           0           0
          0           0           0     220.488           0           0           0           0           0           0           0           0           0           0           0           0           0           0           0           0           0           0           0           0           0           0           0
          0           0           0           0  0.00407554           0           0           0           0           0           0           0           0           0           0           0           0           0           0           0           0           0           0           0           0           0           0
          0           0           0           0           0    0.112576           0           0           0           0           0           0           0           0           0           0           0           0           0           0           0           0           0           0           0           0           0
          0           0           0           0           0           0 7.74638e-06           0           0           0           0           0           0           0           0           0           0           0           0           0           0           0           0           0           0           0           0
          0           0           0           0           0           0           0 5.16353e-07           0           0           0           0           0           0           0           0           0           0           0           0           0           0           0           0           0           0           0
          0           0           0           0           0           0           0           0 0.000294842           0           0           0           0           0           0           0           0           0           0           0           0           0           0           0           0           0           0
          0           0           0           0           0           0           0           0           0     6859.36           0           0           0           0           0           0           0           0           0           0           0           0           0           0           0           0           0
          0           0           0           0           0           0           0           0           0           0 4.36056e-07           0           0           0           0           0           0           0           0           0           0           0           0           0           0           0           0
          0           0           0           0           0           0           0           0           0           0           0 0.000695014           0           0           0           0           0           0           0           0           0           0           0           0           0           0           0
          0           0           0           0           0           0           0           0           0           0           0           0    0.895196           0           0           0           0           0           0           0           0           0           0           0           0           0           0
          0           0           0           0           0           0           0           0           0           0           0           0           0 0.000471785           0           0           0           0           0           0           0           0           0           0           0           0           0
          0           0           0           0           0           0           0           0           0           0           0           0           0           0    0.594193           0           0           0           0           0           0           0           0           0           0           0           0
          0           0           0           0           0           0           0           0           0           0           0           0           0           0           0  0.00044657           0           0           0           0           0           0           0           0           0           0           0
          0           0           0           0           0           0           0           0           0           0           0           0           0           0           0           0 0.000555751           0           0           0           0           0           0           0           0           0           0
          0           0           0           0           0           0           0           0           0           0           0           0           0           0           0           0           0 0.000130535           0           0           0           0           0           0           0           0           0
          0           0           0           0           0           0           0           0           0           0           0           0           0           0           0           0           0           0     10.9595           0           0           0           0           0           0           0           0
          0           0           0           0           0           0           0           0           0           0           0           0           0           0           0           0           0           0           0 4.77124e-07           0           0           0           0           0           0           0
          0           0           0           0           0           0           0           0           0           0           0           0           0           0           0           0           0           0           0           0 0.000236728           0           0           0           0           0           0
          0           0           0           0           0           0           0           0           0           0           0           0           0           0           0           0           0           0           0           0           0     4.09002           0           0           0           0           0
          0           0           0           0           0           0           0           0           0           0           0           0           0           0           0           0           0           0           0           0           0           0 6.46942e-05           0           0           0           0
          0           0           0           0           0           0           0           0           0           0           0           0           0           0           0           0           0           0           0           0           0           0           0 0.000460027           0           0           0
          0           0           0           0           0           0           0           0           0           0           0           0           0           0           0           0           0           0           0           0           0           0           0           0     2.74068           0           0
          0           0           0           0           0           0           0           0           0           0           0           0           0           0           0           0           0           0           0           0           0           0           0           0           0     5.65947           0
          0           0           0           0           0           0           0           0           0           0           0           0           0           0           0           0           0           0           0           0           0           0           0           0           0           0 0.000113434

underflow!8.55994e-05
pos   0.488772 3.75807e-12    0.207261    0.916533 8.55994e-05    0.039522
underflow!0.000553305
pos   0.572728 0.000553305   0.0701684    0.842412   0.0539181    0.087835
underflow!1.62411e-08
pos   0.508881 4.85326e-06    0.130122      0.8447 1.62411e-08   0.0953686
underflow!0.00215754
pos  0.562283   0.014535  0.0972309   0.911805 0.00215754   0.165734
underflow!2.55497e-09
pos   0.414865 0.000112724   0.0944247    0.879208 2.55497e-09   0.0552688
underflow!0.000112724
pos   0.414865 0.000112724   0.0944247    0.879208 2.55497e-09   0.0552688
underflow!0.000347244
pos   0.514185 0.000658472    0.128528     0.87987 0.000347244   0.0689317
underflow!0.000658472
pos   0.514185 0.000658472    0.128528     0.87987 0.000347244   0.0689317
underflow!0.000228666
pos    0.50688 2.59965e-07    0.219698    0.872743 0.000228666   0.0610631
underflow!9.48562e-06
pos   0.384091   0.0275775    0.108278    0.931906 9.48562e-06    0.214961
underflow!0.000268147
pos    0.44439 0.000627583    0.149279    0.824994 0.000268147   0.0475983
underflow!7.67591e-07
pos   0.481608 7.67591e-07    0.107524    0.865637   0.0276644    0.162654
underflow!3.63483e-05
pos   0.487398 3.63483e-05    0.149456    0.876583 4.40326e-06    0.166358
underflow!7.45213e-06
pos   0.568581  0.00502471      0.1168    0.868529 7.45213e-06   0.0797736
underflow!0.00264858
pos   0.500713 5.38239e-13    0.107723    0.878708  0.00264858   0.0758655
underflow!5.38239e-13
pos   0.500713 5.38239e-13    0.107723    0.878708  0.00264858   0.0758655
underflow!0.00303824
pos   0.474012 1.50484e-18   0.0654693    0.904995  0.00303824    0.104191
underflow!1.50484e-18
pos   0.474012 1.50484e-18   0.0654693    0.904995  0.00303824    0.104191
underflow!0.00388744
pos  0.440118 0.00162713   0.157379   0.843425 0.00388744   0.172196
underflow!0.00162713
pos  0.440118 0.00162713   0.157379   0.843425 0.00388744   0.172196
underflow!1.73271e-06
pos   0.471656 1.73271e-06    0.154854    0.927629 8.15584e-09    0.121496
underflow!6.53655e-07
pos   0.465973 5.20957e-06    0.167332    0.838215 6.53655e-07   0.0420775
underflow!7.19729e-07
pos   0.362263  0.00942132    0.132565    0.845968 7.19729e-07   0.0980834
underflow!1.21514e-06
pos   0.516641   0.0281926    0.063429    0.904876 1.21514e-06    0.100144
underflow!1.05876e-07
pos   0.595423 1.05876e-07    0.100183     0.92977 9.30463e-06   0.0318478
underflow!9.30463e-06
pos   0.595423 1.05876e-07    0.100183     0.92977 9.30463e-06   0.0318478
underflow!0.00138969
pos   0.576226  0.00138969    0.188975    0.828925 0.000624082     0.14896
underflow!0.000624082
pos   0.576226  0.00138969    0.188975    0.828925 0.000624082     0.14896
underflow!0.00231034
pos   0.418653  0.00231034   0.0772714    0.902984 0.000130023    0.135955
underflow!1.04412e-08
pos   0.468797 5.94375e-07    0.180896    0.908693 1.04412e-08    0.116993
underflow!1.93091e-11
pos   0.556448 1.93091e-11    0.117288    0.811421 0.000516957    0.109648
underflow!0.000516957
pos   0.556448 1.93091e-11    0.117288    0.811421 0.000516957    0.109648
underflow!0.00432617
pos  0.500932 0.00432617   0.194631   0.874696 0.00532497  0.0792296
underflow!0.004504
pos  0.458723   0.004504   0.147126   0.858778 0.00619099  0.0581949
underflow!0.000538741
pos   0.481711 0.000538741    0.108309    0.865986   0.0272666    0.163232
underflow!0.00159031
pos  0.499851 0.00217143   0.091204   0.855153 0.00159031   0.143732
underflow!0.00470939
pos  0.563191 0.00473507  0.0822937   0.848442 0.00470939  0.0828051
underflow!0.00473507
pos  0.563191 0.00473507  0.0822937   0.848442 0.00470939  0.0828051
underflow!0.00245323
pos  0.469511 0.00245323    0.14279   0.833485 0.00358457   0.124374
underflow!0.00123888
pos  0.534226   0.131438  0.0996098   0.796618 0.00123888  0.0596986
underflow!0.00112036
pos    0.41217 0.000672941   0.0509832    0.840475  0.00112036   0.0588287
underflow!0.000672941
pos    0.41217 0.000672941   0.0509832    0.840475  0.00112036   0.0588287
underflow!0.00453717
pos  0.477766  0.0116865   0.211336   0.875586 0.00453717    0.11769
underflow!0.00455074
pos  0.482591 0.00455074   0.116537   0.901803  0.0566085   0.154579
underflow!0.00417482
pos  0.468076 0.00417482   0.106972   0.840381  0.0122257   0.119471
underflow!0.00294661
pos  0.516988 0.00409808    0.19113   0.805955 0.00294661  0.0773713
underflow!0.00479453
pos  0.515049 0.00479453   0.121655   0.875126   0.010567   0.110134
underflow!0.00486216
pos   0.46323 0.00915564  0.0973653   0.851375 0.00486216   0.145134
underflow!0.00469283
pos  0.495732 0.00469283   0.134744   0.880969 0.00701752   0.123684
underflow!0.00183704
pos  0.477776  0.0140545   0.129305   0.896195 0.00183704   0.125787
underflow!0.00227851
pos  0.573949 0.00227851   0.180853   0.772319  0.0199531   0.177727
underflow!0.00451777
pos  0.506207  0.0116121    0.13327   0.876537 0.00451777  0.0899468
underflow!0.00325209
pos  0.492163 0.00325209     0.1324    0.87644  0.0152652   0.138184
underflow!0.00484743
pos  0.475242 0.00484743   0.128073   0.895726  0.0161177   0.123122
underflow!0.0038079
pos 0.475633 0.0038079   0.12807  0.893306 0.0159159  0.123155
GBMAT after targeted PSO:
  0.515996  0.0603199   0.103199   0.896801    0.05516  0.0722394    138.832
  0.515996  0.0603199   0.103199   0.896801    0.05516  0.0722394    138.832
  0.515996  0.0517837  0.0841093   0.870832  0.0435252  0.0510903    56.9542
  0.543359  0.0584696  0.0840376   0.929878  0.0424962  0.0674436    54.2607
  0.534941  0.0589508  0.0897354    0.92415  0.0454049  0.0677476    52.6482
  0.534941  0.0589508  0.0897354    0.92415  0.0454049  0.0677476   0.286452
  0.534941  0.0589508  0.0897354    0.92415  0.0454049  0.0677476   0.286452
  0.492576  0.0168056   0.106227   0.976911  0.0379699  0.0577457   0.131191
  0.492576  0.0168056   0.106227   0.976911  0.0379699  0.0577457   0.131191
  0.526457  0.0329858  0.0898569    0.96728   0.074591  0.0692666  0.0959474
  0.504471  0.0511353    0.10529   0.982428  0.0525926  0.0678802  0.0296374
  0.504471  0.0511353    0.10529   0.982428  0.0525926  0.0678802  0.0296374
  0.504471  0.0511353    0.10529   0.982428  0.0525926  0.0678802  0.0296374
  0.504471  0.0511353    0.10529   0.982428  0.0525926  0.0678802  0.0296374
  0.528451  0.0431432    0.11912   0.947624  0.0410551   0.113518 0.00784999
  0.528451  0.0431432    0.11912   0.947624  0.0410551   0.113518 0.00784999
  0.528451  0.0431432    0.11912   0.947624  0.0410551   0.113518 0.00698469
  0.528451  0.0431432    0.11912   0.947624  0.0410551   0.113518 0.00698469
  0.489541  0.0152648   0.126932   0.877282  0.0167197   0.128503  0.0050297
  0.489541  0.0152648   0.126932   0.877282  0.0167197   0.128503  0.0050297
  0.489541  0.0152648   0.126932   0.877282  0.0167197   0.128503  0.0050297
  0.489541  0.0152648   0.126932   0.877282  0.0167197   0.128503  0.0050297
  0.489541  0.0152648   0.126932   0.877282  0.0167197   0.128503  0.0050297
  0.489541  0.0152648   0.126932   0.877282  0.0167197   0.128503  0.0050297
  0.489541  0.0152648   0.126932   0.877282  0.0167197   0.128503  0.0050297
  0.489541  0.0152648   0.126932   0.877282  0.0167197   0.128503  0.0050297
  0.489541  0.0152648   0.126932   0.877282  0.0167197   0.128503  0.0050297
  0.489541  0.0152648   0.126932   0.877282  0.0167197   0.128503  0.0050297
   0.49439  0.0154645   0.126667   0.872995  0.0149388   0.119034 0.00470008
   0.49439  0.0154645   0.126667   0.872995  0.0149388   0.119034 0.00470008
  0.480806  0.0115689   0.128182   0.881104  0.0173082   0.124299 0.00360109
  0.480806  0.0115689   0.128182   0.881104  0.0173082   0.124299 0.00360109
  0.480806  0.0115689   0.128182   0.881104  0.0173082   0.124299 0.00360109
  0.480806  0.0115689   0.128182   0.881104  0.0173082   0.124299 0.00360109
  0.480806  0.0115689   0.128182   0.881104  0.0173082   0.124299 0.00360109
  0.480806  0.0115689   0.128182   0.881104  0.0173082   0.124299 0.00360109
  0.489037  0.0160931    0.12887   0.877002  0.0155022   0.126723 0.00340742
  0.489037  0.0160931    0.12887   0.877002  0.0155022   0.126723 0.00340742
  0.489037  0.0160931    0.12887   0.877002  0.0155022   0.126723 0.00340742
  0.489037  0.0160931    0.12887   0.877002  0.0155022   0.126723 0.00340742
  0.489563  0.0157352   0.129206   0.877495  0.0148231   0.126987 0.00340252
  0.489563  0.0157352   0.129206   0.877495  0.0148231   0.126987 0.00340252
  0.489563  0.0157352   0.129206   0.877495  0.0148231   0.126987 0.00340252
  0.489563  0.0157352   0.129206   0.877495  0.0148231   0.126987 0.00340252
  0.485445  0.0155898   0.129365   0.879783  0.0154591   0.126531 0.00338228
  0.485445  0.0155898   0.129365   0.879783  0.0154591   0.126531 0.00338228
  0.485445  0.0155898   0.129365   0.879783  0.0154591   0.126531 0.00338228
  0.485445  0.0155898   0.129365   0.879783  0.0154591   0.126531 0.00338041
  0.485445  0.0155898   0.129365   0.879783  0.0154591   0.126531 0.00338041
  0.485445  0.0155898   0.129365   0.879783  0.0154591   0.126531 0.00338041
  0.485445  0.0155898   0.129365   0.879783  0.0154591   0.126531 0.00338041
  0.485445  0.0155898   0.129365   0.879783  0.0154591   0.126531 0.00338041
  0.485445  0.0155898   0.129365   0.879783  0.0154591   0.126531 0.00338041
  0.485445  0.0155898   0.129365   0.879783  0.0154591   0.126531 0.00338041
  0.485445  0.0155898   0.129365   0.879783  0.0154591   0.126531 0.00338041
  0.475831  0.0132784   0.128032   0.874131  0.0153258   0.124474 0.00336292
  0.475831  0.0132784   0.128032   0.874131  0.0153258   0.124474 0.00336292
  0.475831  0.0132784   0.128032   0.874131  0.0153258   0.124474 0.00336292
  0.475831  0.0132784   0.128032   0.874131  0.0153258   0.124474 0.00336292
  0.475831  0.0132784   0.128032   0.874131  0.0153258   0.124474 0.00336292
  0.476134  0.0130892     0.1283   0.873359  0.0150651    0.12453 0.00329623
  0.476134  0.0130892     0.1283   0.873359  0.0150651    0.12453 0.00329623
  0.476134  0.0130892     0.1283   0.873359  0.0150651    0.12453 0.00329623
  0.476134  0.0130892     0.1283   0.873359  0.0150651    0.12453 0.00329623
  0.478192   0.013196   0.128593   0.876645  0.0156138    0.12436 0.00326981
  0.478902  0.0136117   0.128166   0.877923  0.0162629   0.123528 0.00325896
  0.478902  0.0136117   0.128166   0.877923  0.0162629   0.123528 0.00325896
  0.474082   0.013288   0.127869   0.877368  0.0164037   0.123178 0.00325223
  0.474082   0.013288   0.127869   0.877368  0.0164037   0.123178 0.00325223
  0.475728  0.0134641   0.128154   0.876752  0.0159232   0.123248 0.00324997
  0.475728  0.0134641   0.128154   0.876752  0.0159232   0.123248 0.00324997
  0.475728  0.0134641   0.128154   0.876752  0.0159232   0.123248 0.00324997
  0.475728  0.0134641   0.128154   0.876752  0.0159232   0.123248 0.00324997
  0.475728  0.0134641   0.128154   0.876752  0.0159232   0.123248 0.00324997
  0.475728  0.0134641   0.128154   0.876752  0.0159232   0.123248 0.00324997
  0.475728  0.0134641   0.128154   0.876752  0.0159232   0.123248 0.00324997
  0.475728  0.0134641   0.128154   0.876752  0.0159232   0.123248 0.00324997
  0.475728  0.0134641   0.128154   0.876752  0.0159232   0.123248 0.00324997
  0.476619  0.0133928   0.128159   0.876675  0.0159608   0.123353 0.00324921
  0.476188  0.0132842    0.12821   0.876701  0.0160041   0.123228 0.00324757
  0.476188  0.0132842    0.12821   0.876701  0.0160041   0.123228 0.00324757
  0.476188  0.0132842    0.12821   0.876701  0.0160041   0.123228 0.00324757
  0.475869  0.0132769   0.128223      0.877  0.0159985   0.123304 0.00324643
  0.475869  0.0132769   0.128223      0.877  0.0159985   0.123304 0.00324643
  0.475869  0.0132769   0.128223      0.877  0.0159985   0.123304 0.00324643
  0.475869  0.0132769   0.128223      0.877  0.0159985   0.123304 0.00324643
  0.475869  0.0132769   0.128223      0.877  0.0159985   0.123304 0.00324643
  0.475869  0.0132769   0.128223      0.877  0.0159985   0.123304 0.00324643
  0.475869  0.0132769   0.128223      0.877  0.0159985   0.123304 0.00324643
  0.475869  0.0132769   0.128223      0.877  0.0159985   0.123304 0.00324643
  0.475869  0.0132769   0.128223      0.877  0.0159985   0.123304 0.00324643
  0.474958  0.0133019   0.128208   0.877088  0.0160327   0.123201 0.00324476
  0.474958  0.0133019   0.128208   0.877088  0.0160327   0.123201 0.00324476
  0.474958  0.0133019   0.128208   0.877088  0.0160327   0.123201 0.00324476
  0.475079  0.0132776   0.128157   0.876944  0.0160405   0.123092  0.0032434
  0.475079  0.0132776   0.128157   0.876944  0.0160405   0.123092  0.0032434
  0.475087  0.0132811   0.128134   0.876925  0.0160636   0.123128 0.00324324
  0.475087  0.0132811   0.128134   0.876925  0.0160636   0.123128 0.00324324
  0.475087  0.0132811   0.128134   0.876925  0.0160636   0.123128 0.00324324
  0.472777  0.0131729   0.127909   0.876416  0.0162793   0.122138 0.00323717
  0.473362  0.0131529    0.12795   0.876476  0.0162417   0.122766 0.00323543
  0.473211  0.0131458   0.127933   0.876438  0.0162612   0.122475 0.00323459
  0.473211  0.0131458   0.127933   0.876438  0.0162612   0.122475 0.00323459
  0.473211  0.0131458   0.127933   0.876438  0.0162612   0.122475 0.00323459
  0.473255  0.0131455   0.127897   0.876446  0.0162556   0.122471 0.00323398
  0.472738  0.0132047   0.127733   0.876469  0.0165717   0.122601 0.00322963
  0.472855  0.0131967   0.127744   0.876489  0.0165386   0.122577 0.00322941
  0.472853  0.0131972   0.127734   0.876485  0.0165376   0.122466 0.00322804
truk:  0.515996 0.0603199  0.103199  0.896801   0.05516 0.0722394
total difference b/w truk and final GBVEC:0.00911086
Wt:
  0.0139962           0           0           0           0           0           0           0           0           0           0           0           0           0           0           0           0           0           0           0           0           0           0           0           0           0           0
          0  0.00474507           0           0           0           0           0           0           0           0           0           0           0           0           0           0           0           0           0           0           0           0           0           0           0           0           0
          0           0   0.0726238           0           0           0           0           0           0           0           0           0           0           0           0           0           0           0           0           0           0           0           0           0           0           0           0
          0           0           0     220.488           0           0           0           0           0           0           0           0           0           0           0           0           0           0           0           0           0           0           0           0           0           0           0
          0           0           0           0  0.00407554           0           0           0           0           0           0           0           0           0           0           0           0           0           0           0           0           0           0           0           0           0           0
          0           0           0           0           0    0.112576           0           0           0           0           0           0           0           0           0           0           0           0           0           0           0           0           0           0           0           0           0
          0           0           0           0           0           0 7.74638e-06           0           0           0           0           0           0           0           0           0           0           0           0           0           0           0           0           0           0           0           0
          0           0           0           0           0           0           0 5.16353e-07           0           0           0           0           0           0           0           0           0           0           0           0           0           0           0           0           0           0           0
          0           0           0           0           0           0           0           0 0.000294842           0           0           0           0           0           0           0           0           0           0           0           0           0           0           0           0           0           0
          0           0           0           0           0           0           0           0           0     6859.36           0           0           0           0           0           0           0           0           0           0           0           0           0           0           0           0           0
          0           0           0           0           0           0           0           0           0           0 4.36056e-07           0           0           0           0           0           0           0           0           0           0           0           0           0           0           0           0
          0           0           0           0           0           0           0           0           0           0           0 0.000695014           0           0           0           0           0           0           0           0           0           0           0           0           0           0           0
          0           0           0           0           0           0           0           0           0           0           0           0    0.895196           0           0           0           0           0           0           0           0           0           0           0           0           0           0
          0           0           0           0           0           0           0           0           0           0           0           0           0 0.000471785           0           0           0           0           0           0           0           0           0           0           0           0           0
          0           0           0           0           0           0           0           0           0           0           0           0           0           0    0.594193           0           0           0           0           0           0           0           0           0           0           0           0
          0           0           0           0           0           0           0           0           0           0           0           0           0           0           0  0.00044657           0           0           0           0           0           0           0           0           0           0           0
          0           0           0           0           0           0           0           0           0           0           0           0           0           0           0           0 0.000555751           0           0           0           0           0           0           0           0           0           0
          0           0           0           0           0           0           0           0           0           0           0           0           0           0           0           0           0 0.000130535           0           0           0           0           0           0           0           0           0
          0           0           0           0           0           0           0           0           0           0           0           0           0           0           0           0           0           0     10.9595           0           0           0           0           0           0           0           0
          0           0           0           0           0           0           0           0           0           0           0           0           0           0           0           0           0           0           0 4.77124e-07           0           0           0           0           0           0           0
          0           0           0           0           0           0           0           0           0           0           0           0           0           0           0           0           0           0           0           0 0.000236728           0           0           0           0           0           0
          0           0           0           0           0           0           0           0           0           0           0           0           0           0           0           0           0           0           0           0           0     4.09002           0           0           0           0           0
          0           0           0           0           0           0           0           0           0           0           0           0           0           0           0           0           0           0           0           0           0           0 6.46942e-05           0           0           0           0
          0           0           0           0           0           0           0           0           0           0           0           0           0           0           0           0           0           0           0           0           0           0           0 0.000460027           0           0           0
          0           0           0           0           0           0           0           0           0           0           0           0           0           0           0           0           0           0           0           0           0           0           0           0     2.74068           0           0
          0           0           0           0           0           0           0           0           0           0           0           0           0           0           0           0           0           0           0           0           0           0           0           0           0     5.65947           0
          0           0           0           0           0           0           0           0           0           0           0           0           0           0           0           0           0           0           0           0           0           0           0           0           0           0 0.000113434
CODE FINISHED RUNNING IN 336 s TIME!
Job Statistics for 1999279:
           JobID       User               Start                 End    Elapsed     MaxRSS   TotalCPU      State Exit        NodeList                                  ReqTRES 
---------------- ---------- ------------------- ------------------- ---------- ---------- ---------- ---------- ---- --------------- ---------------------------------------- 
         1999279   rsjxw007 2021-08-20T10:19:52 2021-08-20T10:25:28   00:05:36             05:34.977  COMPLETED  0:0   r1pl-hpcf-n21        billing=4,cpu=4,mem=31248M,node=1 
   1999279.batch            2021-08-20T10:19:52 2021-08-20T10:25:28   00:05:36      2.92M  05:34.975  COMPLETED  0:0   r1pl-hpcf-n21                                          
  1999279.extern            2021-08-20T10:19:52 2021-08-20T10:25:28   00:05:36          0  00:00.001  COMPLETED  0:0   r1pl-hpcf-n21                                          
CPU Efficiency: 24.93% of 00:22:24 core-walltime
