Correlation matrix i.e <ci(t)cj(t)> :
   2302.27     12.833          0          0    3.23153          0
    12.833    3.30044          0          0  0.0459532          0
         0          0          0          0          0          0
         0          0          0          0          0          0
   3.23153  0.0459532          0          0 0.00546422          0
         0          0          0          0          0          0
Cov mat :
   257.148   -9.98997          0          0 -0.0894789          0
  -9.98997    3.04574          0          0 0.00889171          0
         0          0          0          0          0          0
         0          0          0          0          0          0
-0.0894789 0.00889171          0          0 7.1343e-05          0
         0          0          0          0          0          0
