0 120 41.33 0 0 80 0
0.00032 112.981 34.31 7.0188 0.00108547 79.9999 8.37076e-05
0.000701174 106.517 27.8423 13.4825 0.0043612 79.9992 0.000770311
0.00116155 100.627 21.9444 19.3728 0.00975755 79.997 0.00300358
0.00169624 95.5833 16.8887 24.4167 0.0166345 79.9921 0.00790412
0.00230893 91.3995 12.6886 28.6005 0.0242232 79.9834 0.0166274
0.00296491 88.1869 9.4562 31.8131 0.0313787 79.9707 0.0293442
0.00365148 85.7722 7.01878 34.2278 0.0375922 79.9542 0.0458454
0.00436475 83.9674 5.18883 36.0326 0.0427334 79.9342 0.065794
0.00507803 82.6625 3.85777 37.3375 0.0467258 79.912 0.087989
0.00583466 81.6632 2.82987 38.3368 0.0499457 79.8866 0.113414
0.0065913 80.9459 2.08325 39.0541 0.0523508 79.8597 0.140295
0.00738431 80.4095 1.51569 39.5905 0.054209 79.8304 0.169624
0.00817732 80.0309 1.10549 39.9691 0.0555625 79.8002 0.199815
0.00900999 79.7543 0.795566 40.2457 0.0565861 79.7678 0.232182
0.00984266 79.5662 0.573893 40.4338 0.0573147 79.735 0.265033
0.0107277 79.4349 0.406725 40.5651 0.0578584 79.6997 0.300322
0.0116457 79.3511 0.285668 40.6489 0.058245 79.6628 0.337192
0.0126047 79.303 0.198549 40.697 0.0585155 79.6241 0.375908
0.0136131 79.282 0.13653 40.718 0.0586995 79.5833 0.416745
0.0146804 79.2819 0.0929982 40.7181 0.0588193 79.5399 0.460056
0.0158183 79.2982 0.0629927 40.7018 0.0588915 79.4937 0.506269
0.0170401 79.3276 0.0427788 40.6724 0.0589285 79.4441 0.5559
0.0183621 79.3681 0.029543 40.6319 0.0589393 79.3904 0.609578
0.0198041 79.4182 0.0211744 40.5818 0.0589305 79.3319 0.668076
0.0213908 79.4774 0.0161045 40.5226 0.0589069 79.2676 0.732368
0.0231541 79.5458 0.013189 40.4542 0.0588714 79.1963 0.8037
0.0251357 79.6242 0.0116152 40.3758 0.0588258 79.1163 0.883716
0.0273925 79.7142 0.0108273 40.2858 0.0587705 79.0254 0.974642
0.0300042 79.8188 0.0104643 40.1812 0.0587045 78.9204 1.0796
0.0330876 79.9421 0.0103072 40.0579 0.0586258 78.7969 1.20314
0.0368215 80.091 0.0102348 39.909 0.05853 78.6478 1.35219
0.0414971 80.2766 0.0101868 39.7234 0.05841 78.462 1.538
0.0476204 80.5183 0.0101363 39.4817 0.0582526 78.2201 1.77995
0.0536375 80.7543 0.0100887 39.2457 0.0580979 77.9838 2.01616
0.059312 80.9755 0.0100445 39.0245 0.0579522 77.7625 2.23753
0.0654301 81.2125 0.00999752 38.7875 0.0577945 77.5253 2.47471
0.0700713 81.3912 0.00996224 38.6088 0.0576765 77.3464 2.6536
0.0752452 81.5894 0.0099233 38.4106 0.0575441 77.148 2.85198
0.0814826 81.8269 0.00987689 38.1731 0.0573838 76.9103 3.08968
0.0867119 82.0248 0.00983843 37.9752 0.0572503 76.7123 3.28775
0.0923407 82.2366 0.00979747 37.7634 0.0571061 76.5003 3.49971
0.0983147 82.46 0.0097545 37.54 0.0569529 76.2767 3.72329
0.103563 82.6551 0.00971717 37.3449 0.0568192 76.0815 3.91853
0.108811 82.849 0.00968023 37.151 0.0566854 75.8873 4.11267
0.114664 83.0641 0.00963948 36.9359 0.0565357 75.6721 4.32789
0.120875 83.2908 0.00959674 36.7092 0.0563764 75.4452 4.55483
0.125705 83.4661 0.00956385 36.5339 0.0562542 75.2697 4.73025
0.131017 83.6578 0.00952805 36.3422 0.056119 75.0779 4.92215
0.137347 83.8849 0.00948585 36.1151 0.0559572 74.8506 5.14943
0.142815 84.0798 0.00944982 35.9202 0.0558183 74.6555 5.34448
0.148618 84.2854 0.00941199 35.7146 0.0556705 74.4497 5.55028
0.154659 84.4981 0.00937306 35.5019 0.0555166 74.2368 5.76316
0.160701 84.7094 0.00933457 35.2906 0.0553626 74.0253 5.97467
0.16566 84.8818 0.0093033 35.1182 0.0552378 73.8527 6.14727
0.170954 85.0649 0.00927024 34.9351 0.0551037 73.6695 6.33053
0.177254 85.2814 0.00923133 34.7186 0.0549436 73.4527 6.54727
0.183089 85.4807 0.0091957 34.5193 0.0547958 73.2533 6.74671
0.189145 85.6862 0.00915913 34.3138 0.0546423 73.0476 6.95237
0.195201 85.8903 0.00912297 34.1097 0.0544888 72.8433 7.15671
0.200594 86.071 0.00909111 33.929 0.0543532 72.6624 7.3376
0.205988 86.2507 0.00905956 33.7493 0.0542173 72.4825 7.51746
0.212101 86.4531 0.00902419 33.5469 0.054063 72.28 7.72004
0.218711 86.6705 0.00898638 33.3295 0.0538956 72.0624 7.9376
0.223648 86.8318 0.00895844 33.1682 0.0537723 71.9009 8.09911
0.229199 87.0122 0.00892732 32.9878 0.0536329 71.7203 8.27966
0.235953 87.2303 0.00888989 32.7697 0.0534626 71.5021 8.49794
0.241522 87.4089 0.00885936 32.5911 0.0533231 71.3233 8.67673
0.247569 87.6016 0.00882656 32.3984 0.0531714 71.1304 8.86965
0.254049 87.8068 0.00879181 32.1932 0.0530086 70.925 9.07502
0.259616 87.982 0.00876226 32.018 0.0528697 70.7497 9.25034
0.265417 88.1633 0.0087318 31.8367 0.0527249 70.5681 9.43188
0.271763 88.3605 0.00869883 31.6395 0.0525662 70.3708 9.62922
0.278109 88.5563 0.00866623 31.4437 0.0524076 70.1748 9.82523
0.284455 88.7508 0.00863399 31.2492 0.0522491 69.9801 10.0199
0.289749 88.912 0.00860737 31.088 0.0521184 69.8187 10.1813
0.295352 89.0817 0.00857947 30.9183 0.0519794 69.6489 10.3511
0.301958 89.2804 0.00854692 30.7196 0.0518151 69.45 10.55
0.308198 89.4668 0.00851652 30.5332 0.0516603 69.2633 10.7367
0.314439 89.652 0.00848644 30.348 0.0515057 69.078 10.922
0.320679 89.836 0.00845669 30.164 0.0513513 68.8938 11.1062
0.326919 90.0187 0.00842726 29.9813 0.0511972 68.7109 11.2891
0.333159 90.2003 0.00839814 29.7997 0.0510433 68.5292 11.4708
0.339399 90.3806 0.00836934 29.6194 0.0508896 68.3487 11.6513
0.345639 90.5597 0.00834084 29.4403 0.0507361 68.1694 11.8306
0.35188 90.7376 0.00831264 29.2624 0.0505829 67.9913 12.0087
0.35812 90.9143 0.00828474 29.0857 0.05043 67.8144 12.1856
0.36436 91.0899 0.00825713 28.9101 0.0502773 67.6386 12.3614
0.3706 91.2643 0.00822982 28.7357 0.0501248 67.4641 12.5359
0.37684 91.4375 0.00820279 28.5625 0.0499726 67.2906 12.7094
0.38308 91.6096 0.00817604 28.3904 0.0498206 67.1184 12.8816
0.389321 91.7805 0.00814956 28.2195 0.0496688 66.9473 13.0527
0.395561 91.9503 0.00812337 28.0497 0.0495173 66.7773 13.2227
0.402136 92.128 0.00809606 27.872 0.0493576 66.5994 13.4006
0.408711 92.3045 0.00806905 27.6955 0.0491982 66.4228 13.5772
0.415286 92.4797 0.00804232 27.5203 0.0490391 66.2474 13.7526
0.421861 92.6537 0.00801589 27.3463 0.0488802 66.0732 13.9268
0.427713 92.8075 0.0079926 27.1925 0.04874 65.9192 14.0808
0.433566 92.9604 0.00796953 27.0396 0.0485996 65.7662 14.2338
0.440332 93.1359 0.00794314 26.8641 0.048437 65.5905 14.4095
0.447749 93.3269 0.00791454 26.6731 0.0482583 65.3993 14.6007
0.452986 93.4609 0.00789454 26.5391 0.0481342 65.2652 14.7348
0.459057 93.6152 0.00787159 26.3848 0.0479894 65.1107 14.8893
0.466687 93.8077 0.00784305 26.1923 0.0478069 64.9179 15.0821
0.472796 93.9608 0.00782045 26.0392 0.047662 64.7647 15.2353
0.479415 94.1254 0.00779621 25.8746 0.0475048 64.5999 15.4001
0.486547 94.3016 0.00777039 25.6984 0.0473353 64.4235 15.5765
0.492742 94.4535 0.00774818 25.5465 0.0471893 64.2714 15.7286
0.499158 94.6098 0.00772542 25.3902 0.047038 64.115 15.885
0.506093 94.7775 0.00770108 25.2225 0.0468745 63.9471 16.0529
0.513028 94.944 0.00767701 25.056 0.0467113 63.7804 16.2196
0.519962 95.1092 0.00765319 24.8908 0.0465483 63.615 16.385
0.525983 95.2517 0.00763272 24.7483 0.0464083 63.4723 16.5277
0.532219 95.3983 0.00761173 24.6017 0.046263 63.3256 16.6744
0.539317 95.564 0.00758809 24.436 0.0460973 63.1597 16.8403
0.546887 95.7393 0.00756315 24.2607 0.0459205 62.9842 17.0158
0.552389 95.8659 0.00754521 24.1341 0.0457941 62.8575 17.1425
0.558666 96.0093 0.00752492 23.9907 0.045649 62.7138 17.2862
0.5665 96.187 0.0074999 23.813 0.0454675 62.536 17.464
0.572784 96.3285 0.00748003 23.6715 0.0453232 62.3943 17.6057
0.579735 96.4838 0.00745828 23.5162 0.0451633 62.2388 17.7612
0.587277 96.6511 0.00743494 23.3489 0.0449898 62.0713 17.9287
0.593398 96.7859 0.00741619 23.2141 0.0448506 61.9364 18.0636
0.599976 96.9298 0.00739624 23.0702 0.0447006 61.7923 18.2077
0.607475 97.0925 0.00737375 22.9075 0.0445296 61.6294 18.3706
0.614974 97.254 0.0073515 22.746 0.0443587 61.4677 18.5323
0.620853 97.3797 0.00733423 22.6203 0.0442267 61.3419 18.6581
0.627289 97.5164 0.0073155 22.4836 0.0440816 61.205 18.795
0.635044 97.6798 0.00729319 22.3202 0.0439064 61.0414 18.9586
0.641815 97.8214 0.00727391 22.1786 0.0437545 60.8996 19.1004
0.64901 97.9708 0.00725364 22.0292 0.0435931 60.75 19.25
0.656206 98.119 0.00723358 21.881 0.0434322 60.6016 19.3984
0.663402 98.2661 0.00721374 21.7339 0.0432717 60.4544 19.5456
0.670598 98.4121 0.0071941 21.5879 0.0431117 60.3082 19.6918
0.677794 98.5569 0.00717468 21.4431 0.0429522 60.1632 19.8368
0.68421 98.6852 0.00715753 21.3148 0.0428112 60.0348 19.9652
0.690626 98.8125 0.00714054 21.1875 0.0426703 59.9073 20.0927
0.69806 98.9589 0.00712107 21.0411 0.0425068 59.7607 20.2393
0.706235 99.1186 0.00709991 20.8814 0.0423267 59.6008 20.3992
0.711949 99.2295 0.00708524 20.7705 0.0422032 59.4898 20.5102
0.718608 99.3577 0.00706832 20.6423 0.0420583 59.3614 20.6386
0.727032 99.5187 0.00704716 20.4813 0.0418747 59.2002 20.7998
0.733697 99.645 0.00703059 20.355 0.0417309 59.0737 20.9263
0.740964 99.7818 0.0070127 20.2182 0.041574 58.9368 21.0632
0.748847 99.9289 0.00699353 20.0711 0.0414039 58.7895 21.2105
0.755552 100.053 0.00697737 19.947 0.0412607 58.6652 21.3348
0.762576 100.182 0.00696062 19.8178 0.0411107 58.5359 21.4641
0.770279 100.323 0.00694245 19.6774 0.0409463 58.3953 21.6047
0.777982 100.462 0.00692448 19.538 0.0407824 58.2557 21.7443
0.784764 100.584 0.00690881 19.4163 0.0406394 58.1338 21.8662
0.791547 100.705 0.00689329 19.2954 0.0404966 58.0128 21.9872
0.799233 100.84 0.0068759 19.1595 0.0403348 57.8767 22.1233
0.807501 100.985 0.00685742 19.0146 0.0401607 57.7316 22.2684
0.813604 101.092 0.00684386 18.9084 0.0400344 57.6253 22.3747
0.820509 101.211 0.0068287 18.7891 0.0398908 57.5059 22.4941
0.829012 101.357 0.00681027 18.6434 0.0397138 57.36 22.64
0.83591 101.474 0.00679544 18.5262 0.0395716 57.2426 22.7574
0.843484 101.601 0.00677934 18.3985 0.0394155 57.1147 22.8853
0.851664 101.738 0.00676218 18.2617 0.0392471 56.9777 23.0223
0.858423 101.85 0.00674808 18.1496 0.0391096 56.8655 23.1345
0.865616 101.969 0.00673326 18.0312 0.0389632 56.7469 23.2531
0.873717 102.101 0.00671679 17.8989 0.0387983 56.6144 23.3856
0.881819 102.232 0.00670056 17.7677 0.0386339 56.483 23.517
0.888429 102.338 0.00668727 17.6615 0.0385017 56.3767 23.6233
0.895511 102.451 0.00667325 17.5486 0.0383597 56.2636 23.7364
0.903787 102.582 0.00665719 17.4177 0.0381938 56.1326 23.8674
0.911355 102.701 0.00664262 17.299 0.0380431 56.0137 23.9863
0.919192 102.823 0.00662781 17.1772 0.0378875 55.8917 24.1083
0.927029 102.944 0.0066133 17.0563 0.0377324 55.7706 24.2294
0.934866 103.064 0.00659918 16.9364 0.037578 55.6506 24.3494
0.941258 103.161 0.00658656 16.8394 0.0374536 55.5534 24.4466
0.94811 103.264 0.00657377 16.7362 0.03732 55.45 24.55
0.956064 103.383 0.00655969 16.6172 0.0371651 55.3309 24.6691
0.963169 103.488 0.00654681 16.5118 0.0370275 55.2254 24.7746
0.97061 103.598 0.00653371 16.4023 0.0368838 55.1157 24.8843
0.97805 103.706 0.00652079 16.2937 0.0367408 55.007 24.993
0.98549 103.814 0.00650808 16.1859 0.0365983 54.899 25.101
0.992001 103.908 0.00649611 16.0923 0.0364741 54.8053 25.1947
0.998512 104.001 0.00648458 15.9994 0.0363503 54.7122 25.2878
1.00614 104.109 0.00647181 15.8913 0.0362058 54.6039 25.3961
1.01459 104.227 0.00645883 15.7725 0.0360463 54.485 25.515
1.01988 104.301 0.0064485 15.6988 0.0359471 54.4112 25.5888
1.02642 104.392 0.00643753 15.6081 0.0358246 54.3204 25.6796
1.03536 104.515 0.00642357 15.4853 0.0356578 54.1974 25.8026
1.04143 104.597 0.00641318 15.4025 0.0355452 54.1145 25.8855
1.0489 104.699 0.0064013 15.3015 0.0354071 54.0133 25.9867
1.05779 104.818 0.00638863 15.1822 0.0352433 53.8938 26.1062
1.06277 104.884 0.00637921 15.1159 0.0351522 53.8274 26.1726
1.06931 104.971 0.00636886 15.0292 0.0350326 53.7406 26.2594
1.07848 105.091 0.00635546 14.9089 0.0348657 53.6202 26.3798
1.08424 105.166 0.00634597 14.834 0.0347615 53.5451 26.4549
1.09159 105.261 0.00633488 14.7389 0.0346289 53.4499 26.5501
1.10076 105.379 0.00632266 14.6214 0.0344641 53.3322 26.6678
1.10554 105.439 0.00631394 14.5605 0.0343787 53.2712 26.7288
1.11208 105.522 0.00630417 14.4778 0.0342621 53.1884 26.8116
1.12132 105.638 0.00629149 14.362 0.034098 53.0724 26.9276
1.12693 105.708 0.00628264 14.2922 0.0339992 53.0025 26.9975
1.1342 105.797 0.00627226 14.2025 0.0338713 52.9127 27.0873
1.14345 105.911 0.00626068 14.0892 0.0337093 52.7992 27.2008
1.14817 105.968 0.00625245 14.0318 0.033627 52.7417 27.2583
1.1547 106.047 0.00624322 13.9529 0.0335136 52.6627 27.3373
1.16394 106.158 0.0062313 13.8422 0.0333537 52.5518 27.4482
1.16947 106.223 0.00622296 13.7765 0.0332587 52.486 27.514
1.17667 106.308 0.00621323 13.6916 0.0331353 52.401 27.599
1.18591 106.417 0.00620234 13.5834 0.0329775 52.2926 27.7074
1.19063 106.471 0.0061945 13.5287 0.0328976 52.2377 27.7623
1.19715 106.547 0.00618578 13.4533 0.0327871 52.1623 27.8377
1.20638 106.652 0.00617459 13.3478 0.0326317 52.0566 27.9434
1.21184 106.714 0.00616671 13.2857 0.0325402 51.9944 28.0056
1.21898 106.795 0.00615757 13.2052 0.0324211 51.9138 28.0862
1.2282 106.898 0.00614733 13.1021 0.0322679 51.8105 28.1895
1.23292 106.95 0.00613986 13.0497 0.0321899 51.758 28.242
1.23944 107.022 0.00613161 12.9778 0.0320825 51.686 28.314
1.24864 107.123 0.0061211 12.8771 0.0319316 51.5852 28.4148
1.25405 107.182 0.00611363 12.8184 0.0318434 51.5263 28.4737
1.26113 107.258 0.00610503 12.7421 0.0317284 51.4499 28.5501
1.27032 107.356 0.00609542 12.6438 0.0315797 51.3514 28.6486
1.27505 107.406 0.00608828 12.5936 0.0315038 51.3012 28.6988
1.28156 107.475 0.00608047 12.5249 0.0313994 51.2324 28.7676
1.29074 107.571 0.0060706 12.429 0.0312529 51.1363 28.8637
1.29626 107.628 0.00606336 12.3717 0.0311654 51.0789 28.9211
1.30325 107.7 0.0060553 12.2996 0.0310548 51.0067 28.9933
1.31217 107.792 0.0060464 12.2084 0.0309145 50.9154 29.0846
1.31715 107.842 0.00603944 12.1579 0.0308367 50.8648 29.1352
1.32371 107.908 0.00603198 12.0918 0.0307345 50.7986 29.2014
1.33276 107.999 0.00602284 12.0013 0.0305941 50.7079 29.2921
1.33823 108.053 0.00601595 11.9471 0.0305098 50.6536 29.3464
1.34514 108.121 0.00600838 11.879 0.0304036 50.5854 29.4146
1.354 108.208 0.00599998 11.7923 0.0302681 50.4986 29.5014
1.35906 108.257 0.00599331 11.7433 0.0301912 50.4495 29.5505
1.36564 108.32 0.00598621 11.6798 0.0300914 50.3859 29.6141
1.37463 108.406 0.00597769 11.5939 0.0299559 50.2998 29.7002
1.38002 108.457 0.00597113 11.5427 0.0298751 50.2486 29.7514
1.38686 108.522 0.00596401 11.4783 0.029773 50.184 29.816
1.39572 108.605 0.00595607 11.3955 0.0296414 50.1011 29.8989
1.4008 108.652 0.0059497 11.3483 0.0295663 50.0539 29.9461
1.4074 108.713 0.00594295 11.2875 0.0294691 49.9929 30.0071
1.41635 108.794 0.00593498 11.2057 0.0293381 49.9109 30.0891
1.42167 108.843 0.00592874 11.1574 0.0292606 49.8626 30.1374
1.42846 108.904 0.00592202 11.0963 0.0291623 49.8013 30.1987
1.43732 108.983 0.00591452 11.0171 0.0290344 49.722 30.278
1.4424 109.028 0.00590843 10.9719 0.0289615 49.6768 30.3232
1.44901 109.086 0.00590202 10.9137 0.0288671 49.6185 30.3815
1.45793 109.164 0.00589455 10.8356 0.0287402 49.5403 30.4597
1.46319 109.21 0.0058886 10.79 0.0286659 49.4946 30.5054
1.46992 109.268 0.00588225 10.732 0.028571 49.4364 30.5636
1.47879 109.344 0.00587517 10.6562 0.0284469 49.3605 30.6395
1.48387 109.387 0.00586936 10.6131 0.0283762 49.3173 30.6827
1.49047 109.443 0.00586327 10.5574 0.0282846 49.2615 30.7385
1.49938 109.517 0.00585625 10.4829 0.0281616 49.1869 30.8131
1.50458 109.56 0.00585057 10.4397 0.0280903 49.1436 30.8564
1.51127 109.616 0.00584457 10.3845 0.0279988 49.0883 30.9117
1.52014 109.688 0.00583789 10.3119 0.0278784 49.0157 30.9843
1.5252 109.729 0.00583233 10.2708 0.0278099 48.9745 31.0255
1.5318 109.782 0.00582654 10.2176 0.0277212 48.9211 31.0789
1.54069 109.854 0.00581995 10.1464 0.0276021 48.8498 31.1502
1.54585 109.895 0.00581452 10.1055 0.0275335 48.8088 31.1912
1.55251 109.947 0.00580884 10.0529 0.0274452 48.7561 31.2439
1.56137 110.016 0.00580254 9.98353 0.0273285 48.6867 31.3133
1.56642 110.056 0.00579722 9.94428 0.0272623 48.6473 31.3527
1.573 110.107 0.00579172 9.89344 0.0271763 48.5964 31.4036
1.58188 110.175 0.00578553 9.82544 0.0270611 48.5283 31.4717
1.587 110.213 0.00578033 9.78655 0.0269951 48.4893 31.5107
1.59363 110.264 0.00577495 9.73645 0.0269098 48.4391 31.5609
1.60248 110.33 0.00576901 9.67016 0.0267967 48.3727 31.6273
1.60752 110.367 0.00576391 9.63269 0.0267327 48.3352 31.6648
1.61409 110.416 0.00575869 9.58412 0.0266495 48.2865 31.7135
1.62296 110.481 0.00575288 9.51917 0.0265381 48.2215 31.7785
1.62804 110.518 0.00574789 9.48218 0.0264744 48.1844 31.8156
1.63465 110.566 0.00574278 9.43442 0.0263922 48.1366 31.8634
1.64349 110.629 0.00573719 9.37106 0.0262827 48.0731 31.9269
1.64851 110.665 0.00573229 9.33529 0.0262208 48.0372 31.9628
1.65507 110.711 0.00572733 9.28888 0.0261404 47.9908 32.0092
1.66392 110.773 0.00572187 9.22686 0.0260326 47.9286 32.0714
1.66898 110.808 0.00571708 9.19162 0.0259713 47.8933 32.1067
1.67556 110.854 0.00571223 9.14606 0.0258918 47.8477 32.1523
1.68439 110.914 0.00570697 9.08552 0.025786 47.787 32.213
1.6894 110.949 0.00570227 9.05136 0.0257261 47.7528 32.2472
1.69595 110.993 0.00569756 9.00702 0.0256484 47.7084 32.2916
1.70477 111.052 0.00569243 8.94778 0.0255442 47.649 32.351
1.70981 111.086 0.00568782 8.91419 0.025485 47.6154 32.3846
1.71638 111.129 0.00568322 8.87071 0.0254083 47.5718 32.4282
1.72518 111.187 0.00567827 8.81287 0.025306 47.5139 32.4861
1.73019 111.22 0.00567375 8.78023 0.0252482 47.4811 32.5189
1.73673 111.262 0.00566926 8.73787 0.0251731 47.4387 32.5613
1.74553 111.319 0.00566444 8.68129 0.0250724 47.382 32.618
1.75055 111.351 0.00566002 8.64924 0.0250153 47.3499 32.6501
1.7571 111.392 0.00565564 8.60773 0.0249413 47.3083 32.6917
1.76589 111.448 0.00565098 8.55247 0.0248425 47.253 32.747
1.77088 111.479 0.00564663 8.52127 0.0247866 47.2217 32.7783
1.77741 111.519 0.00564237 8.4808 0.024714 47.1812 32.8188
1.78619 111.573 0.00563784 8.42675 0.0246168 47.127 32.873
1.7912 111.604 0.00563358 8.39615 0.0245617 47.0963 32.9037
1.79773 111.643 0.00562941 8.35651 0.0244902 47.0566 32.9434
1.8065 111.696 0.00562504 8.30371 0.0243948 47.0037 32.9963
1.81148 111.726 0.00562085 8.27389 0.0243408 46.9739 33.0261
1.81799 111.765 0.00561679 8.23522 0.0242707 46.9351 33.0649
1.82676 111.816 0.00561254 8.18358 0.0241769 46.8834 33.1166
1.83175 111.846 0.00560843 8.15435 0.0241237 46.8541 33.1459
1.83827 111.884 0.00560447 8.11649 0.0240547 46.8161 33.1839
1.84702 111.934 0.00560036 8.06603 0.0239626 46.7656 33.2344
1.852 111.962 0.00559632 8.03753 0.0239105 46.737 33.263
1.8585 111.999 0.00559246 8.00056 0.0238428 46.7 33.3
1.86724 112.049 0.00558847 7.95122 0.0237523 46.6506 33.3494
1.87223 112.077 0.00558451 7.9233 0.0237009 46.6226 33.3774
1.87873 112.113 0.00558073 7.88711 0.0236343 46.5863 33.4137
1.88746 112.161 0.00557688 7.8389 0.0235454 46.538 33.462
1.89243 112.188 0.00557298 7.81164 0.0234951 46.5107 33.4893
1.89892 112.224 0.0055693 7.77631 0.0234298 46.4753 33.5247
1.90764 112.271 0.00556556 7.72915 0.0233424 46.4281 33.5719
1.91262 112.298 0.00556173 7.70246 0.0232929 46.4013 33.5987
1.9191 112.332 0.00555814 7.66788 0.0232286 46.3667 33.6333
1.92782 112.378 0.00555452 7.6218 0.0231429 46.3205 33.6795
1.93278 112.404 0.00555076 7.59573 0.0230943 46.2944 33.7056
1.93926 112.438 0.00554725 7.56195 0.0230312 46.2605 33.7395
1.94797 112.483 0.00554374 7.51688 0.0229469 46.2154 33.7846
1.95293 112.509 0.00554005 7.49137 0.0228992 46.1898 33.8102
1.95941 112.542 0.00553662 7.45831 0.0228372 46.1567 33.8433
1.9681 112.586 0.00553323 7.41425 0.0227544 46.1125 33.8875
1.97306 112.611 0.0055296 7.38933 0.0227075 46.0876 33.9124
1.97953 112.643 0.00552625 7.35702 0.0226467 46.0552 33.9448
1.98822 112.686 0.00552296 7.31394 0.0225654 46.012 33.988
1.99317 112.71 0.00551939 7.28954 0.0225193 45.9876 34.0124
1.99964 112.742 0.00551613 7.25794 0.0224595 45.9559 34.0441
2.00832 112.784 0.00551295 7.21582 0.0223797 45.9137 34.0863
2.01327 112.808 0.00550943 7.19197 0.0223345 45.8898 34.1102
2.01972 112.839 0.00550625 7.16108 0.0222758 45.8589 34.1411
2.02839 112.88 0.00550316 7.11989 0.0221974 45.8176 34.1824
2.03335 112.903 0.00549971 7.09655 0.022153 45.7942 34.2058
2.0398 112.934 0.0054966 7.06633 0.0220953 45.7639 34.2361
2.04846 112.974 0.00549362 7.02605 0.0220184 45.7236 34.2764
2.0534 112.997 0.00549022 7.00324 0.0219747 45.7007 34.2993
2.05985 113.026 0.00548718 6.9737 0.0219181 45.6711 34.3289
2.06851 113.066 0.00548429 6.93431 0.0218425 45.6316 34.3684
2.07345 113.088 0.00548095 6.91198 0.0217997 45.6093 34.3907
2.07989 113.117 0.00547798 6.88308 0.0217441 45.5803 34.4197
2.08854 113.155 0.00547519 6.84456 0.0216699 45.5417 34.4583
2.09348 113.177 0.0054719 6.82274 0.0216278 45.5198 34.4802
2.09991 113.206 0.005469 6.79447 0.0215732 45.4915 34.5085
2.10855 113.243 0.0054663 6.7568 0.0215004 45.4538 34.5462
2.11349 113.265 0.00546306 6.73544 0.021459 45.4324 34.5676
2.11992 113.292 0.00546023 6.70779 0.0214054 45.4047 34.5953
2.12856 113.329 0.00545762 6.67095 0.0213339 45.3677 34.6323
2.13349 113.35 0.00545443 6.65007 0.0212933 45.3468 34.6532
2.13991 113.377 0.00545167 6.62303 0.0212407 45.3197 34.6803
2.14854 113.413 0.00544914 6.58699 0.0211705 45.2836 34.7164
2.15347 113.433 0.00544601 6.56656 0.0211307 45.2631 34.7369
2.15989 113.46 0.0054433 6.5401 0.021079 45.2366 34.7634
2.16851 113.495 0.00544086 6.50486 0.0210101 45.2013 34.7987
2.17344 113.515 0.00543777 6.48487 0.020971 45.1813 34.8187
2.17985 113.541 0.00543513 6.459 0.0209203 45.1554 34.8446
2.18847 113.575 0.00543278 6.42453 0.0208526 45.1208 34.8792
2.19339 113.595 0.00542973 6.40497 0.0208142 45.1012 34.8988
2.1998 113.62 0.00542715 6.37966 0.0207644 45.0759 34.9241
2.20841 113.654 0.00542488 6.34594 0.020698 45.0421 34.9579
2.21333 113.673 0.00542188 6.32681 0.0206603 45.0229 34.9771
2.21974 113.698 0.00541936 6.30206 0.0206114 44.9981 35.0019
2.22834 113.731 0.00541716 6.26907 0.0205463 44.965 35.035
2.23326 113.75 0.00541421 6.25036 0.0205092 44.9463 35.0537
2.23966 113.774 0.00541174 6.22614 0.0204613 44.922 35.078
2.24826 113.806 0.00540962 6.19387 0.0203973 44.8897 35.1103
2.25317 113.824 0.00540671 6.17556 0.0203609 44.8713 35.1287
2.25957 113.848 0.0054043 6.15187 0.0203139 44.8476 35.1524
2.26816 113.88 0.00540225 6.12031 0.0202511 44.816 35.184
2.27307 113.898 0.00539939 6.10239 0.0202154 44.798 35.202
2.27947 113.921 0.00539703 6.07921 0.0201692 44.7748 35.2252
2.28805 113.952 0.00539506 6.04833 0.0201075 44.7438 35.2562
2.29296 113.969 0.00539223 6.0308 0.0200725 44.7263 35.2737
2.29935 113.992 0.00538993 6.00813 0.0200272 44.7035 35.2965
2.30793 114.022 0.00538803 5.97792 0.0199667 44.6733 35.3267
2.31284 114.039 0.00538524 5.96077 0.0199323 44.6561 35.3439
2.31922 114.061 0.00538299 5.93858 0.0198878 44.6339 35.3661
2.32779 114.091 0.00538115 5.90903 0.0198284 44.6042 35.3958
2.3327 114.108 0.00537841 5.89225 0.0197947 44.5874 35.4126
2.33908 114.129 0.00537621 5.87054 0.019751 44.5657 35.4343
2.34765 114.158 0.00537444 5.84163 0.0196928 44.5367 35.4633
2.35255 114.175 0.00537173 5.82521 0.0196596 44.5202 35.4798
2.35893 114.196 0.00536958 5.80397 0.0196168 44.499 35.501
2.36749 114.224 0.00536788 5.77568 0.0195596 44.4706 35.5294
2.37239 114.24 0.00536521 5.75961 0.0195271 44.4545 35.5455
2.37877 114.261 0.0053631 5.73883 0.019485 44.4337 35.5663
2.38732 114.289 0.00536146 5.71116 0.019429 44.406 35.594
2.39222 114.305 0.00535883 5.69544 0.019397 44.3902 35.6098
2.39859 114.325 0.00535677 5.6751 0.0193558 44.3698 35.6302
2.40714 114.352 0.0053552 5.64803 0.0193007 44.3427 35.6573
2.41204 114.367 0.0053526 5.63264 0.0192694 44.3273 35.6727
2.41841 114.387 0.00535058 5.61274 0.0192289 44.3073 35.6927
2.42695 114.414 0.00534907 5.58625 0.0191749 44.2808 35.7192
2.43185 114.429 0.0053465 5.57119 0.0191442 44.2657 35.7343
2.43821 114.448 0.00534454 5.55172 0.0191044 44.2462 35.7538
2.44675 114.474 0.00534308 5.5258 0.0190515 44.2202 35.7798
2.45164 114.489 0.00534055 5.51106 0.0190213 44.2054 35.7946
2.458 114.508 0.00533863 5.49201 0.0189823 44.1863 35.8137
2.46654 114.533 0.00533723 5.46665 0.0189303 44.1609 35.8391
2.47143 114.548 0.00533473 5.45223 0.0189007 44.1465 35.8535
2.47779 114.566 0.00533285 5.43359 0.0188625 44.1278 35.8722
2.48632 114.591 0.00533151 5.40877 0.0188115 44.1029 35.8971
2.4912 114.605 0.00532904 5.39465 0.0187824 44.0888 35.9112
2.49756 114.624 0.0053272 5.37641 0.0187449 44.0705 35.9295
2.50609 114.648 0.00532591 5.35213 0.0186949 44.0461 35.9539
2.51097 114.662 0.00532348 5.33831 0.0186664 44.0323 35.9677
2.51732 114.68 0.00532168 5.32046 0.0186295 44.0144 35.9856
2.52585 114.703 0.00532044 5.2967 0.0185805 43.9906 36.0094
2.53073 114.717 0.00531804 5.28318 0.0185525 43.977 36.023
2.53708 114.734 0.00531628 5.26571 0.0185164 43.9595 36.0405
2.54559 114.758 0.0053151 5.24245 0.0184682 43.9362 36.0638
2.55048 114.771 0.00531272 5.22922 0.0184408 43.923 36.077
2.55682 114.788 0.005311 5.21212 0.0184053 43.9058 36.0942
2.56533 114.811 0.00530987 5.18936 0.0183581 43.883 36.117
2.57021 114.824 0.00530752 5.17642 0.0183312 43.8701 36.1299
2.57656 114.84 0.00530584 5.15968 0.0182964 43.8533 36.1467
2.58507 114.863 0.00530476 5.13741 0.0182501 43.831 36.169
2.58994 114.875 0.00530244 5.12474 0.0182237 43.8183 36.1817
2.59628 114.892 0.00530079 5.10836 0.0181896 43.8019 36.1981
2.60479 114.913 0.00529976 5.08657 0.0181441 43.78 36.22
2.60966 114.926 0.00529747 5.07416 0.0181182 43.7676 36.2324
2.616 114.942 0.00529586 5.05814 0.0180847 43.7515 36.2485
2.6245 114.963 0.00529487 5.03681 0.0180401 43.7301 36.2699
2.62938 114.975 0.00529261 5.02466 0.0180147 43.718 36.282
2.63571 114.991 0.00529103 5.00898 0.0179819 43.7023 36.2977
2.64421 115.012 0.00529009 4.9881 0.0179382 43.6813 36.3187
2.64908 115.024 0.00528786 4.97622 0.0179133 43.6694 36.3306
2.65541 115.039 0.00528631 4.96087 0.017881 43.654 36.346
2.6639 115.06 0.00528542 4.94044 0.0178382 43.6336 36.3664
2.66878 115.071 0.00528321 4.9288 0.0178137 43.6219 36.3781
2.67511 115.086 0.0052817 4.91378 0.0177821 43.6068 36.3932
2.68359 115.106 0.00528085 4.89378 0.01774 43.5868 36.4132
2.68846 115.118 0.00527867 4.8824 0.0177161 43.5754 36.4246
2.69479 115.132 0.00527719 4.86769 0.0176851 43.5607 36.4393
2.70328 115.152 0.00527638 4.84812 0.0176438 43.541 36.459
2.70814 115.163 0.00527422 4.83698 0.0176203 43.5299 36.4701
2.71447 115.177 0.00527277 4.82258 0.0175899 43.5154 36.4846
2.72295 115.197 0.00527201 4.80343 0.0175494 43.4962 36.5038
2.72782 115.207 0.00526987 4.79252 0.0175263 43.4853 36.5147
2.73414 115.222 0.00526846 4.77843 0.0174965 43.4712 36.5288
2.74261 115.24 0.00526774 4.75968 0.0174568 43.4524 36.5476
2.74748 115.251 0.00526562 4.749 0.0174342 43.4417 36.5583
2.7538 115.265 0.00526424 4.73521 0.017405 43.4279 36.5721
2.76227 115.283 0.00526355 4.71686 0.017366 43.4095 36.5905
2.76714 115.294 0.00526146 4.70641 0.0173438 43.399 36.601
2.77345 115.307 0.00526011 4.69291 0.0173152 43.3855 36.6145
2.78192 115.325 0.00525946 4.67495 0.017277 43.3675 36.6325
2.78679 115.335 0.0052574 4.66472 0.0172552 43.3572 36.6428
2.7931 115.348 0.00525607 4.6515 0.0172271 43.344 36.656
2.80157 115.366 0.00525546 4.63392 0.0171897 43.3264 36.6736
2.80643 115.376 0.00525342 4.62391 0.0171683 43.3163 36.6837
2.81274 115.389 0.00525212 4.61097 0.0171407 43.3034 36.6966
2.82121 115.406 0.00525155 4.59376 0.017104 43.2861 36.7139
2.82607 115.416 0.00524953 4.58396 0.0170831 43.2763 36.7237
2.83238 115.429 0.00524826 4.5713 0.017056 43.2636 36.7364
2.84084 115.446 0.00524772 4.55445 0.01702 43.2467 36.7533
2.84569 115.455 0.00524572 4.54485 0.0169995 43.2371 36.7629
2.852 115.468 0.00524448 4.53246 0.0169729 43.2247 36.7753
2.86046 115.484 0.00524398 4.51597 0.0169376 43.2082 36.7918
2.86532 115.493 0.005242 4.50658 0.0169175 43.1987 36.8013
2.87162 115.506 0.00524078 4.49444 0.0168915 43.1866 36.8134
2.88008 115.522 0.00524032 4.47831 0.0168569 43.1704 36.8296
2.88493 115.531 0.00523835 4.46911 0.0168371 43.1612 36.8388
2.89124 115.543 0.00523716 4.45723 0.0168116 43.1493 36.8507
2.89969 115.559 0.00523673 4.44143 0.0167777 43.1334 36.8666
2.90454 115.568 0.00523479 4.43242 0.0167583 43.1244 36.8756
2.91085 115.579 0.00523362 4.4208 0.0167333 43.1128 36.8872
2.91929 115.595 0.00523323 4.40533 0.0167 43.0973 36.9027
2.92415 115.603 0.0052313 4.39652 0.016681 43.0884 36.9116
2.93045 115.615 0.00523016 4.38514 0.0166565 43.077 36.923
2.93889 115.63 0.0052298 4.37 0.0166238 43.0619 36.9381
2.94375 115.639 0.00522789 4.36137 0.0166052 43.0532 36.9468
2.95004 115.65 0.00522677 4.35022 0.0165811 43.042 36.958
2.95849 115.665 0.00522644 4.3354 0.0165491 43.0272 36.9728
2.96334 115.673 0.00522456 4.32695 0.0165309 43.0187 36.9813
2.96963 115.684 0.00522346 4.31605 0.0165073 43.0078 36.9922
2.97807 115.698 0.00522316 4.30154 0.0164759 42.9932 37.0068
2.98292 115.707 0.00522129 4.29327 0.016458 42.9849 37.0151
2.98922 115.717 0.00522022 4.28259 0.0164349 42.9742 37.0258
2.99766 115.732 0.00521995 4.26839 0.0164041 42.96 37.04
3 115.736 0.00521859 4.26446 0.0163956 42.9561 37.0439
