Correlation matrix i.e <ci(t)cj(t)> tf = 5.0:
 27256.3 -1.56941        0        0  5380.06        0
-1.56941  32590.6        0        0    28963        0
       0        0        0        0        0        0
       0        0        0        0        0        0
 5380.06    28963        0        0  27395.7        0
       0        0        0        0        0        0
Cov Mat :
 10577.8 -7216.58        0        0 -5942.65        0
-7216.58  29469.4        0        0  24064.9        0
       0        0        0        0        0        0
       0        0        0        0        0        0
-5942.65  24064.9        0        0  19708.9        0
       0        0        0        0        0        0
