PSO_S_ODE_NonLinear
sample size:500 Nparts:300 Nsteps:40
339
mu: 80 250  85
covarMat:20  0  0
 0  5  0
 0  0 10

362
Xt: 0.587308   144.655   79.5463  0.275606   59.2988   25.6992  0.348179   20963.5   6346.82 0.0765992   3527.08   662.456   84.6115   46.9643  0.163028   34.7617   15.1729   11481.4   39.7486   8584.48   3709.31   22.0142   4711.88   2050.48   16.2747   7.11218   1522.28
PSO begins!
GBMAT from first PSO:

   0.997185    0.932557    0.128124    0.999041    0.236089    0.396581 7.35785e+08
   0.997185    0.606867    0.128124    0.999041    0.176502    0.396581 7.33154e+08
   0.997185    0.649251    0.197287    0.747858    0.350106    0.314619 3.77052e+08
   0.586426    0.534606     0.26691    0.736463    0.236089    0.283158 1.66601e+08
   0.319284     0.20357     0.26691    0.363791    0.148313    0.279742 1.35458e+08
   0.207259     0.20357     0.26691    0.363791    0.148313    0.183154 7.05864e+07
   0.486216    0.437538    0.395727    0.227781    0.142553    0.358489 2.70862e+06
   0.366208    0.183608    0.390259    0.212588   0.0692128    0.345581  2.0101e+06
   0.425475    0.342353    0.313155     0.22925    0.152971     0.27301 1.92614e+06
   0.425902    0.290574    0.285768    0.233007    0.320419    0.256889 1.36709e+06
   0.417153    0.128749    0.301647    0.349965    0.313312    0.267864 1.06552e+06
   0.398131    0.157009    0.293272    0.379242    0.270784     0.25709      913707
   0.397325    0.192078    0.286713     0.35892    0.248546    0.251113      901961
   0.400558    0.165591    0.257197      0.3174    0.252225    0.225553      882756
   0.401143    0.214173    0.253451    0.348117    0.223343    0.221459      795618
   0.296867    0.140436    0.183854    0.324664    0.255639    0.154111      684490
   0.304973    0.147983    0.198438    0.299989    0.256296    0.168633      611865
   0.481768    0.243086    0.163716    0.465977    0.267924    0.134812      399122
   0.415096    0.254541    0.164517    0.414013    0.237811     0.13396      398614
    0.40984    0.255612    0.126239    0.299901    0.237833   0.0970416      325172
   0.403966    0.250884    0.134018    0.313818    0.232538    0.104924      324725
   0.477143    0.285701    0.129496    0.387408    0.238362    0.100706      304657
   0.449432    0.272549     0.13321    0.359596    0.236141    0.103665      288885
   0.445144    0.263309    0.134014    0.356493    0.246503    0.104528      274580
   0.443182    0.227726    0.134274    0.353351    0.233103     0.10511      269059
   0.443182    0.227726    0.134274    0.353351    0.233103     0.10511      261460
   0.408554     0.21629    0.138036    0.334893    0.250642     0.10909      238972
   0.350934    0.156511    0.120548    0.393225     0.30667   0.0917101      236274
   0.347497    0.162965    0.122868    0.388925    0.305095   0.0943859      209524

truk 0.515996 0.0603199  0.103199  0.896801   0.05516 0.0722394
distance b/w truk and final GBVEC1.07077
CODE FINISHED RUNNING IN 199 s TIME!
Job Statistics for 1429544:
           JobID       User               Start                 End    Elapsed     MaxRSS   TotalCPU      State Exit        NodeList                                  ReqTRES 
---------------- ---------- ------------------- ------------------- ---------- ---------- ---------- ---------- ---- --------------- ---------------------------------------- 
         1429544   rsjxw007 2021-07-19T14:09:18 2021-07-19T14:12:38   00:03:20             54:54.867  COMPLETED  0:0   r1pl-hpcf-n22     billing=20,cpu=20,mem=156240M,node=1 
   1429544.batch            2021-07-19T14:09:18 2021-07-19T14:12:38   00:03:20      1.12M  54:54.865  COMPLETED  0:0   r1pl-hpcf-n22                                          
  1429544.extern            2021-07-19T14:09:18 2021-07-19T14:12:38   00:03:20          0  00:00.002  COMPLETED  0:0   r1pl-hpcf-n22                                          
CPU Efficiency: 82.38% of 01:06:40 core-walltime
