PSO_S_ODE_NonLinear
sample size:5000 Nparts:300 Nsteps:40
mu: 80 250  85
covarMat:20  0  0
 0  5  0
 0  0 10

Yt:  2.88705   25.0954   77.1746   62.9807  0.215328   84.7715   26.9629   965.256   5966.03   4296.66 0.0559105   7195.94   23.7879   218.462   236.749  0.442426   242.037   1909.04   1262.47   6.90847   2141.39   4875.75   16.4876    6545.3   12.0505   5312.12   18.3889
seedk: 0.538643  0.546981  0.516395 0.0512175  0.322133  0.991112| cost:2.82642e+08
Xt:1.47227 106.579 78.4715 24.0306 44.0768 40.8857 2.21319 11449.1 6176.11 586.828 1957.32 1676.62 154.916 116.419 35.9483 64.3641 60.6575 8324.71 2535.44  4722.8 4337.39 1896.42 3449.43 3217.91 1048.33 988.085 1797.25
PSO begins!
particle:1 position:0.474753 0.334379 0.190349 0.389323 0.665537 0.205396 cost:1.26036e+08
XtPSO.mVec:1.10662 82.7573 78.8371 15.7159 12.3058 72.6567  1.3323 7060.77 6233.06 307.667 171.902 5291.94 87.1315 88.3847 19.7082 12.5142 81.3071 6467.34 1197.45 1075.82 5966.55 1263.06 955.444  5743.1 162.589 1160.09 882.291
particle:2 position:0.535237 0.470403 0.457503 0.729848 0.898658 0.172519 cost:3.2493e+08
XtPSO.mVec: 48.2557  1.15022   31.688  133.095 0.928983  84.0335     2350  1.34017  1005.47  17737.8 0.867361  7071.03  54.9354  1527.85  6427.65  44.7559   4051.7  36.5282  152.786  1.07301  96.8693  4212.57  29.5115   2666.4  123.334  11171.3  78.2618
underflow!0.000200735
pos   0.700973    0.478924    0.728748 0.000200735     0.36777    0.758057
particle:1 position:0.466719 0.359339 0.188757 0.402535 0.669401 0.182543 cost:4.71605e+07
XtPSO.mVec:1.87942 60.4575 78.0643 32.9102  6.4275  78.535 5.30883 4080.72  6107.3 1345.55 51.7682 6176.58 91.6176 149.278 79.7219 9.60698 148.947 4656.26 1669.24 447.306  4711.4  2609.2 493.033 6140.78 166.323 2602.36 500.037
particle:2 position:0.540594 0.491209 0.457998 0.718213   0.8746 0.183942 cost:2.98127e+08
XtPSO.mVec: 46.2019  1.29701  33.7419  130.914 0.948346  84.0142  2156.17  1.70618  1140.03  17162.6 0.904052  7067.76   59.246  1557.48  6054.02  43.7342  3877.99  43.8637  169.429  1.23551  109.217  4411.91  32.0806  2838.56  123.825  10985.3  79.8779
particle:1 position:0.466317 0.357924 0.199685 0.386382 0.681704 0.193686 cost:4.37358e+07
XtPSO.mVec:1.98652 59.2651 77.9572 34.3388  6.5566 78.4059 6.07336 3955.44 6090.11 1458.63  53.684 6156.39 93.1589  157.49 88.4399 10.2673 157.233 4557.94 1697.17 449.463 4608.93 2716.45 502.584 6122.28 177.741 2711.25 509.177
particle:2 position:  0.5326 0.510975 0.478871 0.698965 0.842144 0.195948 cost:2.89596e+08
XtPSO.mVec: 45.5714  1.41835  34.3724  130.175 0.960965  84.0016  2098.36  2.04122  1183.03  16969.9 0.928329  7065.64  63.8817  1564.89  5937.98  43.7077  3824.38  48.8653  184.222  1.36922   119.42  4468.91  33.1154  2891.17  124.758  10921.4  80.9298
particle:1 position:0.471912 0.360516 0.190022 0.402388  0.67021 0.178526 cost:2.84085e+07
XtPSO.mVec:2.34254 52.6907 77.6012 40.0034 5.29075 79.6718 9.23056 3248.24 6033.06 1932.89 35.5735 6355.49   90.43 184.432 122.535 9.42018  187.85 4032.33 1725.85  331.56  4169.5  3141.5 404.137 6190.96 168.159 3199.33 418.679
particle:2 position:0.546674 0.529753 0.478298 0.680679 0.785505 0.207354 cost:2.64888e+08
XtPSO.mVec: 43.5266  1.56302  36.4172  127.984 0.960083  84.0024  1916.35  2.48258  1327.97  16405.2 0.926803  7065.78  67.1522  1583.42     5577  41.6971  3652.43  57.0591  199.553  1.50798  131.617  4654.88  35.0548  3063.19  122.529  10737.3    80.86
particle:1 position:0.492888 0.384731 0.192625 0.419375 0.661147 0.180384 cost:2.76065e+07
XtPSO.mVec: 2.3987 52.2898  77.545 40.2382 5.06858 79.8939 9.80836 3216.82 6024.14  1965.2  33.067 6390.93 90.7345 188.607 127.124 9.13258 192.813 3999.12 1709.79 317.549 4149.95 3156.96 386.815 6203.61 160.421 3226.34 402.214
particle:2 position:0.553411 0.545506 0.466488 0.651403 0.770677 0.207771 cost:2.53816e+08
XtPSO.mVec: 42.5456   1.6296  37.3981  126.973 0.996184  83.9663  1832.01  2.70079  1400.47  16147.7   0.9979  7059.69   68.388  1589.34  5408.68  42.2841  3568.39  61.0956  206.387  1.63161  137.172  4742.39  37.3534  3144.35  126.123  10647.6   83.866
particle:1 position:0.512814 0.407735 0.195098 0.410895 0.652537 0.179991 cost:1.87958e+07
XtPSO.mVec: 2.7888 47.7399 77.1549  44.686 4.57637 80.3862 13.7577 2775.22 5962.53 2377.42 26.9952 6469.48  90.574 217.434  163.57 9.42643 225.158 3634.61 1713.42 266.869 3814.89 3479.56 348.135 6209.65 162.977 3599.85 365.975
particle:2 position:0.570311 0.560471 0.455268 0.631321 0.756591 0.208167 cost:2.43198e+08
XtPSO.mVec:41.5624 1.66866 38.3813 125.976 1.02128 83.9412 1749.41 2.83429 1475.08 15895.8  1.0489 7055.47 68.3581 1593.34 5242.65 42.3413 3484.68 64.2085 209.651 1.71309 140.426 4828.75 39.3018 3226.04 128.275 10560.6 85.9544
particle:1 position:0.551229 0.427181 0.200596 0.402838 0.626503 0.193075 cost:4.21332e+07
XtPSO.mVec:1.96445 58.5208 77.9793 34.5324 6.02802 78.9345  6.2342 3889.03 6093.39 1494.73 46.4785 6239.45 88.7525 155.768 89.8413 9.10448  156.44 4500.96 1660.59 413.094 4582.87 2732.93 461.808 6165.02  160.69 2743.65 471.247
particle:2 position: 0.60538 0.574689 0.438881 0.614024 0.743209 0.208543 cost:2.27884e+08
XtPSO.mVec:40.0702 1.69242 39.8736 124.487 1.04806 83.9145 1627.74  2.9199    1592 15523.3 1.10478 7050.95 66.7591 1595.71 4995.35 41.8819 3358.19 67.6612 210.085 1.78355 142.394 4957.03 41.9018 3350.39 130.069 10432.1  88.183
particle:1 position:0.518716 0.416383 0.197284 0.415557 0.641566  0.18173 cost:1.82344e+07
XtPSO.mVec:2.84654 47.4195 77.0972 44.9606 4.47282 80.4897 14.3835 2750.42 5953.48 2410.32 25.9605 6486.14 91.0844 221.646 168.375 9.34804 230.058 3608.09 1705.01 260.323 3794.51 3497.42 340.019 6212.94 159.565 3626.16 358.163
particle:2 position:0.604733 0.574016 0.428603 0.608933 0.696187   0.2082 cost:2.18282e+08
XtPSO.mVec:39.1641 1.75513 40.7796 123.483  1.0129 83.9496 1556.04 3.14343 1665.18 15274.8 1.03201 7056.87 67.6108 1594.97 4843.51 39.5551 3283.43 71.7675 216.083 1.78794 147.742 5028.67 41.4173 3427.97 124.682 10352.1 85.2624
particle:1 position:0.517542 0.426454 0.194582 0.405803 0.610782 0.178189 cost:1.67373e+07
XtPSO.mVec:2.95543 46.5283 76.9883 45.7908 4.30286 80.6597 15.4578  2662.6 5936.45 2488.01 24.0355 6513.43 92.2487 229.625 177.272 9.34426 239.222 3536.04 1704.02 246.419 3732.54  3555.2 326.764 6217.04 156.923 3699.22 345.477
particle:2 position:0.578284 0.572176 0.414335 0.589511 0.662673 0.225625 cost:1.7079e+08
XtPSO.mVec:34.2626 2.32592 45.6812 118.072 1.07446 83.8881 1196.66 5.55986 2089.52 13970.1 1.16197 7046.48 77.9287 1562.49 4054.55 36.6675 2869.33 106.581 273.556 2.51679 195.724 5385.55 49.2218 3837.15 126.406 9889.93   90.39
particle:1 position:0.516427 0.436022 0.192014 0.396537 0.581537  0.18966 cost:6.64817e+07
XtPSO.mVec: 1.6596 66.9646 78.2841 27.0112 7.25545 77.7071  3.7422 4865.15 6143.04 938.998 65.7639  6048.3 95.1712 132.189 56.9996 9.89807 130.306 5177.47 1539.99 547.775  5161.7 2153.26 557.494 6094.67  151.22 2119.48 557.181
particle:2 position:0.573812 0.574457 0.406667 0.571059 0.608609  0.21989 cost:1.7326e+08
XtPSO.mVec:34.5617 2.29495  45.382  118.36 1.03248   83.93 1217.22  5.4099 2062.25 14038.1 1.07292 7053.55 77.5959 1565.85 4099.73 35.5452 2895.89 104.471 270.588 2.38605 193.209 5363.37 46.9889 3813.94 121.767 9919.08 86.9017
particle:1 position:0.512384   0.4365 0.191886 0.396074 0.580075 0.175399 cost:1.72724e+07
XtPSO.mVec:2.96493 46.8467 76.9788 45.4373 4.25831 80.7042 15.3643 2686.77 5935.01 2450.57 23.5583  6520.6 94.2695 230.395 175.977 9.31704 240.101 3559.89 1707.36 244.975 3760.79 3527.81 323.299 6219.65 154.043 3672.33 342.131
particle:2 position:0.573908 0.574572 0.400396 0.570137  0.62813 0.219603 cost:1.6781e+08
XtPSO.mVec:33.9282 2.35737 46.0155 117.695 1.06381 83.8987 1173.91 5.71484 2120.22 13881.5  1.1391 7048.27 78.1721 1558.52 4002.43 35.9463  2841.6 108.817 276.349 2.52581 198.402 5407.61 49.0908 3865.73 124.749 9859.55 89.5059
particle:1 position:0.516169 0.436524 0.190515 0.396051 0.555082 0.174686 cost:1.98562e+07
XtPSO.mVec:2.81164 48.2955 77.1321 43.8768  4.2999 80.6626 13.7923 2825.39 5959.02 2305.23 24.1894 6513.97 93.5721 219.174 162.043 8.91156 227.654 3676.22 1700.86 254.168 3874.58 3416.42  326.81 6228.99 148.737 3545.43 345.131
particle:2 position:0.569974 0.574054 0.387538 0.552654 0.598018 0.214168 cost:1.64729e+08
XtPSO.mVec:33.5732 2.38542 46.3706 117.304  1.0551 83.9074 1149.98 5.85573 2153.06 13789.6 1.12059 7049.74 78.2308 1554.06 3947.61 35.2757 2812.07 110.965 278.682 2.53526 200.791 5431.14 49.0655 3895.96 123.311 9827.64 88.7839
particle:1 position:0.538888 0.436525 0.191811  0.39605 0.566806  0.17465 cost:1.53408e+07
XtPSO.mVec:2.98211  45.618 76.9616 46.5162 4.09132 80.8712 16.0347 2580.57 5932.22 2561.88 21.8446 6547.55  89.597 231.451 182.118 8.90046 241.861 3465.75 1690.77 231.064 3670.55 3609.11 310.621 6230.99 151.507 3766.03 329.514
particle:2 position:0.566237 0.577843 0.370101 0.536045 0.569412 0.209006 cost:1.56029e+08
XtPSO.mVec:32.5575 2.49864 47.3862 116.172 1.05287 83.9097 1082.93 6.43872 2248.41 13526.1 1.11601 7050.11 79.3296 1539.91 3792.04 34.1257 2726.81 118.791  289.02 2.65097 210.349 5496.41 50.0355  3981.4 121.849 9732.83 88.6008
particle:1 position:0.536705  0.44559 0.189382 0.404981  0.53976 0.171463 cost:1.50432e+07
XtPSO.mVec:3.04101 45.4036 76.9027 46.5638 3.86554  81.097  16.635 2560.74 5923.05 2570.51 19.7057 6584.09 90.8366 235.738 185.983 8.54111 247.182 3447.38 1680.78  218.22 3665.13  3609.5 293.213 6243.43 142.524  3778.9 312.312
particle:2 position: 0.57907 0.579841  0.34175 0.541811 0.542236 0.204101 cost:1.34231e+08
XtPSO.mVec:29.8131 2.76005 50.1306  113.14 1.02618 83.9364 912.132 7.91742 2516.39 12832.3 1.06061 7054.58 79.7821 1491.32 3383.95 30.4277 2497.03 138.867 310.653 2.85762 232.508 5662.44 51.5961 4213.32 115.621 9480.95 86.3899
particle:1 position:0.529895 0.449746 0.187802 0.429431  0.54668 0.180526 cost:5.32627e+07
XtPSO.mVec:1.84556 62.4517 78.0982  30.333 5.87839 79.0841 5.06113 4327.49 6112.81 1184.63 44.9847 6263.26 93.9158 146.643 73.3505 8.52389 147.201 4813.35 1572.32 425.098 4902.99 2409.43 450.241  6186.4 134.015 2415.72 460.087
particle:2 position:0.574788 0.567358 0.332552 0.547392 0.536646 0.200239 cost:1.31103e+08
XtPSO.mVec:29.3889 2.78084 50.5548 112.676 1.00726 83.9553 887.092 8.05123 2559.16 12727.8 1.02196 7057.77 79.1492 1482.45 3322.51 29.4368 2461.92 141.109 311.656 2.82679 234.327 5686.86 51.0747 4249.93 113.019 9444.06 84.8183
particle:1 position:0.546265 0.430744 0.188644 0.418626 0.554643 0.209876 cost:1.59937e+08
XtPSO.mVec:1.02773 89.6984  78.916 10.5856 14.1956 70.7669 1.10734 8198.98 6246.09 138.015 223.827 5021.67 89.4785 81.9792 11.9075 13.7522 73.4641 7028.45 894.613 1323.13 6305.11 851.248 1104.67 5600.48 129.266 762.028 991.462
particle:2 position: 0.57072 0.543539 0.311489 0.551724 0.551671 0.196569 cost:1.13884e+08
XtPSO.mVec:26.9696 3.06458 52.9742 110.005 1.03939 83.9231 751.237 9.95841 2809.98 12134.8 1.08873 7052.34 79.3586 1424.97 2979.26 27.8411 2257.68 163.056 334.817  3.2215 258.252 5817.17 55.2318 4451.61 113.816 9215.85 87.4979
particle:1 position: 0.53502 0.423191 0.187765 0.416753 0.535039 0.171153 cost:1.89926e+07
XtPSO.mVec:2.74611  47.704 77.1976 44.0949 3.99198 80.9706  13.674 2778.55 5969.17 2337.36 21.2085 6563.72 88.0237 214.157 160.845 7.93707 223.032 3633.57 1673.72 235.326 3843.37  3436.4   303.5  6257.9 137.306 3574.95 321.747
particle:2 position:0.566856 0.532871 0.318522 0.556809 0.545609 0.187099 cost:1.41123e+08
XtPSO.mVec: 30.6045  2.49294  49.3393  114.144 0.972183  83.9903  959.867  6.44417  2437.58    13060 0.951792  7063.68  74.1038  1506.86  3503.76  29.6018  2565.17  123.438   283.17  2.44422  210.122   5622.7  48.1084  4149.49  110.524  9571.55  81.8948
particle:1 position:0.534457 0.438699 0.187722 0.417992 0.534058 0.170041 cost:1.6489e+07
XtPSO.mVec:2.93782 46.2615 77.0059  45.561 3.82402 81.1385  15.576 2641.29 5939.16 2476.42 19.4502 6590.87 90.1132 228.212 176.698 8.13324 238.934 3516.42 1674.45 219.818 3736.38  3538.5 290.245 6255.06 136.775 3699.62 309.053
particle:2 position:0.575355 0.529557 0.290683 0.557063 0.545306 0.208226 cost:6.73608e+07
XtPSO.mVec:19.6812 4.97473 60.2626 100.901 1.13393 83.8286 415.349 35.6035 3636.94 10236.5 1.30667 7036.32 85.8603 1179.44 2010.72 21.8969 1643.33 303.153 485.248 5.98702 419.769 6065.14 68.6133 5058.53 113.396 8439.81 95.3981
particle:1 position:0.556982 0.419928  0.20543 0.411541 0.534009 0.170804 cost:4.53292e+06
XtPSO.mVec:7.45079 21.3332 72.4929 73.3456 2.16728 82.7952  86.458 784.592 5263.45 5762.73 5.67402 6862.72  81.053 530.625 636.647 12.8544 613.439 1555.37 1224.88 62.3518 1770.49 5293.94 157.503 6008.57 141.857 6054.31 180.014
particle:2 position:0.562904 0.522779 0.276922 0.561881 0.539563 0.204157 cost:5.52733e+07
XtPSO.mVec: 17.699  6.1392 62.2448 97.7714 1.15086 83.8117 344.339 64.0017 3880.75 9639.25 1.36211  7033.4 88.3326 1093.04 1765.81 19.7433 1476.64 388.328 564.276 7.86624 518.423 6066.21 71.9924    5224 110.939 8174.37 96.8316
particle:1 position:0.573291 0.402329 0.198485 0.416137 0.528831 0.168607 cost:1.1529e+06
XtPSO.mVec:5.76873 26.6784  74.175 66.5663 2.41529 82.5472 57.5191  1123.4 5509.56 4863.32  7.3516 6821.51  77.439 422.041 467.871 10.4727 473.988 1975.75 1369.71  86.706 2203.21 4927.37 178.826 6129.08  138.42 5480.29 199.781
particle:2 position:0.556167  0.51315 0.275434 0.566458 0.534107 0.200292 cost:6.04718e+07
XtPSO.mVec:18.5755 5.59138 61.3683 99.1543 1.10945 83.8531 375.407 50.4154 3772.12 9901.05 1.25888  7040.4 86.9246 1131.82 1873.27 20.0812 1550.91 348.265  527.09  6.7751 472.253 6066.82 68.4043 5152.98 108.716 8294.91  93.383
particle:1 position:0.569298 0.398722  0.19645 0.428001 0.523912 0.166519 cost:1.08737e+06
XtPSO.mVec:5.73313 26.8366 74.2106 66.2995 2.34226 82.6203 57.1261 1134.04 5514.89 4830.47 6.94992 6833.61 77.2783 419.574 464.171 10.0561  471.41 1988.24 1370.72 84.7227 2218.65 4910.12 173.473 6137.43 133.349 5462.66 193.933
particle:2 position:0.559094 0.512668 0.284423 0.566687 0.533834 0.200099 cost:7.35622e+07
XtPSO.mVec:20.7345 4.54711 59.2092 102.318 1.07018 83.8923 457.432 28.2454 3510.86 10518.9 1.16083 7047.07 84.3636 1221.43 2143.83 21.8378 1733.03  271.97 452.781 5.10133 383.837 6043.72  63.612 4973.89 108.653 8565.56 90.0948
particle:1 position:0.565505 0.391588 0.217913 0.439273 0.519238 0.164536 cost:4.32826e+07
XtPSO.mVec:15.0159 7.26044 64.9278  94.234 1.41773 83.5448 267.768 122.258 4225.52 9023.69 2.11315 6988.44 69.6617 958.938 1476.68 19.9548 1247.62 485.316  596.71  12.626 611.535 6087.29 92.7135 5432.08 130.064 7851.43 118.936
particle:2 position: 0.55924 0.512644 0.302434 0.566699 0.524863 0.201033 cost:9.44798e+07
XtPSO.mVec:24.0997 3.58243 55.8441 106.592 1.01423 83.9483 605.574 14.5716 3122.76 11399.6 1.03784 7056.55 81.3772 1341.41 2583.98 24.2178 2017.11 201.235 377.545 3.70137 302.213 5941.01 56.8267 4694.22 107.531 8931.36 85.4184
particle:1 position:0.570847 0.394938  0.19559 0.439836 0.519005 0.164437 cost:1.50159e+06
XtPSO.mVec:6.08723 25.3144 73.8565 68.0204 2.18677 82.7758 63.4523 1037.14 5462.71 5054.98 6.02532 6859.42 76.0772 442.497 501.152 10.0608 501.198 1869.93 1325.67 75.0682 2098.27 5009.79 161.368 6119.74 128.686 5613.78 181.488
particle:2 position:0.559247 0.500007 0.272241 0.574051 0.533372 0.200136 cost:5.62815e+07
XtPSO.mVec:17.8125 5.94178 62.1312 98.0399  1.1084 83.8541 348.795 61.1401 3866.73  9691.5 1.26327 7040.55 85.6905 1097.82 1781.82 19.1391 1486.86 375.424 547.068 7.34701  502.05  6071.6 69.2129 5217.15  107.15 8201.05 93.3055
particle:1 position:0.565582 0.395106  0.18889 0.439864 0.518993 0.159188 cost:973855
XtPSO.mVec:5.62214 27.0645 74.3216 65.8727 2.25438 82.7081 55.7342 1143.18 5531.42 4770.09 6.43057 6848.18 76.4142 412.001 453.553 9.47859 462.701 2007.22 1377.77 81.8577 2240.53 4886.76 167.161 6153.03 127.589 5432.57 186.905
particle:2 position:0.559248 0.512011 0.270732 0.567067 0.533798 0.200091 cost:5.38514e+07
XtPSO.mVec:17.4456 6.27508 62.4982 97.3629 1.13166 83.8309 336.379 69.4041 3912.63 9565.38  1.3208 7036.62 87.3613 1081.07 1736.35 19.0812 1455.67 399.083 570.429 7.99481  530.12 6064.41 71.0956 5246.52 108.497 8141.73 95.2427
particle:1 position:0.561975  0.39186 0.187334 0.450542 0.503044  0.19457 cost:1.1679e+08
XtPSO.mVec:1.08332 80.2031 78.8604 15.6187 9.67778 75.2848 1.33252 6682.88 6236.47 333.407 112.736 5680.44 81.2702 86.6802 20.2782 9.30888 82.4727 6264.31 1115.22  835.99 5991.27 1260.01 748.974 5951.61 116.623 1195.29 717.623
particle:2 position:0.555957  0.50292 0.265084 0.571385  0.52863 0.196429 cost:5.23257e+07
XtPSO.mVec:17.1792 6.43918 62.7646 96.9172 1.11646 83.8461 328.128 75.6598 3946.29 9485.22 1.28966 7039.16 86.5726 1068.37 1705.36 18.4789 1433.54 411.815 578.446 8.18783 544.178 6061.26 70.4569 5269.89 106.401 8105.56  93.986
particle:1 position:0.546044 0.374628  0.21204 0.451076 0.513768 0.150414 cost:6.8712e+07
XtPSO.mVec:19.3226 4.33825 60.6212 101.277 1.23176 83.7308 412.092 38.6294 3683.18 10332.1 1.54818 7019.85  64.855 1157.94 1995.74 23.1207 1610.95 270.118 410.085 5.95212 366.053  6117.1 75.0874 5083.21 123.297 8460.86 103.515
particle:2 position:0.552831 0.494283 0.285646 0.575487 0.523721 0.192951 cost:8.86176e+07
XtPSO.mVec: 23.1345  3.72294  56.8093   105.47 0.997248  83.9653  560.894  16.6998  3231.76  11164.1  1.00425   7059.4  80.1171  1309.25   2456.9  22.8241  1936.33  213.023  386.741  3.80781  314.256  5979.35  56.8496  4776.37  104.565  8838.57   84.011
particle:1 position:0.560998 0.390836 0.188492 0.451103 0.514304 0.157133 cost:1.58476e+06
XtPSO.mVec:6.15589 24.9463 73.7879 68.3478 2.07742 82.8851 65.0432 1006.99  5452.7 5091.23 5.40204 6877.61  75.839 446.707 508.116 9.71511 507.394 1841.69 1318.84  69.947 2071.48 5028.58 153.192 6122.07 123.432 5647.38 172.705
particle:2 position:0.552675 0.493851 0.260748 0.575692 0.523475 0.192777 cost:5.28554e+07
XtPSO.mVec:17.2577 6.35296  62.686 97.0589 1.09336 83.8692 331.337 74.5266 3936.57 9513.14 1.23678 7043.05 85.4475 1071.63 1715.91  18.176 1440.49 406.069 570.886 7.92305 537.071  6062.2 68.9182 5264.78 104.351 8119.66 92.0674
particle:1 position:0.561746 0.391646 0.201951 0.451104 0.526809 0.157469 cost:2.41143e+07
XtPSO.mVec:11.6736  11.477 68.2701 86.7956 1.53826 83.4243 180.667 287.139 4671.94 7776.17 2.61016 6968.02 71.7108 779.274 1098.62 15.8779 967.674 802.897 816.457 23.1704 964.037 5887.99 105.834 5702.98 126.577  7218.3 128.897
particle:2 position:0.540788 0.489048 0.283392 0.575702 0.523463 0.226866 cost:2.17258e+07
XtPSO.mVec:11.9444 12.8013 67.9994 85.5595 1.35571 83.6068 175.925 324.412 4631.61 7558.29 2.11969 6998.59 96.9661 801.813    1094 14.4104 992.486 884.902 913.929  23.215 1077.88 5788.64 92.7902 5692.68 108.979 7129.83 113.859
particle:1 position:0.561783 0.379531 0.187987 0.446215 0.507179 0.157486 cost:1.181e+06
XtPSO.mVec:5.83415 25.9641 74.1096 67.0638 2.13303 82.8295 59.7455 1074.62 5500.18 4925.93 5.74409 6868.35 74.5188 425.617 476.866 9.34376 480.644 1922.45 1342.75 74.7376 2153.72 4958.27 157.831 6144.55 123.446 5538.03 177.164
particle:2 position:0.517007 0.490018 0.277604 0.579589  0.50407 0.221865 cost:2.06731e+07
XtPSO.mVec:11.9181 13.3113 68.0256 84.9838 1.31622 83.6463 175.761 344.046  4635.3 7468.38 2.01182  7005.2 100.817 800.048 1087.09 13.8993 990.749  920.57 942.693 23.4565 1121.35 5750.94 90.1347 5697.59 104.779 7084.71 110.604
particle:1 position:0.561785 0.391081 0.211928  0.45086 0.513975 0.160782 cost:3.89519e+07
XtPSO.mVec:14.3213 8.03362 65.6225 92.7409  1.3925   83.57 249.113  150.14 4316.88 8765.83  2.0585 6992.63 70.0749 922.584 1396.58 18.4769 1189.96  543.03 639.249 13.9982  676.82 6052.13 92.0796 5491.85 125.091 7728.49 116.869
particle:2 position:0.515828 0.482026 0.271613 0.583281 0.500388 0.217115 cost:2.00383e+07
XtPSO.mVec: 11.777 13.4977 68.1667 84.6418 1.30169 83.6608 173.014 355.994 4654.72 7418.79 1.97876 7007.64  99.394 791.712  1073.2 13.5126  979.11  935.72 946.349 23.6806 1137.25 5738.83 89.3336 5710.41 102.925 7057.18 109.405
particle:1 position:0.561788 0.410173 0.180794 0.451093 0.514314 0.184243 cost:1.0304e+08
XtPSO.mVec:1.17221   76.85 78.7715 18.0174  8.6344 76.3281 1.62011 6188.39 6221.96 441.127 91.6224 5837.72 82.8524 93.7915 25.8117 8.80284 90.4501 5990.72 1215.97 723.665 5820.42 1451.31 666.915  6026.2 118.268 1395.09 649.543
particle:2 position:0.514711 0.474434  0.26592 0.559254 0.496891 0.206716 cost:3.13528e+07
XtPSO.mVec:13.7536 10.2167 66.1901 89.8193 1.22158 83.7409 224.464 207.506 4389.09 8245.91 1.63387 7021.27 95.0133 898.803 1298.62 15.4802 1145.07 689.821 795.094 15.7798 862.393 5916.27 81.4085 5550.41 105.366 7498.44 102.761
particle:1 position:0.561788 0.392614 0.186929 0.457685 0.514331 0.196347 cost:1.25502e+08
XtPSO.mVec:1.04715 82.2267 78.8966 14.2499 10.3687 74.5939 1.21478 6988.43 6242.44 275.347 127.503 5577.29 81.3852 83.7532 17.5518 9.77766 78.9773 6428.86 1055.18 910.841 6087.05  1149.9 803.379 5900.24 115.874 1081.34 761.816
particle:2 position:0.514655 0.487185 0.283568 0.585587 0.496716 0.215978 cost:4.0646e+07
XtPSO.mVec: 15.434 8.37301 64.5097  93.245 1.12324 83.8393 270.876 130.521 4168.53 8820.18 1.33827 7037.93 96.4794 985.879 1488.09 16.4253 1287.18 549.945 705.493 11.2166 707.689 5991.13 72.8922 5415.87 102.043 7795.61 94.5788
particle:1 position:0.574837 0.391736 0.202654 0.443385 0.514332 0.159432 cost:2.09851e+07
XtPSO.mVec:11.0273 12.3837 68.9164 85.2827 1.57841 83.3841 165.011 329.842 4760.44 7536.45 2.78324 6961.25 70.8463 742.854 1028.48 15.1808  913.54  872.78 855.384 25.9836 1039.31  5840.1 109.594 5754.05 126.744 7088.69 132.195
particle:2 position:0.514653 0.474692 0.266518 0.586904 0.510022 0.212547 cost:2.06091e+07
XtPSO.mVec:11.8522 13.2697 68.0915 84.9394  1.2961 83.6664 175.392 346.602 4644.63  7466.6 1.95183 7008.58 97.8544 795.568 1083.36 13.5624 985.416 919.451  934.07 23.1226  1118.2 5752.29 88.8613 5704.53 103.019 7082.56 108.944
particle:1 position:0.562441 0.412749 0.188022  0.43917 0.514332 0.159399 cost:897684
XtPSO.mVec:5.28832 28.9697 74.6554 63.7198 2.34045 82.6221 49.8004 1266.52 5580.93 4496.51 7.00417 6833.89 79.4344 390.215  416.61 9.16914  434.99 2154.35 1429.69 90.3554 2394.52 4752.44 174.087 6174.12 126.823 5250.25 193.763
particle:2 position:0.517334 0.474068 0.265666  0.58697 0.488639 0.231104 cost:1.66034e+06
XtPSO.mVec:5.98484 31.6436 73.9589 61.5266 2.12469 82.8378  56.761 1521.19 5476.93 4322.27 6.82328 6869.75 105.579 438.734 457.539 8.87878 493.694 2336.48 1434.95  97.083 2620.32 4540.82 156.473 6133.32 101.605 5083.34 175.925
particle:1 position: 0.55838 0.408621 0.186509 0.449884 0.510138 0.157774 cost:882330
XtPSO.mVec:5.27709 29.0131 74.6666 63.5996 2.27488 82.6877  49.753 1269.53 5582.64  4482.5  6.6437 6844.77 79.2649 389.384 415.443 8.87329 434.346 2157.89 1428.08 88.0818 2400.45 4744.21 169.219 6179.93 122.831 5244.04 188.507
particle:2 position:0.516142 0.466874 0.260271 0.590293 0.485729 0.225894 cost:1.57826e+06
XtPSO.mVec:5.98709 31.3926 73.9566 61.7335 2.07824 82.8843 57.1238 1501.89 5476.66 4346.17 6.52121 6877.46 104.006 438.689  459.34 8.68887 494.064 2318.18 1428.55 94.2462 2601.59 4555.61 153.061 6136.56 99.9502 5102.74 172.221
particle:1 position:0.551142    0.415 0.185072 0.460061 0.523824  0.15623 cost:889324
XtPSO.mVec:5.32949  29.001 74.6143 63.6481 2.25885 82.7037 50.3571 1263.77 5574.76 4484.48  6.5299 6847.42 80.9137 393.019 418.854 8.93707 438.744 2155.69 1433.28 87.1498 2400.15 4744.35 167.927 6176.76  122.32 5248.86 187.235
particle:2 position:0.508311 0.451944 0.255146 0.576883 0.507087 0.238702 cost:3.18866e+07
XtPSO.mVec:2.87537 54.2635 77.0684 37.8037 4.13104 80.8315 14.3529 3545.13 5949.36 1900.45 25.5761 6542.37 107.127 223.723 153.932 7.99601 233.657 4132.44 1535.78 285.383 4355.39 2944.62 312.479 6238.24 104.536 3069.19 330.239
particle:1 position:0.576456 0.405019    0.185 0.466896 0.506837 0.156153 cost:826121
XtPSO.mVec:5.21607 28.8336 74.7277  63.627 2.18381 82.7787 49.4197 1262.95  5591.9 4491.08 6.16594 6859.88 76.1722 384.918 412.422 8.35804 429.667 2146.26 1413.11 84.5237 2388.78 4749.97 162.555 6191.79 117.612 5251.49 181.187
particle:2 position:0.514618 0.459294  0.25489   0.5983 0.483776 0.221585 cost:1.84079e+06
XtPSO.mVec:5.75848 32.3283 74.1853 60.5824 2.09143 82.8711 53.7772 1573.51 5510.58 4212.07  6.6639 6875.27 102.764 423.403   437.6 8.31511  475.18 2392.76 1439.76 97.4339 2678.21 4486.31 154.369  6154.5 97.7308 5007.06 173.244
particle:1 position:0.572308 0.401278 0.183639 0.463638 0.487628  0.15469 cost:811853
XtPSO.mVec:5.21678 28.8134  74.727 63.5983 2.13413 82.8284 49.5294 1261.02 5591.82 4487.54 5.90139 6868.14 76.0524 384.904 412.465 8.16156 429.931 2144.79 1411.33 82.6017  2388.9 4747.71  158.85 6195.43 114.816 5251.89 177.192
particle:2 position: 0.51319 0.459661 0.254877 0.580897 0.482867 0.220729 cost:1.4822e+06
XtPSO.mVec:6.00803 31.0415 73.9357 62.0893 2.06206 82.9005 57.7039 1472.28  5473.6 4384.13 6.35604 6880.14 102.748 439.929 462.817 8.69446 495.828 2291.93 1424.79  92.167 2573.47 4580.26  151.86 6135.99 100.442 5132.79 170.963
particle:1 position:0.568367 0.397724 0.182345 0.473128  0.47244 0.153301 cost:806460
XtPSO.mVec: 5.1843 28.9928 74.7594 63.3086 2.05631 82.9062 49.1493 1274.18 5596.71 4453.99 5.52257 6881.08 75.9719 382.649 409.028 7.77971 427.582 2158.87 1411.35 80.2942  2406.5 4728.37 153.088 6203.92 109.713 5232.31 170.912
particle:2 position:0.512205 0.453188 0.250021 0.574044 0.480246 0.216037 cost:1.39108e+06
XtPSO.mVec:6.03034 30.6628 73.9134 62.4685 2.04025 82.9223 58.3351 1441.87 5470.35  4426.1 6.16941 6883.76  101.27 441.239 466.647 8.67045 497.731 2263.67 1419.05 89.8797 2543.22 4606.47 150.242 6135.73 100.612 5165.13 169.247
POSMAT:
 0.767973  0.317432   0.64403  0.428605  0.555443  0.583546
 0.568367  0.397724  0.182345  0.473128   0.47244  0.153301
 0.512205  0.453188  0.250021  0.574044  0.480246  0.216037
  0.52122    0.3982  0.267543    0.5737  0.461556  0.221988
 0.598233  0.472104  0.284294  0.596478  0.515396   0.23431
 0.484283  0.468681  0.387966  0.489253  0.498749  0.350015
 0.676764  0.677081  0.355149  0.405614  0.392562  0.314367
  0.48063  0.370858  0.243246  0.524577  0.435795  0.260841
 0.501404  0.429644  0.307986  0.531298  0.470649  0.288005
 0.570834  0.441671  0.290215  0.432251  0.387278  0.255317
 0.499884  0.432926  0.337623  0.502084  0.395558  0.329696
 0.492834  0.329898   0.15478  0.662381  0.430481  0.168026
 0.507702    0.4107  0.325977  0.559954  0.481787  0.281082
  0.51641  0.394515  0.249779  0.606569  0.370727  0.265701
 0.472735  0.531596  0.307773  0.552406   0.43835  0.265646
 0.624703  0.539056   0.44394  0.675154  0.281991  0.385936
  0.54197  0.454386  0.254041  0.524924  0.446331  0.217938
 0.456449  0.394539  0.292688  0.593284   0.53455  0.254392
 0.610059  0.428441   0.30082  0.530172  0.380976   0.26282
 0.451785   0.37832  0.419025  0.538341  0.349115  0.364937
 0.541061   0.33868  0.261667  0.602903  0.368967  0.220605
 0.586941  0.489215  0.333163  0.601866  0.450284  0.234253
 0.371801  0.462049  0.442128   0.51267  0.464889  0.379748
 0.481696  0.397667  0.244072  0.553403  0.528046  0.210548
 0.581032  0.535467  0.416988   0.36037  0.413492  0.374655
  0.45207  0.421392  0.310559  0.487064  0.365339  0.268503
 0.550956  0.519446  0.252471  0.518753  0.435178  0.215489
 0.498673  0.465491  0.313999  0.534582  0.509185  0.291676
 0.592678  0.507129  0.341469  0.548498  0.467709  0.300754
 0.467821  0.411725  0.283706  0.715954  0.420261  0.274728
 0.582913  0.506044  0.455817  0.593661  0.429913  0.394587
 0.523553  0.415695  0.324048  0.591224   0.37507  0.251793
 0.919432  0.453562  0.219214 0.0426056  0.746043  0.646881
 0.368255  0.438345  0.304872  0.360444  0.574521  0.323216
 0.460811  0.444744  0.245341   0.54331  0.458533  0.210335
 0.496662   0.41681  0.244992  0.582772  0.504675  0.247201
 0.559834  0.442417   0.30576  0.590471  0.417144  0.327641
 0.516602  0.460749  0.296295  0.495389  0.357249   0.25923
 0.612788  0.552841  0.396478  0.637086  0.275097  0.345118
 0.551608  0.385142  0.537185  0.426328  0.582748   0.44813
 0.520915   0.48813  0.296508  0.623598   0.49049  0.313476
 0.588707  0.380812  0.473448  0.552788  0.487462  0.415615
 0.542964   0.31673  0.395537  0.422614  0.442461  0.360024
  0.41457  0.506647  0.264673  0.554413  0.360669  0.224402
 0.420975  0.260397  0.415804  0.637456  0.440756  0.368034
 0.453083  0.407136   0.39451  0.420763  0.507094  0.341189
 0.508622  0.421735  0.363855  0.556879  0.449556  0.317012
 0.469781   0.40268  0.226284  0.399378  0.478414  0.194942
 0.481649  0.392678  0.280261  0.445291  0.450668  0.276629
 0.471949  0.436728  0.289349    0.5792  0.415429  0.267615
 0.486363  0.434423  0.332735  0.523444  0.404438   0.32196
  0.45617  0.422756  0.231651  0.591889  0.425803  0.265239
 0.574699  0.456768  0.301694  0.599435  0.490942  0.261633
 0.493817  0.382015  0.308618  0.599047   0.45965  0.293177
 0.573974  0.523764  0.221707  0.538679   0.49771  0.186431
 0.503414  0.559077  0.357977   0.52224  0.336936  0.310049
 0.482657  0.412402  0.290145  0.580564  0.483211  0.238481
 0.512616  0.406334  0.300948  0.600832  0.362783  0.237001
  0.58774  0.400971  0.309952  0.516008  0.420603  0.299113
 0.591051  0.683082  0.599285  0.636749  0.401751  0.507603
 0.491776  0.425743  0.525064  0.591121   0.42158  0.462211
 0.575237  0.428739  0.318701  0.577815  0.471493  0.270206
 0.483901  0.399243  0.316923  0.620984  0.431881    0.2752
 0.376877  0.436205  0.490556  0.277038  0.657167  0.445249
 0.541923  0.411162  0.247524  0.640068  0.479285  0.258763
 0.482353  0.395771  0.308929  0.574711  0.461697  0.278089
 0.444657  0.387653  0.319084  0.628651  0.465021  0.310211
 0.481578   0.42379  0.273868    0.5653   0.43671  0.254365
 0.445993  0.396376  0.294011   0.57055  0.419349  0.258604
 0.497945  0.437193  0.368618  0.572031  0.448517  0.320035
 0.522414  0.356279  0.268839  0.571987  0.412526  0.234177
 0.574492  0.401338  0.260434  0.622269  0.486369  0.228919
 0.523603  0.447657  0.212061  0.505152  0.518177  0.179459
 0.640875  0.400733  0.330711  0.586923  0.383825  0.296163
 0.595254  0.433042  0.211627  0.505554  0.428802  0.214835
 0.453664  0.393916  0.265226  0.549482  0.388243  0.223627
 0.473508  0.324104  0.302212  0.597026  0.445285   0.31086
 0.291006  0.451909  0.518454  0.525552  0.339483  0.421435
 0.505922   0.43575  0.287829  0.560219  0.439085   0.23476
 0.590027  0.473902  0.212289  0.501695   0.47591  0.168465
 0.559974  0.390712  0.264398  0.537878  0.474371  0.226226
 0.614904  0.365531  0.353782  0.360948  0.327501  0.317445
 0.397749  0.514699  0.452114  0.494357  0.397169  0.389043
  0.51905  0.459578  0.282308  0.533956  0.363264  0.264821
 0.427889  0.515813  0.343084  0.492147  0.391947  0.309336
 0.599182  0.435283  0.253365  0.576508  0.398236  0.212087
 0.530522  0.480991  0.255289  0.531207  0.520794  0.225553
 0.347571  0.549885  0.363262  0.695797  0.519201  0.306447
 0.508394  0.473434  0.246565  0.530575  0.412087  0.218876
 0.576655  0.459666  0.239921  0.418511   0.40151  0.210925
 0.555717  0.383323  0.283967  0.548072  0.465457  0.243165
 0.430962  0.598489  0.373381  0.562053    0.4902  0.321804
 0.576307  0.584365  0.300451  0.646041  0.490192  0.258169
 0.646564  0.594286  0.258207  0.530016  0.473351   0.22401
 0.682271  0.656758  0.524296  0.659053  0.588997  0.462744
 0.585361  0.550205  0.458146  0.454072  0.309988  0.401926
 0.493172  0.407635  0.278039  0.564022  0.482341  0.240194
 0.560214   0.42881  0.253816  0.552594  0.465577  0.254305
 0.568438   0.41526  0.357668  0.545338  0.524796  0.313314
 0.564499  0.419927  0.246685  0.599149  0.440115  0.213672
 0.451577  0.391822  0.395578  0.593003  0.317653  0.341559
  0.63745  0.457713  0.447094  0.550257  0.506533  0.405117
 0.430447  0.384851  0.211197  0.628672  0.441556  0.264655
 0.536574  0.373279  0.288121  0.588606  0.499543   0.21811
 0.485038  0.404842  0.308058  0.503838  0.527931  0.294444
 0.655002  0.514177  0.314804  0.610599  0.451629    0.2743
 0.516622  0.443453  0.376227  0.448507   0.50521  0.350735
  0.53578  0.385489  0.340634  0.536646  0.464743  0.320033
 0.624009  0.647472  0.572078  0.625132  0.295844  0.495366
 0.536191  0.371093  0.379517  0.565313  0.395776  0.327726
  0.53277   0.41913  0.354243  0.565109  0.407096  0.316179
 0.516763  0.482035  0.281406  0.585973  0.392064  0.209058
   0.4424   0.40858  0.314193  0.409392  0.495382  0.287737
 0.443848  0.439956  0.228984  0.620188  0.414538  0.237604
 0.495705  0.436139  0.314953  0.653379  0.432057  0.275502
 0.474197  0.442918  0.258629  0.591836  0.392738   0.23908
 0.537164  0.380451  0.374437   0.60824  0.354918  0.349989
 0.357876  0.466585  0.398505  0.495309  0.480524  0.346906
 0.572383  0.444151  0.238152  0.477971  0.335854  0.221311
  0.50911  0.415568  0.288001  0.518473  0.405838   0.25097
 0.475378  0.511022  0.334961  0.608845  0.451087  0.275704
 0.504136  0.457791  0.323013  0.457604  0.432814  0.261519
 0.506222  0.413563  0.358473  0.500785  0.507236  0.322347
 0.541156  0.398586  0.361057  0.631846  0.507659  0.319415
 0.534881  0.416846  0.267971  0.556984  0.448222  0.301046
 0.425653  0.580369  0.363094  0.519907  0.404112  0.332579
 0.481047   0.48277  0.307514   0.56531  0.436563   0.27096
 0.468038  0.367801  0.265481   0.62803  0.349567  0.257726
 0.488778  0.415529   0.29619  0.482207  0.378777  0.270979
 0.518821   0.40466  0.336744  0.543345  0.439617  0.256461
 0.517672  0.382659  0.301372  0.585578   0.44411  0.255807
 0.530734  0.442463  0.307527  0.500393  0.402658  0.264494
 0.355342  0.513669  0.416622  0.574475  0.458452  0.355532
 0.670334  0.500258  0.320728  0.557355   0.42576   0.28148
 0.615702  0.528296  0.269079  0.445194  0.411968  0.214878
 0.437353  0.413549  0.369754  0.443264  0.447123  0.309729
 0.454776  0.559223  0.492124  0.469952  0.471791  0.424121
 0.543723  0.377641  0.312408  0.589033  0.422138  0.272467
  0.49028  0.643972  0.405951  0.578237  0.535863  0.350474
 0.500736  0.468458  0.349775  0.465964  0.465819   0.30543
  0.40071  0.526626  0.310498  0.552511  0.463667   0.26681
 0.760034  0.682964  0.217661   0.35333  0.443244  0.189519
 0.540053   0.39884   0.41378  0.546498  0.466366  0.343055
 0.484264  0.378182  0.476628  0.346474  0.370433  0.440407
 0.511192  0.502372  0.276883   0.52822  0.492854   0.29456
 0.457217  0.417485   0.31523   0.50604  0.424387  0.277997
 0.539821  0.442495  0.281261  0.529551  0.407184  0.224468
  0.53393  0.383955  0.276781  0.553863  0.408339  0.241736
 0.574318  0.433209  0.230645   0.46611  0.445466   0.19632
  0.42506  0.459545  0.338337  0.455388  0.549287  0.304259
 0.464523  0.452804  0.285213  0.600269  0.385329  0.280911
 0.561201  0.429388  0.331606  0.519421  0.473425  0.268391
 0.545675  0.453032  0.239522  0.567026  0.445847  0.198141
  0.57402  0.448274  0.319732  0.604114  0.416429  0.282735
 0.590511  0.493392  0.274085  0.409644  0.358376  0.234497
 0.484892  0.551568  0.229311  0.445226  0.436215  0.194929
 0.562545  0.344344  0.316161  0.588342  0.412899   0.28675
 0.581503  0.507873   0.29353  0.548193  0.496732  0.251737
 0.511885  0.436857  0.235173  0.593693  0.431909  0.245775
 0.382917  0.499398  0.454537  0.402073  0.325893  0.402228
 0.580236  0.381823  0.480395  0.517729  0.359832  0.425788
 0.522871  0.407313  0.291937  0.446763  0.449901  0.267166
  0.44727  0.437663  0.328122  0.527458  0.462605  0.275231
   0.5604  0.411714  0.276349  0.545452  0.400148  0.243352
 0.589015  0.484221  0.268979  0.411609  0.488936  0.234919
 0.689444  0.384359  0.480021  0.342508  0.382607  0.437333
 0.526042  0.479535   0.27272  0.357394  0.311459  0.214482
 0.475683  0.457528  0.243395  0.576752   0.45458  0.218566
 0.562883  0.435315   0.22902  0.556778  0.470261  0.198496
 0.603883  0.433933  0.220794  0.459929  0.475036  0.190948
 0.459909  0.424075  0.285778  0.627244  0.473905  0.222761
 0.568759  0.331017  0.358568  0.557836  0.364896  0.315101
 0.548927  0.536726  0.298107  0.458294  0.469603  0.299819
 0.465503  0.437491  0.269181  0.599499  0.447744  0.244564
 0.611986  0.442045  0.237722  0.580729  0.366006   0.20305
 0.429289  0.512196  0.386029  0.589342  0.421215  0.344241
  0.54904  0.489141  0.305532   0.48655  0.396026  0.284565
 0.475648  0.525856  0.234856  0.458766  0.376912  0.203646
 0.646026  0.556921  0.416794  0.421239  0.477666  0.375705
 0.537808  0.509629  0.287935  0.514837  0.416634  0.228492
 0.636895  0.344017  0.252524  0.622025  0.423427  0.220631
 0.545476    0.4722  0.334476  0.513897  0.414451  0.280125
 0.267114  0.601677  0.230208  0.605814  0.660535  0.190652
 0.484576  0.485909  0.285341  0.543154  0.394628  0.242687
 0.663241  0.482485  0.265782  0.330216  0.358957   0.21143
 0.539502  0.505941  0.270613  0.602361  0.431085  0.243741
 0.492018  0.389422  0.298449  0.542793  0.452244  0.265225
 0.538956  0.359249  0.285176  0.505508  0.442674  0.238119
 0.469459  0.524169  0.346661  0.551782  0.377984  0.299935
 0.559466  0.346961   0.27017   0.63371  0.407986  0.254485
 0.528623  0.472921  0.312656  0.395007   0.52636  0.256612
 0.530965  0.432926  0.335952  0.528337  0.421449  0.261654
 0.534385  0.526812  0.212485  0.542696  0.444011  0.181369
 0.419463  0.424692  0.306657  0.624743  0.349752  0.239643
 0.674946  0.412324  0.408547  0.574231  0.375462  0.363759
 0.470768  0.455577  0.288509  0.583587  0.374325  0.223449
 0.502859  0.496355  0.443245  0.589759  0.520187  0.385013
 0.473167  0.388992   0.31869  0.591453  0.400568    0.2891
 0.459464   0.37028  0.224359  0.442059  0.261762  0.190072
 0.371281  0.483731  0.195307  0.397957  0.365063  0.138291
 0.583529  0.583032  0.562266 0.0800731  0.559118  0.716333
 0.511471  0.422343  0.359104  0.573465  0.488041  0.311468
 0.429841  0.408724  0.294009  0.620083  0.460469  0.259076
 0.462836  0.393925  0.297295  0.517323  0.366868  0.260712
 0.444912  0.687906  0.221501  0.524496  0.523105  0.187007
 0.701943  0.441961  0.562289  0.287351  0.287062  0.516525
 0.462197  0.406116  0.273345  0.570053  0.449023  0.272791
 0.618061  0.434999   0.35558    0.4808  0.336997   0.30291
 0.379579  0.394008  0.433262   0.47433   0.40266  0.378733
 0.551979  0.421626  0.290388  0.492296  0.384382  0.280157
 0.469803  0.366046  0.357537  0.545954  0.480916  0.314045
 0.596823  0.630576  0.443725  0.505792  0.347567  0.388363
 0.501148  0.400648  0.264466  0.553194  0.452615  0.221964
 0.683765  0.659183   0.40481  0.388963  0.415034  0.360113
 0.651242  0.632395  0.477105  0.645164   0.46681  0.416304
 0.491479  0.344365   0.34084  0.527549  0.337651  0.280118
 0.592437  0.502865  0.397202  0.658069  0.407787  0.347545
 0.434384  0.446589  0.309874  0.567805  0.450166  0.288157
  0.56664  0.346165  0.177347  0.314851  0.570661   0.15438
 0.537708  0.423278  0.271283  0.521132  0.411577  0.237414
 0.541599    0.4255  0.295414  0.528693  0.446064  0.241556
 0.562562  0.370716  0.262726  0.564434  0.417311  0.217736
 0.480674  0.445432  0.250359  0.495303  0.391761  0.215418
 0.481234  0.410241  0.330732  0.547169  0.430625  0.332798
 0.506932  0.423623  0.303895  0.523052  0.469819  0.260151
 0.542775  0.570632  0.478797  0.571428  0.542571  0.418809
 0.620261  0.463047  0.353296  0.524406   0.41583  0.309139
 0.556453  0.400464  0.494743  0.630061  0.635103  0.421685
 0.502333   0.41497  0.286628  0.579831  0.508777  0.250831
 0.460323  0.573951  0.336105  0.563451  0.468633  0.290071
 0.633615   0.63237  0.438303 0.0891024  0.183164  0.678286
 0.504081  0.410205  0.429047  0.467079  0.496227  0.378811
 0.493052  0.427559  0.322491  0.542764  0.434941  0.268506
 0.547122  0.502801  0.324965  0.420143  0.478937  0.295192
 0.500327   0.38372  0.295678  0.618604  0.504034  0.257479
 0.469613  0.399969   0.21135  0.533576  0.409203  0.195706
 0.501634  0.414701  0.304245    0.5629  0.492579  0.255222
 0.473566  0.449305   0.23409  0.571367  0.375357  0.208019
 0.470517  0.423628  0.248859  0.565624  0.393189  0.248892
  0.45174   0.42651  0.268748  0.630994  0.453831  0.270034
 0.465611  0.602085  0.431344  0.589329  0.540626  0.374764
 0.541194  0.447844  0.207087  0.512501  0.503757  0.228142
 0.509376    0.5466  0.283088  0.582016  0.367445  0.243379
 0.465137  0.459189  0.276394  0.584032   0.39047  0.201776
 0.688328  0.433657  0.497401  0.616736   0.26844  0.456167
 0.461991  0.543113  0.310618  0.556149  0.364656  0.266901
 0.476378  0.540554  0.369338     0.433   0.31384  0.317065
 0.511445  0.479942  0.393376   0.37496  0.453356  0.388965
 0.611089  0.496036  0.235342  0.503016   0.43542  0.241842
 0.533635  0.437447  0.288419  0.457783  0.431104  0.238564
  0.47189  0.362887  0.263386  0.555006  0.438154  0.254448
 0.589594  0.378114  0.292881  0.622546  0.371905  0.255346
 0.630154  0.481152     0.264  0.556089  0.474406  0.215654
 0.580027  0.448364  0.291994  0.655472  0.452928   0.25572
 0.432148  0.596207  0.416289  0.554032  0.575048  0.371402
 0.617034  0.515899   0.58462  0.279505  0.384041  0.525796
  0.42902   0.36287  0.436886  0.461031   0.45748  0.410206
 0.528628   0.37715   0.23806  0.424081  0.501745  0.200575
 0.310735  0.581223  0.414689  0.643601  0.484528  0.346867
 0.577297  0.420905  0.336348  0.493785  0.417402  0.296862
 0.477657  0.413766  0.298161  0.514699  0.401309  0.245706
  0.56117  0.497134  0.365393  0.537638  0.346983  0.344426
 0.440456  0.548945  0.319701  0.428317  0.373694  0.275971
 0.412461  0.398072  0.296938  0.613468  0.482743  0.257428
 0.446072  0.416402  0.475375  0.487569  0.619009  0.403509
 0.525983  0.411379  0.275759  0.644886  0.340542  0.236407
 0.519759  0.414768  0.253858  0.573478  0.394512  0.241309
 0.385906  0.314817  0.395229  0.447173  0.314792  0.343126
 0.535056  0.432782  0.246894  0.586191  0.421973  0.211412
 0.597066   0.38348  0.280019  0.538641  0.431359  0.244763
 0.528396  0.462098  0.331439  0.643617  0.391445  0.258552
 0.542836   0.47001  0.445806  0.413176  0.459369  0.374472
   0.4962  0.469963   0.14968  0.341219  0.181435  0.118819
 0.624528  0.468516  0.267523  0.465697  0.518055  0.227398
 0.369472  0.498904  0.564738  0.183649  0.712638  0.595388
 0.396167  0.338955  0.262549  0.482116  0.615873  0.233782
 0.540899  0.375759  0.301926  0.565204  0.433188  0.274866
 0.533837  0.455271  0.320326  0.584504  0.406084  0.264799
 0.440589  0.431287  0.466255  0.550523  0.389324  0.384382
 0.411296  0.523647  0.428059  0.536209  0.354946   0.39219
 0.657449   0.51561  0.447258  0.107465  0.716434  0.698338
 0.509289  0.554342  0.189291  0.546374  0.420794  0.170101
 0.524855  0.450999  0.286082  0.469754  0.451265  0.248808
 0.578613  0.453434  0.240778  0.514099  0.350548  0.209607
 0.596284  0.421781  0.354101  0.593825  0.409956  0.305151
 0.531937  0.540071  0.328865   0.54246  0.452252  0.291874
 0.543032  0.399655  0.296224  0.628584  0.467891  0.309428
 0.586519  0.435286  0.336419  0.515941  0.545029  0.296143
 0.509588  0.379201  0.364168  0.613124  0.462851  0.323758
 0.504621  0.398572  0.385445  0.569182  0.523227  0.362087
 0.411358  0.384201  0.264549  0.569928  0.310281  0.211067
  0.47518  0.589703  0.407597  0.481238  0.465519  0.342351
 0.584875  0.440399  0.311968  0.607618  0.400286  0.257769
 0.585039  0.373788  0.263568  0.560396  0.425835  0.227792
 0.438394  0.369481  0.331957  0.453118  0.470222  0.331716
 0.626791  0.561615  0.257891  0.423226  0.291552  0.216439
 0.403957  0.478854  0.327902  0.506826  0.433553  0.283561
  0.57767  0.524216  0.374284  0.621741  0.490115    0.3208
 0.495865  0.392672  0.305678  0.531706  0.415335  0.267126
   0.5426  0.438513  0.301101   0.60037  0.419974  0.259043

PBMAT:
   0.783648    0.315676    0.656762    0.405109    0.562207    0.608915 1.89703e+06
   0.568367    0.397724    0.182345    0.473128     0.47244    0.153301      806460
   0.512205    0.453188    0.250021    0.574044    0.480246    0.216037 1.39108e+06
    0.52122      0.3982    0.267543      0.5737    0.461556    0.221988 8.05014e+06
   0.591983    0.454401    0.280364    0.573505     0.52965    0.240277 2.61396e+06
   0.483798     0.47597    0.400082    0.460581    0.502344    0.353021  1.8414e+06
   0.676764    0.677081    0.355149    0.405614    0.392562    0.314367 1.56377e+06
   0.479917    0.373111    0.247982    0.517436    0.434906    0.238354 5.29985e+07
   0.501552    0.435155    0.315346     0.52453    0.473695    0.293962 2.09944e+07
   0.570834    0.441671    0.290215    0.432251    0.387278    0.255317 1.33978e+06
   0.500239    0.437993    0.347614    0.493675    0.392788    0.306315 1.67382e+06
   0.493494    0.330198    0.157769    0.653438    0.430442      0.1269      573642
   0.507702      0.4107    0.325977    0.559954    0.481787    0.281082 2.45346e+06
    0.51641    0.394515    0.249779    0.606569    0.370727    0.265701 1.52777e+08
   0.472735    0.531596    0.307773    0.552406     0.43835    0.265646 1.69635e+06
   0.631992    0.550661    0.459838    0.676349    0.273743    0.400599 1.62672e+06
   0.544654    0.461267    0.258631    0.517896    0.457244    0.222982 1.29795e+06
   0.456449    0.394539    0.292688    0.593284     0.53455    0.254392 1.44872e+06
   0.610059    0.428441     0.30082    0.530172    0.380976     0.26282 1.22464e+06
    0.44959    0.380852    0.432776    0.532284    0.344834    0.377465 1.81308e+06
   0.541061     0.33868    0.261667    0.602903    0.368967    0.220605 3.42122e+06
   0.592119     0.50079    0.314973    0.622005    0.428417    0.240201 4.28886e+07
   0.371801    0.462049    0.442128     0.51267    0.464889    0.379748 2.80135e+06
   0.481696    0.397667    0.244072    0.553403    0.528046    0.210548 1.23902e+06
    0.58564    0.522966    0.430631     0.33263      0.4126    0.387694 1.84864e+06
   0.450578    0.427545    0.318353    0.477626    0.360088    0.276349  1.6063e+06
   0.550956    0.519446    0.252471    0.518753    0.435178    0.215489 1.55265e+06
   0.499025    0.497031    0.323103     0.52929    0.489478    0.276286  3.2629e+06
   0.592678    0.507129    0.341469    0.548498    0.467709    0.300754  1.4564e+06
   0.489412    0.415402    0.302669     0.71877    0.417673    0.260911 1.42502e+06
   0.618869    0.489546    0.456423    0.590416    0.434847    0.409609 2.52446e+06
   0.524307    0.420126     0.33212    0.588636     0.37275    0.258731 3.43788e+07
   0.981087    0.460683    0.221417  0.00858282    0.764919    0.676183 1.96228e+08
   0.368255    0.438345    0.304872    0.360444    0.574521    0.323216 1.11057e+08
   0.460811    0.444744    0.245341     0.54331    0.458533    0.210335 1.37195e+06
   0.496662     0.41681    0.244992    0.582772    0.504675    0.247201 9.90543e+07
   0.564875    0.455211    0.314353    0.590792    0.415012    0.307794 6.66847e+07
   0.516602    0.460749    0.296295    0.495389    0.357249     0.25923 1.66442e+06
   0.612788    0.552841    0.396478    0.637086    0.275097    0.345118 1.54061e+06
   0.554832    0.369918    0.544002    0.419332    0.587303    0.489401 2.02444e+06
   0.522847    0.474214     0.30489    0.631229    0.493816    0.297344 6.48327e+07
   0.619897    0.383623    0.462438    0.547392    0.480395    0.414748 1.52184e+06
    0.54502    0.315984    0.413792    0.409825    0.443127    0.372517 1.51497e+06
    0.41457    0.506647    0.264673    0.554413    0.360669    0.224402 1.72833e+06
    0.41719    0.252008    0.431698    0.616617    0.441349    0.380363   1.623e+06
   0.450956    0.411186    0.395275    0.415358    0.511129    0.352467 1.94763e+06
   0.524466    0.426601    0.374187     0.54471    0.450616    0.327646  1.6362e+06
   0.469781     0.40268    0.226284    0.399378    0.478414    0.194942 1.26271e+06
   0.481026    0.406366    0.301882    0.451433    0.455062    0.284509 2.55754e+07
   0.491765    0.436054    0.296274    0.575292    0.414639    0.266975  8.9671e+06
   0.466767    0.431732    0.342456    0.544916    0.402972    0.295705 1.94482e+06
    0.45617    0.422756    0.231651    0.591889    0.425803    0.265239 1.99975e+08
   0.569329    0.476698    0.272984    0.596435    0.486986    0.236681 1.26406e+06
   0.518994    0.353836    0.326548    0.597123      0.4586    0.282512 2.07587e+06
   0.578444    0.510362    0.225259    0.518266    0.497119    0.193782 1.23178e+06
   0.503414    0.559077    0.357977     0.52224    0.336936    0.310049 1.77369e+06
   0.481499    0.416956    0.280324    0.576673     0.48722    0.243186 1.38912e+06
   0.512813    0.391657      0.3076    0.585841    0.359243    0.253971 1.09169e+07
    0.58774    0.400971    0.309952    0.516008    0.420603    0.299113 4.48705e+07
   0.625012     0.69516    0.607155    0.635895    0.387451    0.528754 2.06937e+06
   0.491776    0.425743    0.525064    0.591121     0.42158    0.462211  1.8756e+06
   0.575237    0.428739    0.318701    0.577815    0.471493    0.270206 5.84813e+06
   0.483901    0.399243    0.316923    0.620984    0.431881      0.2752 1.44187e+06
   0.376877    0.436205    0.490556    0.277038    0.657167    0.445249 3.44531e+06
   0.544145    0.398793    0.252248    0.639364    0.481856      0.2564 1.08531e+08
   0.481734    0.399413    0.317326    0.555219    0.463481    0.273066   2.329e+06
   0.425662    0.391143    0.326574    0.624232     0.46652    0.284532 1.72534e+06
   0.457913    0.443008    0.275718    0.560444    0.442736    0.255567 2.63235e+07
   0.445993    0.396376    0.294011     0.57055    0.419349    0.258604 2.78465e+06
   0.483244    0.443323     0.37888      0.5678    0.449543    0.330714  1.6903e+06
   0.522414    0.356279    0.268839    0.571987    0.412526    0.234177  1.3009e+06
   0.579014    0.405334    0.232261    0.617687    0.489479    0.198413 1.05186e+06
   0.523603    0.447657    0.212061    0.505152    0.518177    0.179459 1.23229e+06
   0.640875    0.400733    0.330711    0.586923    0.383825    0.296163 3.02775e+06
   0.595654     0.45909    0.220086     0.50671    0.428665    0.188084      999469
   0.451568    0.397269    0.270882    0.563238    0.386022    0.228718 2.70368e+06
    0.46827    0.323793    0.304698    0.577913    0.463073    0.290699 4.03496e+07
   0.279787    0.458652    0.538439    0.518466    0.334539    0.437755 7.94812e+06
   0.506396    0.441598    0.295036    0.555053    0.439564    0.251738 2.71036e+06
   0.595466    0.477134    0.174243    0.493281    0.479153    0.144242      791989
   0.564641    0.393855    0.273254     0.54018    0.477659    0.240918 1.70287e+06
   0.621652    0.367159    0.364671    0.344698    0.308206     0.32723 1.34995e+06
    0.39271     0.52441    0.467606    0.479098    0.374046     0.40284 2.60518e+06
   0.520469    0.467461    0.289228    0.528218    0.359578    0.250373 1.39102e+06
    0.44311    0.509498     0.33553    0.484439    0.391306    0.290387 1.86292e+06
   0.604745    0.440814    0.256806    0.572459    0.385975    0.216571 3.21596e+06
   0.527012     0.48938     0.26355    0.549648    0.523194    0.229182 1.45806e+06
   0.347571    0.549885    0.363262    0.695797    0.519201    0.306447  2.8581e+06
   0.509219    0.455793    0.251432    0.524618    0.408908     0.22326 6.16597e+06
   0.581276    0.466853     0.24445    0.419604    0.373433    0.214464 1.96838e+06
   0.546773    0.402973    0.289311    0.542319    0.467458    0.249628 1.90689e+06
   0.430962    0.598489    0.373381    0.562053      0.4902    0.321804 2.22299e+06
   0.602099    0.599154     0.30699    0.645633    0.492197    0.265461 1.50316e+06
   0.646564    0.594286    0.258207    0.530016    0.473351     0.22401 1.27849e+06
   0.682271    0.656758    0.524296    0.659053    0.588997    0.462744 1.72384e+06
     0.5912    0.562406    0.474078    0.443048    0.303119    0.417326 1.78986e+06
   0.493172    0.407635    0.278039    0.564022    0.482341    0.240194 1.40423e+06
   0.560214     0.42881    0.253816    0.552594    0.465577    0.254305 8.92342e+07
   0.573954    0.424521    0.367739    0.564541    0.529454     0.32371 1.53581e+06
   0.568447     0.42489    0.251518     0.59732    0.439639     0.21751 1.19561e+06
   0.451577    0.391822    0.395578    0.593003    0.317653    0.341559 1.94517e+06
   0.644715    0.484616     0.47122    0.544522     0.51076    0.419921 1.52926e+06
   0.441005    0.365991    0.220155    0.627368     0.44214    0.233675 1.52032e+08
   0.536574    0.373279    0.288121    0.588606    0.499543     0.21811  4.7378e+07
    0.48457    0.408978    0.310766    0.496199    0.515182    0.270771 1.69212e+06
   0.656486     0.52386    0.323069    0.635868    0.452744    0.282058 1.31781e+06
   0.517906    0.449049    0.387535    0.448104    0.519183    0.343509 1.71154e+06
   0.562768    0.392456    0.349165    0.546232      0.4667    0.302193  2.9898e+06
   0.631226    0.665772    0.594125    0.623038    0.287012    0.515922 2.06064e+06
   0.538563    0.373323    0.391823    0.560469     0.39385    0.338902 3.00172e+06
    0.53277     0.41913    0.354243    0.565109    0.407096    0.316179  2.9664e+06
   0.518052    0.498676    0.251312    0.598209     0.40656    0.214095 1.34135e+06
   0.439711    0.411378     0.33495    0.396548      0.4988    0.296202  1.7691e+06
   0.443848    0.439956    0.228984    0.620188    0.414538    0.237604 1.37073e+08
   0.495705    0.436139    0.314953    0.653379    0.432057    0.275502 1.88462e+06
   0.473113    0.449116    0.264152    0.588441     0.39067    0.226579  1.4058e+06
   0.539463    0.389344    0.385841    0.617094    0.350943    0.337724 1.44956e+06
   0.357876    0.466585    0.398505    0.495309    0.480524    0.346906 2.47299e+06
   0.577097     0.44937    0.219303    0.492338    0.343801    0.183504 1.93547e+06
    0.50911    0.415568    0.288001    0.518473    0.405838     0.25097 1.36483e+06
   0.459448    0.521042    0.327734    0.614464    0.452231    0.283225  1.7662e+06
   0.478296    0.464878    0.297349    0.445643    0.401475    0.258903 1.54468e+06
    0.49268    0.440661     0.34529      0.4708    0.511278    0.304234 1.62093e+06
   0.545013     0.38691    0.372321     0.63065    0.511804     0.32928 1.47423e+06
    0.53706    0.421407    0.273771    0.551907    0.449158    0.294045 1.48855e+08
   0.425653    0.580369    0.363094    0.519907    0.404112    0.332579 1.81671e+07
   0.480358    0.504141    0.325414    0.560422    0.436904    0.277531 2.85069e+06
   0.468038    0.367801    0.265481     0.62803    0.349567    0.257726 7.29806e+07
   0.489667     0.42002    0.290074    0.473194    0.376058    0.242653 6.94155e+06
   0.514742    0.408786    0.311123    0.537245    0.414663    0.272615 1.43735e+06
   0.520383    0.384442    0.308044    0.581678    0.444868    0.262811 3.52495e+06
   0.530734    0.442463    0.307527    0.500393    0.402658    0.264494 2.39469e+06
   0.355342    0.513669    0.416622    0.574475    0.458452    0.355532 2.72488e+06
   0.670334    0.500258    0.320728    0.557355     0.42576     0.28148 1.26441e+06
   0.623796    0.539273    0.253754    0.433655    0.409984    0.219752 1.24194e+06
   0.434242     0.43671     0.36126    0.413399    0.448411     0.31921  1.9145e+06
   0.472725    0.571946    0.486639    0.473238    0.469412    0.423856 2.45951e+06
   0.543723    0.377641    0.312408    0.589033    0.422138    0.272467 1.30222e+06
   0.490115    0.661404    0.419737     0.57406    0.541719    0.362897 2.33454e+06
   0.487385    0.475735     0.35988    0.456097    0.467681    0.314826 1.88032e+06
   0.411527     0.51546    0.317702     0.54489     0.43684    0.274174 1.96399e+06
   0.774803     0.70251     0.22098    0.335749    0.443953    0.192988 1.30501e+06
    0.54271    0.402642     0.39712    0.517225    0.468361    0.355003 1.84731e+06
   0.484264    0.378182    0.476628    0.346474    0.370433    0.440407 5.98519e+06
   0.493491    0.492547    0.293966     0.52163    0.471592    0.303645 1.13938e+08
   0.457217    0.417485     0.31523     0.50604    0.424387    0.277997 2.20331e+06
   0.539821    0.442495    0.281261    0.529551    0.407184    0.224468 2.29362e+07
    0.53393    0.383955    0.276781    0.553863    0.408339    0.241736 1.37291e+06
   0.574318    0.433209    0.230645     0.46611    0.445466     0.19632 1.64797e+06
   0.401857    0.466353    0.360096    0.444964    0.555542    0.313593 2.29034e+06
   0.464523    0.452804    0.285213    0.600269    0.385329    0.280911  8.3491e+07
   0.546247    0.434921    0.313333    0.511973    0.476546    0.276247 1.44719e+06
   0.547505    0.460221    0.244052     0.56236    0.446591    0.209676 1.17802e+06
   0.578258    0.454488    0.341236    0.629236    0.415692    0.297916 1.38786e+06
   0.590511    0.493392    0.274085    0.409644    0.358376    0.234497 2.81234e+06
   0.484892    0.551568    0.229311    0.445226    0.436215    0.194929 1.46362e+06
   0.562545    0.344344    0.316161    0.588342    0.412899     0.28675 7.20312e+06
   0.586135    0.517224    0.299212    0.560845    0.473302    0.258307 1.78644e+06
   0.511885    0.436857    0.235173    0.593693    0.431909    0.245775  1.3633e+08
   0.382917    0.499398    0.454537    0.402073    0.325893    0.402228 3.64755e+06
   0.580236    0.381823    0.480395    0.517729    0.359832    0.425788 1.52015e+06
   0.524463    0.411597    0.309634    0.435195     0.45063    0.274859 1.61949e+06
   0.444252    0.443606    0.338017    0.496475    0.464962    0.294796 1.73035e+06
   0.563921    0.392877    0.285514    0.539769    0.372907    0.249482 1.27313e+06
   0.582126    0.492642    0.273992    0.399107    0.490987    0.240905 1.37008e+06
   0.689444    0.384359    0.480021    0.342508    0.382607    0.437333 1.56947e+06
   0.527975    0.460454    0.252614    0.333971    0.292514    0.219335  1.2925e+06
   0.463465    0.463882    0.250279    0.578933    0.463805     0.21337 1.42698e+06
   0.562883    0.435315     0.22902    0.556778    0.470261    0.198496 1.66618e+06
   0.610016    0.430966    0.224296    0.449179    0.477513    0.194456 1.06366e+06
   0.446758    0.427944    0.280753    0.612623    0.449064    0.240344 1.58585e+06
    0.57272     0.33106    0.369136    0.580971    0.361446    0.325006 1.30258e+06
   0.551845    0.547596    0.310451    0.459106     0.49437    0.272837 1.56255e+06
   0.465503    0.437491    0.269181    0.599499    0.447744    0.244564 1.59176e+07
   0.611986    0.442045    0.237722    0.580729    0.366006     0.20305 1.03565e+06
   0.447713    0.521775    0.369876    0.585968     0.42073     0.32019 1.91061e+06
   0.551029    0.497311    0.307359    0.468094    0.386536    0.268945 1.44212e+06
   0.500792    0.536039    0.238497     0.44655    0.373924    0.207127 2.53776e+06
   0.646026    0.556921    0.416794    0.421239    0.477666    0.375705 1.85915e+06
   0.541042    0.519562    0.270023    0.507178    0.416107    0.234132 1.42459e+06
   0.649338    0.318617    0.258198    0.619558     0.40637    0.225235 1.05933e+06
   0.548406    0.480131    0.334197    0.533273    0.413561     0.28422 4.69331e+06
   0.267114    0.601677    0.230208    0.605814    0.660535    0.190652 3.25502e+06
   0.484576    0.485909    0.285341    0.543154    0.394628    0.242687 2.25351e+06
   0.672175    0.482332     0.24629    0.313204    0.338728    0.215879  1.1379e+06
    0.52256    0.516791    0.247154    0.607257    0.431121    0.209016 1.60845e+06
   0.492018    0.389422    0.298449    0.542793    0.452244    0.265225 3.06253e+06
     0.5355    0.380449    0.291881    0.518045    0.458623    0.254031 1.40618e+06
   0.469459    0.524169    0.346661    0.551782    0.377984    0.299935 1.78245e+06
   0.559466    0.346961     0.27017     0.63371    0.407986    0.254485 3.69642e+07
   0.558895    0.482521    0.300244    0.380378    0.507661     0.26675 1.52588e+06
   0.552991    0.449298    0.314963     0.53313    0.397316    0.268746 3.65322e+06
   0.564242    0.521216    0.215918    0.535621    0.438537    0.183184 1.11398e+06
   0.398355    0.428891    0.287463    0.647566    0.360254    0.245164 1.69258e+06
   0.674946    0.412324    0.408547    0.574231    0.375462    0.363759 1.37151e+06
   0.470768    0.455577    0.288509    0.583587    0.374325    0.223449 3.14383e+07
     0.5047    0.485513    0.459105    0.585186    0.524017    0.403771 1.82418e+06
   0.461527    0.392286    0.291433    0.595225    0.399108    0.260015 6.43441e+06
   0.459464     0.37028    0.224359    0.442059    0.261762    0.190072  1.1176e+06
   0.364473    0.492242    0.156114    0.383764    0.359872    0.124077 1.34872e+06
    0.58848    0.597051      0.5848   0.0482192    0.566221    0.757462 4.18708e+07
    0.51155    0.397475    0.370286    0.568859    0.472201    0.325799 1.49439e+06
   0.429841    0.408724    0.294009    0.620083    0.460469    0.259076 3.70979e+06
   0.440553    0.397279    0.273751    0.518576    0.363055    0.234963 1.45906e+06
   0.450182    0.707778    0.225039    0.517332    0.528253    0.188799 1.89688e+06
   0.701943    0.441961    0.562289    0.287351    0.287062    0.516525 1.93792e+06
   0.479585    0.394574    0.279749     0.56049    0.450052    0.241664 1.38049e+06
   0.624968    0.409553    0.359942    0.472234    0.325648    0.317523 1.33647e+06
   0.379579    0.394008    0.433262     0.47433     0.40266    0.378733 2.14242e+06
   0.555476    0.426074    0.297754    0.483346    0.380315    0.287176 4.75639e+07
   0.469803    0.366046    0.357537    0.545954    0.480916    0.314045  1.5302e+06
   0.596823    0.630576    0.443725    0.505792    0.347567    0.388363 1.79649e+06
   0.501148    0.400648    0.264466    0.553194    0.452615    0.221964 4.68318e+06
   0.706264    0.686758    0.418401     0.39495    0.386226    0.372387 1.65385e+06
   0.673323     0.64909    0.494048      0.6442    0.468103    0.434566   1.661e+06
   0.491233    0.339327    0.323873    0.524152    0.332768    0.282474 1.36147e+06
   0.592437    0.502865    0.397202    0.658069    0.407787    0.347545 1.50845e+06
   0.451928    0.453149    0.318281    0.560205    0.457364    0.295478 2.33586e+07
   0.570754    0.346992    0.178335     0.29669    0.578433    0.154507 1.12802e+06
   0.515324    0.449216    0.277589    0.535112     0.41025    0.241293 1.42724e+06
   0.544815    0.430781    0.283682     0.54691    0.420208    0.246507 1.27563e+06
   0.571362    0.381165    0.259883    0.584327    0.439129    0.222517 1.64173e+06
   0.480674    0.445432    0.250359    0.495303    0.391761    0.215418  1.3547e+06
   0.480589    0.414454    0.339836    0.541576    0.439103     0.33158 5.85136e+07
   0.490295     0.42841    0.305328    0.537165    0.452395    0.266462 1.46589e+06
   0.545369    0.609777    0.518335    0.590379    0.548472    0.454658 2.03341e+06
   0.627305    0.470426      0.3635    0.512113    0.415015    0.319263 1.56723e+06
   0.581485    0.415186    0.493815    0.610115    0.646878    0.439051 1.63814e+06
   0.502333     0.41497    0.286628    0.579831    0.508777    0.250831 1.52842e+06
   0.460323    0.573951    0.336105    0.563451    0.468633    0.290071 1.91801e+06
   0.671287    0.638076    0.453869   0.0371886    0.135588    0.732778 1.76575e+08
   0.498483    0.413989    0.443539    0.471751    0.474686    0.392831 1.76174e+06
    0.49211    0.422974    0.329862    0.529797    0.452258    0.275959 8.81823e+06
   0.541271    0.512217    0.322526    0.422002    0.462678    0.282364 1.76058e+06
   0.500327     0.38372    0.295678    0.618604    0.504034    0.257479  1.3282e+06
   0.447364    0.400223     0.21417    0.507709      0.4002     0.18005 1.23512e+06
   0.524676    0.416514    0.313047    0.558135     0.49585    0.274173 1.38102e+06
   0.472253    0.455574    0.248667    0.581763    0.382777    0.212288 1.36645e+06
   0.469308    0.428545    0.253653    0.581646    0.391228    0.218888 1.72535e+06
    0.45174     0.42651    0.268748    0.630994    0.453831    0.270034 1.02028e+08
   0.465611    0.602085    0.431344    0.589329    0.540626    0.374764 2.17148e+06
   0.541194    0.447844    0.207087    0.512501    0.503757    0.228142 1.65351e+08
   0.509376      0.5466    0.283088    0.582016    0.367445    0.243379 1.54743e+06
   0.465137    0.459189    0.276394    0.584032     0.39047    0.201776 5.47266e+07
   0.722633    0.415675    0.515276    0.614804    0.259913    0.457228 1.34792e+06
   0.461991    0.543113    0.310618    0.556149    0.364656    0.266901 1.75666e+06
   0.475366    0.552919    0.379553    0.420497    0.307188    0.328114 2.23644e+06
   0.511445    0.479942    0.393376     0.37496    0.453356    0.388965 4.86208e+07
   0.617279    0.504764    0.239425    0.472545    0.451081    0.208047 1.26598e+06
   0.533635    0.437447    0.288419    0.457783    0.431104    0.238564 1.20744e+07
    0.47189    0.362887    0.263386    0.555006    0.438154    0.254448 5.76022e+07
   0.589594    0.378114    0.292881    0.622546    0.371905    0.255346 1.19733e+06
   0.657497    0.475694    0.268184    0.560811    0.476124    0.228285 3.25299e+06
   0.593667    0.430321    0.298677    0.651395    0.469816    0.262416 1.55659e+06
   0.429676    0.610835    0.429546    0.538171     0.58304    0.368276 3.16422e+06
   0.640565    0.507177    0.587781    0.254987    0.382293      0.5464 2.85091e+06
   0.398228    0.379862    0.451887    0.466982    0.433933    0.395321 2.12178e+06
    0.54033    0.379621    0.232669     0.41201    0.505498    0.203495 1.21292e+06
   0.300532    0.594923    0.429008    0.643054    0.487819    0.359506 3.60893e+06
   0.609943    0.402884    0.346225    0.482029    0.416677    0.306303 1.31835e+06
   0.477657    0.413766    0.298161    0.514699    0.401309    0.245706 1.12882e+07
    0.56493     0.52245    0.380749      0.5596     0.34199    0.337482 2.44737e+06
   0.440456    0.548945    0.319701    0.428317    0.373694    0.275971 1.97067e+06
   0.412461    0.398072    0.296938    0.613468    0.482743    0.257428 1.69609e+06
   0.443577    0.422737    0.467597    0.495413    0.615679     0.41385 2.06906e+06
   0.525983    0.411379    0.275759    0.644886    0.340542    0.236407 1.30154e+06
   0.519759    0.414768    0.253858    0.573478    0.394512    0.241309 4.83952e+07
   0.351696    0.313916     0.40829    0.435769    0.308242    0.355138 2.02595e+06
   0.535056    0.432782    0.246894    0.586191    0.421973    0.211412 1.17465e+06
   0.597066     0.38348    0.280019    0.538641    0.431359    0.244763 1.13416e+06
    0.53033    0.440236    0.305778    0.627464    0.374716    0.263311 1.52994e+06
    0.54557    0.477757    0.431846    0.400834    0.460488     0.38819 1.94425e+06
     0.4962    0.469963     0.14968    0.341219    0.181435    0.118819      735351
   0.621956    0.474156      0.2733    0.455816    0.547424    0.240835 1.25921e+06
   0.369472    0.498904    0.564738    0.183649    0.712638    0.595388 4.10396e+07
   0.390731    0.339545    0.266816    0.474933    0.616871    0.233208 1.55609e+06
   0.567058    0.360635    0.319822    0.577624    0.412183    0.282778 1.54839e+06
   0.534873    0.462519    0.311284     0.58014    0.374024    0.272563 1.74259e+06
   0.437805    0.436608    0.459649    0.545106    0.368939    0.397934 2.20134e+06
   0.406969    0.533829    0.442285    0.539876    0.350973     0.37844 2.61119e+06
    0.66205    0.532015     0.46981   0.0771106    0.732322    0.730083 1.79667e+08
   0.509289    0.554342    0.189291    0.546374    0.420794    0.170101 2.53916e+07
   0.524855    0.450999    0.286082    0.469754    0.451265    0.248808 1.45054e+06
   0.578613    0.453434    0.240778    0.514099    0.350548    0.209607 2.12325e+06
   0.615884    0.432175    0.363614    0.591009    0.408771    0.315357 2.38562e+06
   0.534806    0.551411    0.338367    0.537701    0.452069    0.299194   2.361e+06
   0.543032    0.399655    0.296224    0.628584    0.467891    0.309428 1.28991e+08
   0.612326    0.441872    0.344936    0.508303    0.531193    0.305681  1.3771e+06
   0.516402    0.381917    0.375604    0.598278    0.437428    0.333675 2.04272e+06
   0.505207    0.414134    0.397428    0.564748    0.513906    0.349887 1.60879e+06
   0.428307    0.386375    0.263558    0.584109    0.303505     0.21573 7.62234e+06
   0.477601    0.604123    0.403382    0.471669    0.467832    0.353273 2.09437e+06
   0.587582     0.44636    0.320084    0.605206    0.398699    0.275346 2.27161e+06
   0.570492    0.379776    0.268934    0.551834    0.419668    0.233397 1.13218e+06
   0.433677     0.37371    0.359305    0.457958    0.473421    0.317693 1.75061e+06
   0.633807    0.598611    0.256521     0.41111    0.277754    0.221152 1.25662e+06
   0.403957    0.478854    0.327902    0.506826    0.433553    0.283561 1.92475e+06
   0.582395    0.534995    0.385708     0.61998    0.493675    0.340713 1.72579e+06
   0.495865    0.392672    0.305678    0.531706    0.415335    0.267126 1.39836e+06
   0.545184    0.444213    0.308645    0.597577    0.419423    0.265998 1.77155e+06

GBMAT from first PSO:

   0.538643    0.546981    0.516395   0.0512175    0.322133    0.991112 2.82642e+08
   0.814087    0.886527    0.467408    0.333245    0.417494    0.424071 2.06629e+06
   0.814087    0.886527    0.467408    0.333245    0.417494    0.424071 2.06629e+06
   0.382908       0.194    0.604861    0.654157    0.482124    0.529403 2.00735e+06
    0.89142    0.844815    0.242088     0.24977    0.488951    0.215687 1.63994e+06
   0.592442    0.561237    0.233324    0.512201    0.459142    0.201682  1.5528e+06
   0.727934     0.78806    0.325315    0.530418    0.567609    0.285301 1.54963e+06
   0.599216    0.572578    0.237923    0.513112    0.464566    0.205863  1.5067e+06
   0.495236    0.617809    0.143233    0.220481   0.0258911    0.110912      950707
   0.493434    0.330183    0.157786    0.653427    0.430444    0.126854      579627
   0.493434    0.330183    0.157786    0.653427    0.430444    0.126854      579627
   0.493494    0.330198    0.157769    0.653438    0.430442      0.1269      573642

truk 0.515996 0.0603199  0.103199  0.896801   0.05516 0.0722394
total difference b/w truk and final GBVEC1.02025
CODE FINISHED RUNNING IN 13911 s TIME!
Job Statistics for 1440442:
           JobID       User               Start                 End    Elapsed     MaxRSS   TotalCPU      State Exit        NodeList                                  ReqTRES 
---------------- ---------- ------------------- ------------------- ---------- ---------- ---------- ---------- ---- --------------- ---------------------------------------- 
         1440442   rsjxw007 2021-07-22T20:51:06 2021-07-23T00:42:58   03:51:52              03:51:11  COMPLETED  0:0   r1pl-hpcf-n08         billing=1,cpu=1,mem=7812M,node=1 
   1440442.batch            2021-07-22T20:51:06 2021-07-23T00:42:58   03:51:52      1.57M   03:51:11  COMPLETED  0:0   r1pl-hpcf-n08                                          
  1440442.extern            2021-07-22T20:51:06 2021-07-23T00:42:58   03:51:52          0   00:00:00  COMPLETED  0:0   r1pl-hpcf-n08                                          
CPU Efficiency: 99.71% of 03:51:52 core-walltime
