PSO_S_ODE_NonLinear
Using two part PSO Sample Size:5000 with:27 moments.
Using Times:50
Bounds for Uniform Distribution (0,1)
Blind PSO --> nParts:500 Nsteps:10
Targeted PSO --> nParts:10 Nsteps:1000
sdbeta:0.1
Reading in data!
Using starting row of data:0 and 5000 data pts!
first row X0: 8.83545  7.57343 0.396305  8.83545  7.57343 0.396305
final row X0:1.63756  4.1577 4.69516 1.63756  4.1577 4.69516



Loading in Truk!
Calculating Yt!
truk cost:0.00754646
seedk: 0.559431  0.852867  0.103199  0.896801   0.05516 0.0722394| cost:8.38943
PSO begins!
overflow!
overflow!
overflow!
underflow!0.00351296
pos0.00351296   0.564042   0.103199   0.896801    0.05516  0.0722394
overflow!
underflow!0.00299615
pos0.00299615   0.220572   0.103199   0.896801    0.05516  0.0722394
overflow!
overflow!
overflow!
underflow!0.00352834
pos  0.755498 0.00352834   0.103199   0.896801    0.05516  0.0722394
underflow!0.00329135
pos  0.795213 0.00329135   0.103199   0.896801    0.05516  0.0722394
GBMAT from blind PSO:

  0.559431   0.852867   0.103199   0.896801    0.05516  0.0722394    8.38943
  0.559431   0.852867   0.103199   0.896801    0.05516  0.0722394    8.38943
  0.817613   0.156623   0.103199   0.896801    0.05516  0.0722394 0.00747943
  0.790897   0.151475   0.103199   0.896801    0.05516  0.0722394 0.00741781
  0.790897   0.151475   0.103199   0.896801    0.05516  0.0722394 0.00741781
  0.818269   0.159283   0.103199   0.896801    0.05516  0.0722394 0.00741278
  0.790748   0.143268  0.0983897   0.892432  0.0564836  0.0696646 0.00357182
  0.790748   0.143268  0.0983897   0.892432  0.0564836  0.0696646 0.00357182
  0.804349   0.156534  0.0980162   0.892092  0.0565864  0.0694647 0.00326672
  0.791535   0.150348  0.0982347   0.892291  0.0565263  0.0695816 0.00323118
  0.798113   0.151777  0.0962933   0.893389  0.0574434  0.0681544 0.00300471

truk:  0.515996 0.0603199  0.103199  0.896801   0.05516 0.0722394
total difference b/w truk and final GBVEC0.0880356

blind PSO FINISHED RUNNING IN 1062 s TIME!
targeted PSO has started!
Updating Weight Matrix!
GBVEC AND COST:  0.798113   0.151777  0.0962933   0.893389  0.0574434  0.0681544 0.00300471
New PBMAT:
  0.815857   0.255709  0.0415743   0.868295  0.0535049  0.0367455    1.57779
  0.781674  0.0688304  0.0453456   0.885466   0.041566   0.131431    3.57441
  0.778768   0.110416  0.0734301   0.744012  0.0131271 0.00756974    2.08206
  0.710749   0.130115    0.14979   0.872849  0.0469559  0.0177811     44.607
  0.828707   0.132428  0.0594439    0.93267 0.00377398   0.030143    2.76818
  0.827317  0.0672125  0.0192169   0.862706  0.0396755  0.0438151    4.62804
  0.730046  0.0722543   0.272239   0.964241 0.00542112  0.0455307    5.86563
  0.699499   0.116417  0.0574222   0.906347  0.0197932  0.0500312    2.16491
  0.730614   0.168394   0.159863   0.843371   0.097969  0.0331103    103.671
  0.837429  0.0788306  0.0263545   0.951664  0.0171178   0.170381    5.47797

Updating Weight Matrix!
GBVEC AND COST:  0.79521  0.150286 0.0962501  0.893384 0.0574316 0.0682351 0.0029875
Updating Weight Matrix!
GBVEC AND COST:  0.898915   0.182954  0.0955339   0.897112  0.0589233  0.0680289 0.00292292
Updating Weight Matrix!
GBVEC AND COST:  0.927213   0.193227  0.0934505     0.8976  0.0607821  0.0668021 0.00287923
Updating Weight Matrix!
GBVEC AND COST:  0.910081   0.188038  0.0932948   0.897371  0.0606939  0.0665933 0.00287086
GBMAT after targeted PSO:
  0.559431   0.852867   0.103199   0.896801    0.05516  0.0722394    8.38943
  0.559431   0.852867   0.103199   0.896801    0.05516  0.0722394    8.38943
  0.817613   0.156623   0.103199   0.896801    0.05516  0.0722394 0.00747943
  0.790897   0.151475   0.103199   0.896801    0.05516  0.0722394 0.00741781
  0.790897   0.151475   0.103199   0.896801    0.05516  0.0722394 0.00741781
  0.818269   0.159283   0.103199   0.896801    0.05516  0.0722394 0.00741278
  0.790748   0.143268  0.0983897   0.892432  0.0564836  0.0696646 0.00357182
  0.790748   0.143268  0.0983897   0.892432  0.0564836  0.0696646 0.00357182
  0.804349   0.156534  0.0980162   0.892092  0.0565864  0.0694647 0.00326672
  0.791535   0.150348  0.0982347   0.892291  0.0565263  0.0695816 0.00323118
  0.798113   0.151777  0.0962933   0.893389  0.0574434  0.0681544 0.00300471
  0.798113   0.151777  0.0962933   0.893389  0.0574434  0.0681544 0.00299731
  0.798113   0.151777  0.0962933   0.893389  0.0574434  0.0681544 0.00299731
  0.798113   0.151777  0.0962933   0.893389  0.0574434  0.0681544 0.00299731
  0.798113   0.151777  0.0962933   0.893389  0.0574434  0.0681544 0.00299731
  0.798113   0.151777  0.0962933   0.893389  0.0574434  0.0681544 0.00299731
  0.798113   0.151777  0.0962933   0.893389  0.0574434  0.0681544 0.00299731
  0.798113   0.151777  0.0962933   0.893389  0.0574434  0.0681544 0.00299731
  0.798113   0.151777  0.0962933   0.893389  0.0574434  0.0681544 0.00299731
  0.798113   0.151777  0.0962933   0.893389  0.0574434  0.0681544 0.00299731
  0.798113   0.151777  0.0962933   0.893389  0.0574434  0.0681544 0.00299731
  0.798113   0.151777  0.0962933   0.893389  0.0574434  0.0681544 0.00299731
  0.798113   0.151777  0.0962933   0.893389  0.0574434  0.0681544 0.00299731
  0.798113   0.151777  0.0962933   0.893389  0.0574434  0.0681544 0.00299731
  0.798113   0.151777  0.0962933   0.893389  0.0574434  0.0681544 0.00299731
  0.798113   0.151777  0.0962933   0.893389  0.0574434  0.0681544 0.00299731
  0.798113   0.151777  0.0962933   0.893389  0.0574434  0.0681544 0.00299731
  0.798113   0.151777  0.0962933   0.893389  0.0574434  0.0681544 0.00299731
  0.798113   0.151777  0.0962933   0.893389  0.0574434  0.0681544 0.00299731
  0.798113   0.151777  0.0962933   0.893389  0.0574434  0.0681544 0.00299731
  0.798113   0.151777  0.0962933   0.893389  0.0574434  0.0681544 0.00299731
  0.798113   0.151777  0.0962933   0.893389  0.0574434  0.0681544 0.00299731
  0.798113   0.151777  0.0962933   0.893389  0.0574434  0.0681544 0.00299731
  0.798113   0.151777  0.0962933   0.893389  0.0574434  0.0681544 0.00299731
  0.798113   0.151777  0.0962933   0.893389  0.0574434  0.0681544 0.00299731
  0.798113   0.151777  0.0962933   0.893389  0.0574434  0.0681544 0.00299731
  0.798113   0.151777  0.0962933   0.893389  0.0574434  0.0681544 0.00299731
  0.798113   0.151777  0.0962933   0.893389  0.0574434  0.0681544 0.00299731
  0.798113   0.151777  0.0962933   0.893389  0.0574434  0.0681544 0.00299731
  0.798113   0.151777  0.0962933   0.893389  0.0574434  0.0681544 0.00299731
  0.798113   0.151777  0.0962933   0.893389  0.0574434  0.0681544 0.00299731
  0.798113   0.151777  0.0962933   0.893389  0.0574434  0.0681544 0.00299731
  0.798113   0.151777  0.0962933   0.893389  0.0574434  0.0681544 0.00299731
  0.798113   0.151777  0.0962933   0.893389  0.0574434  0.0681544 0.00299731
  0.798113   0.151777  0.0962933   0.893389  0.0574434  0.0681544 0.00299731
  0.798113   0.151777  0.0962933   0.893389  0.0574434  0.0681544 0.00299731
  0.798113   0.151777  0.0962933   0.893389  0.0574434  0.0681544 0.00299731
  0.798113   0.151777  0.0962933   0.893389  0.0574434  0.0681544 0.00299731
  0.798113   0.151777  0.0962933   0.893389  0.0574434  0.0681544 0.00299731
  0.798113   0.151777  0.0962933   0.893389  0.0574434  0.0681544 0.00299731
  0.798113   0.151777  0.0962933   0.893389  0.0574434  0.0681544 0.00299731
  0.798113   0.151777  0.0962933   0.893389  0.0574434  0.0681544 0.00299731
  0.798113   0.151777  0.0962933   0.893389  0.0574434  0.0681544 0.00299731
  0.798113   0.151777  0.0962933   0.893389  0.0574434  0.0681544 0.00299731
  0.798113   0.151777  0.0962933   0.893389  0.0574434  0.0681544 0.00299731
  0.798113   0.151777  0.0962933   0.893389  0.0574434  0.0681544 0.00299731
  0.798113   0.151777  0.0962933   0.893389  0.0574434  0.0681544 0.00299731
  0.798113   0.151777  0.0962933   0.893389  0.0574434  0.0681544 0.00299731
  0.798113   0.151777  0.0962933   0.893389  0.0574434  0.0681544 0.00299731
  0.798113   0.151777  0.0962933   0.893389  0.0574434  0.0681544 0.00299731
  0.798113   0.151777  0.0962933   0.893389  0.0574434  0.0681544 0.00299731
  0.798113   0.151777  0.0962933   0.893389  0.0574434  0.0681544 0.00299731
  0.798113   0.151777  0.0962933   0.893389  0.0574434  0.0681544 0.00299731
  0.798113   0.151777  0.0962933   0.893389  0.0574434  0.0681544 0.00299731
  0.798113   0.151777  0.0962933   0.893389  0.0574434  0.0681544 0.00299731
  0.798113   0.151777  0.0962933   0.893389  0.0574434  0.0681544 0.00299731
  0.798113   0.151777  0.0962933   0.893389  0.0574434  0.0681544 0.00299731
  0.798113   0.151777  0.0962933   0.893389  0.0574434  0.0681544 0.00299731
  0.798113   0.151777  0.0962933   0.893389  0.0574434  0.0681544 0.00299731
  0.798113   0.151777  0.0962933   0.893389  0.0574434  0.0681544 0.00299731
  0.798113   0.151777  0.0962933   0.893389  0.0574434  0.0681544 0.00299731
  0.798113   0.151777  0.0962933   0.893389  0.0574434  0.0681544 0.00299731
  0.798113   0.151777  0.0962933   0.893389  0.0574434  0.0681544 0.00299731
  0.798113   0.151777  0.0962933   0.893389  0.0574434  0.0681544 0.00299731
  0.798113   0.151777  0.0962933   0.893389  0.0574434  0.0681544 0.00299731
  0.798113   0.151777  0.0962933   0.893389  0.0574434  0.0681544 0.00299731
  0.798113   0.151777  0.0962933   0.893389  0.0574434  0.0681544 0.00299731
  0.798113   0.151777  0.0962933   0.893389  0.0574434  0.0681544 0.00299731
  0.798113   0.151777  0.0962933   0.893389  0.0574434  0.0681544 0.00299731
  0.798113   0.151777  0.0962933   0.893389  0.0574434  0.0681544 0.00299731
  0.798113   0.151777  0.0962933   0.893389  0.0574434  0.0681544 0.00299731
  0.798113   0.151777  0.0962933   0.893389  0.0574434  0.0681544 0.00299731
  0.798113   0.151777  0.0962933   0.893389  0.0574434  0.0681544 0.00299731
  0.798113   0.151777  0.0962933   0.893389  0.0574434  0.0681544 0.00299731
  0.798113   0.151777  0.0962933   0.893389  0.0574434  0.0681544 0.00299731
  0.798113   0.151777  0.0962933   0.893389  0.0574434  0.0681544 0.00299731
  0.798113   0.151777  0.0962933   0.893389  0.0574434  0.0681544 0.00299731
  0.798113   0.151777  0.0962933   0.893389  0.0574434  0.0681544 0.00299731
  0.798113   0.151777  0.0962933   0.893389  0.0574434  0.0681544 0.00299731
  0.798113   0.151777  0.0962933   0.893389  0.0574434  0.0681544 0.00299731
  0.798113   0.151777  0.0962933   0.893389  0.0574434  0.0681544 0.00299731
  0.798113   0.151777  0.0962933   0.893389  0.0574434  0.0681544 0.00299731
  0.798113   0.151777  0.0962933   0.893389  0.0574434  0.0681544 0.00299731
  0.798113   0.151777  0.0962933   0.893389  0.0574434  0.0681544 0.00299731
  0.739431   0.133498  0.0962229   0.893378  0.0574214  0.0682418 0.00299672
  0.739431   0.133498  0.0962229   0.893378  0.0574214  0.0682418 0.00299672
  0.739431   0.133498  0.0962229   0.893378  0.0574214  0.0682418 0.00299672
  0.739431   0.133498  0.0962229   0.893378  0.0574214  0.0682418 0.00299672
  0.739431   0.133498  0.0962229   0.893378  0.0574214  0.0682418 0.00299672
  0.739431   0.133498  0.0962229   0.893378  0.0574214  0.0682418 0.00299672
  0.739431   0.133498  0.0962229   0.893378  0.0574214  0.0682418 0.00299672
  0.739431   0.133498  0.0962229   0.893378  0.0574214  0.0682418 0.00299672
  0.739431   0.133498  0.0962229   0.893378  0.0574214  0.0682418 0.00299672
  0.739431   0.133498  0.0962229   0.893378  0.0574214  0.0682418 0.00299672
  0.739431   0.133498  0.0962229   0.893378  0.0574214  0.0682418 0.00299672
  0.739431   0.133498  0.0962229   0.893378  0.0574214  0.0682418 0.00299672
  0.739431   0.133498  0.0962229   0.893378  0.0574214  0.0682418 0.00299672
  0.739431   0.133498  0.0962229   0.893378  0.0574214  0.0682418 0.00299672
  0.739431   0.133498  0.0962229   0.893378  0.0574214  0.0682418 0.00299672
  0.739431   0.133498  0.0962229   0.893378  0.0574214  0.0682418 0.00299672
  0.739431   0.133498  0.0962229   0.893378  0.0574214  0.0682418 0.00299672
  0.739431   0.133498  0.0962229   0.893378  0.0574214  0.0682418 0.00299672
  0.739431   0.133498  0.0962229   0.893378  0.0574214  0.0682418 0.00299672
  0.739431   0.133498  0.0962229   0.893378  0.0574214  0.0682418 0.00299672
  0.739431   0.133498  0.0962229   0.893378  0.0574214  0.0682418 0.00299672
  0.739431   0.133498  0.0962229   0.893378  0.0574214  0.0682418 0.00299672
  0.739431   0.133498  0.0962229   0.893378  0.0574214  0.0682418 0.00299672
  0.739431   0.133498  0.0962229   0.893378  0.0574214  0.0682418 0.00299672
  0.739431   0.133498  0.0962229   0.893378  0.0574214  0.0682418 0.00299672
  0.739431   0.133498  0.0962229   0.893378  0.0574214  0.0682418 0.00299672
  0.739431   0.133498  0.0962229   0.893378  0.0574214  0.0682418 0.00299672
  0.739431   0.133498  0.0962229   0.893378  0.0574214  0.0682418 0.00299672
  0.761116   0.140185  0.0962953   0.893339  0.0574614  0.0681888 0.00299038
  0.761116   0.140185  0.0962953   0.893339  0.0574614  0.0681888 0.00299038
  0.761116   0.140185  0.0962953   0.893339  0.0574614  0.0681888 0.00299038
  0.761116   0.140185  0.0962953   0.893339  0.0574614  0.0681888 0.00299038
  0.761116   0.140185  0.0962953   0.893339  0.0574614  0.0681888 0.00299038
  0.761116   0.140185  0.0962953   0.893339  0.0574614  0.0681888 0.00299038
  0.761116   0.140185  0.0962953   0.893339  0.0574614  0.0681888 0.00299038
  0.761116   0.140185  0.0962953   0.893339  0.0574614  0.0681888 0.00299038
  0.761116   0.140185  0.0962953   0.893339  0.0574614  0.0681888 0.00299038
  0.761116   0.140185  0.0962953   0.893339  0.0574614  0.0681888 0.00299038
  0.761116   0.140185  0.0962953   0.893339  0.0574614  0.0681888 0.00299038
  0.761116   0.140185  0.0962953   0.893339  0.0574614  0.0681888 0.00299038
  0.761116   0.140185  0.0962953   0.893339  0.0574614  0.0681888 0.00299038
  0.761116   0.140185  0.0962953   0.893339  0.0574614  0.0681888 0.00299038
  0.761116   0.140185  0.0962953   0.893339  0.0574614  0.0681888 0.00299038
  0.761116   0.140185  0.0962953   0.893339  0.0574614  0.0681888 0.00299038
  0.761116   0.140185  0.0962953   0.893339  0.0574614  0.0681888 0.00299038
  0.761116   0.140185  0.0962953   0.893339  0.0574614  0.0681888 0.00299038
   0.79521   0.150286  0.0962501   0.893384  0.0574316  0.0682351  0.0029875
   0.79521   0.150286  0.0962501   0.893384  0.0574316  0.0682351  0.0029875
   0.79521   0.150286  0.0962501   0.893384  0.0574316  0.0682351  0.0029875
   0.79521   0.150286  0.0962501   0.893384  0.0574316  0.0682351  0.0029875
   0.79521   0.150286  0.0962501   0.893384  0.0574316  0.0682351  0.0029875
   0.79521   0.150286  0.0962501   0.893384  0.0574316  0.0682351  0.0029875
   0.79521   0.150286  0.0962501   0.893384  0.0574316  0.0682351  0.0029875
   0.79521   0.150286  0.0962501   0.893384  0.0574316  0.0682351  0.0029875
   0.79521   0.150286  0.0962501   0.893384  0.0574316  0.0682351  0.0029875
   0.79521   0.150286  0.0962501   0.893384  0.0574316  0.0682351  0.0029875
   0.79521   0.150286  0.0962501   0.893384  0.0574316  0.0682351  0.0029875
   0.79521   0.150286  0.0962501   0.893384  0.0574316  0.0682351  0.0029875
   0.79521   0.150286  0.0962501   0.893384  0.0574316  0.0682351  0.0029875
   0.79521   0.150286  0.0962501   0.893384  0.0574316  0.0682351  0.0029875
   0.79521   0.150286  0.0962501   0.893384  0.0574316  0.0682351  0.0029875
   0.79521   0.150286  0.0962501   0.893384  0.0574316  0.0682351  0.0029875
   0.79521   0.150286  0.0962501   0.893384  0.0574316  0.0682351  0.0029875
   0.79521   0.150286  0.0962501   0.893384  0.0574316  0.0682351  0.0029875
   0.79521   0.150286  0.0962501   0.893384  0.0574316  0.0682351  0.0029875
   0.79521   0.150286  0.0962501   0.893384  0.0574316  0.0682351  0.0029875
   0.79521   0.150286  0.0962501   0.893384  0.0574316  0.0682351  0.0029875
   0.79521   0.150286  0.0962501   0.893384  0.0574316  0.0682351  0.0029875
   0.79521   0.150286  0.0962501   0.893384  0.0574316  0.0682351 0.00298814
   0.79521   0.150286  0.0962501   0.893384  0.0574316  0.0682351 0.00298814
   0.79521   0.150286  0.0962501   0.893384  0.0574316  0.0682351 0.00298814
   0.79521   0.150286  0.0962501   0.893384  0.0574316  0.0682351 0.00298814
   0.79521   0.150286  0.0962501   0.893384  0.0574316  0.0682351 0.00298814
   0.79521   0.150286  0.0962501   0.893384  0.0574316  0.0682351 0.00298814
   0.79521   0.150286  0.0962501   0.893384  0.0574316  0.0682351 0.00298814
   0.79521   0.150286  0.0962501   0.893384  0.0574316  0.0682351 0.00298814
   0.79521   0.150286  0.0962501   0.893384  0.0574316  0.0682351 0.00298814
   0.79521   0.150286  0.0962501   0.893384  0.0574316  0.0682351 0.00298814
   0.79521   0.150286  0.0962501   0.893384  0.0574316  0.0682351 0.00298814
   0.79521   0.150286  0.0962501   0.893384  0.0574316  0.0682351 0.00298814
   0.79521   0.150286  0.0962501   0.893384  0.0574316  0.0682351 0.00298814
   0.79521   0.150286  0.0962501   0.893384  0.0574316  0.0682351 0.00298814
   0.79521   0.150286  0.0962501   0.893384  0.0574316  0.0682351 0.00298814
   0.79521   0.150286  0.0962501   0.893384  0.0574316  0.0682351 0.00298814
   0.79521   0.150286  0.0962501   0.893384  0.0574316  0.0682351 0.00298814
   0.79521   0.150286  0.0962501   0.893384  0.0574316  0.0682351 0.00298814
   0.79521   0.150286  0.0962501   0.893384  0.0574316  0.0682351 0.00298814
   0.79521   0.150286  0.0962501   0.893384  0.0574316  0.0682351 0.00298814
   0.79521   0.150286  0.0962501   0.893384  0.0574316  0.0682351 0.00298814
   0.79521   0.150286  0.0962501   0.893384  0.0574316  0.0682351 0.00298814
   0.79521   0.150286  0.0962501   0.893384  0.0574316  0.0682351 0.00298814
   0.79521   0.150286  0.0962501   0.893384  0.0574316  0.0682351 0.00298814
   0.79521   0.150286  0.0962501   0.893384  0.0574316  0.0682351 0.00298814
   0.79521   0.150286  0.0962501   0.893384  0.0574316  0.0682351 0.00298814
  0.809972   0.157565  0.0954165   0.898025  0.0592905   0.067956 0.00295773
  0.809972   0.157565  0.0954165   0.898025  0.0592905   0.067956 0.00295773
  0.817596   0.158934  0.0954165   0.898025  0.0592905   0.067956 0.00293569
  0.817596   0.158934  0.0954165   0.898025  0.0592905   0.067956 0.00293569
  0.817596   0.158934  0.0954165   0.898025  0.0592905   0.067956 0.00293569
  0.817596   0.158934  0.0954165   0.898025  0.0592905   0.067956 0.00293569
  0.817596   0.158934  0.0954165   0.898025  0.0592905   0.067956 0.00293569
  0.817596   0.158934  0.0954165   0.898025  0.0592905   0.067956 0.00293569
  0.817596   0.158934  0.0954165   0.898025  0.0592905   0.067956 0.00293569
  0.817596   0.158934  0.0954165   0.898025  0.0592905   0.067956 0.00293569
  0.817596   0.158934  0.0954165   0.898025  0.0592905   0.067956 0.00293569
  0.817596   0.158934  0.0954165   0.898025  0.0592905   0.067956 0.00293569
  0.817596   0.158934  0.0954165   0.898025  0.0592905   0.067956 0.00293569
  0.817596   0.158934  0.0954165   0.898025  0.0592905   0.067956 0.00293569
  0.817596   0.158934  0.0954165   0.898025  0.0592905   0.067956 0.00293569
  0.817596   0.158934  0.0954165   0.898025  0.0592905   0.067956 0.00293569
  0.817596   0.158934  0.0954165   0.898025  0.0592905   0.067956 0.00293569
  0.817596   0.158934  0.0954165   0.898025  0.0592905   0.067956 0.00293569
  0.817596   0.158934  0.0954165   0.898025  0.0592905   0.067956 0.00293569
  0.817596   0.158934  0.0954165   0.898025  0.0592905   0.067956 0.00293569
  0.817596   0.158934  0.0954165   0.898025  0.0592905   0.067956 0.00293569
  0.817596   0.158934  0.0954165   0.898025  0.0592905   0.067956 0.00293569
  0.817596   0.158934  0.0954165   0.898025  0.0592905   0.067956 0.00293569
  0.817596   0.158934  0.0954165   0.898025  0.0592905   0.067956 0.00293569
  0.817596   0.158934  0.0954165   0.898025  0.0592905   0.067956 0.00293569
  0.817596   0.158934  0.0954165   0.898025  0.0592905   0.067956 0.00293569
  0.873993   0.175284  0.0955489   0.897152  0.0589357  0.0679948  0.0029285
  0.873993   0.175284  0.0955489   0.897152  0.0589357  0.0679948  0.0029285
  0.873993   0.175284  0.0955489   0.897152  0.0589357  0.0679948  0.0029285
  0.873993   0.175284  0.0955489   0.897152  0.0589357  0.0679948  0.0029285
  0.873993   0.175284  0.0955489   0.897152  0.0589357  0.0679948  0.0029285
  0.873993   0.175284  0.0955489   0.897152  0.0589357  0.0679948  0.0029285
  0.873993   0.175284  0.0955489   0.897152  0.0589357  0.0679948  0.0029285
  0.873993   0.175284  0.0955489   0.897152  0.0589357  0.0679948  0.0029285
  0.882967   0.177155  0.0955269   0.896945  0.0588503   0.068068 0.00292582
  0.882967   0.177155  0.0955269   0.896945  0.0588503   0.068068 0.00292582
  0.882967   0.177155  0.0955269   0.896945  0.0588503   0.068068 0.00292582
  0.882967   0.177155  0.0955269   0.896945  0.0588503   0.068068 0.00292582
  0.882967   0.177155  0.0955269   0.896945  0.0588503   0.068068 0.00292582
  0.882967   0.177155  0.0955269   0.896945  0.0588503   0.068068 0.00292582
  0.882967   0.177155  0.0955269   0.896945  0.0588503   0.068068 0.00292582
  0.882967   0.177155  0.0955269   0.896945  0.0588503   0.068068 0.00292582
  0.882967   0.177155  0.0955269   0.896945  0.0588503   0.068068 0.00292582
  0.882967   0.177155  0.0955269   0.896945  0.0588503   0.068068 0.00292582
  0.928701   0.191813   0.095541   0.897126  0.0589372  0.0680246 0.00292568
  0.928701   0.191813   0.095541   0.897126  0.0589372  0.0680246 0.00292568
  0.928701   0.191813   0.095541   0.897126  0.0589372  0.0680246 0.00292568
  0.928701   0.191813   0.095541   0.897126  0.0589372  0.0680246 0.00292568
  0.928701   0.191813   0.095541   0.897126  0.0589372  0.0680246 0.00292568
  0.928701   0.191813   0.095541   0.897126  0.0589372  0.0680246 0.00292568
  0.928701   0.191813   0.095541   0.897126  0.0589372  0.0680246 0.00292568
  0.928701   0.191813   0.095541   0.897126  0.0589372  0.0680246 0.00292568
  0.928701   0.191813   0.095541   0.897126  0.0589372  0.0680246 0.00292568
  0.928701   0.191813   0.095541   0.897126  0.0589372  0.0680246 0.00292568
  0.928701   0.191813   0.095541   0.897126  0.0589372  0.0680246 0.00292568
  0.928701   0.191813   0.095541   0.897126  0.0589372  0.0680246 0.00292568
  0.928701   0.191813   0.095541   0.897126  0.0589372  0.0680246 0.00292568
  0.904304   0.184282  0.0955304   0.897192  0.0589607  0.0680231 0.00292509
  0.904304   0.184282  0.0955304   0.897192  0.0589607  0.0680231 0.00292509
  0.904304   0.184282  0.0955304   0.897192  0.0589607  0.0680231 0.00292509
  0.904304   0.184282  0.0955304   0.897192  0.0589607  0.0680231 0.00292509
  0.904304   0.184282  0.0955304   0.897192  0.0589607  0.0680231 0.00292509
  0.904304   0.184282  0.0955304   0.897192  0.0589607  0.0680231 0.00292509
  0.904304   0.184282  0.0955304   0.897192  0.0589607  0.0680231 0.00292509
  0.904304   0.184282  0.0955304   0.897192  0.0589607  0.0680231 0.00292509
  0.904304   0.184282  0.0955304   0.897192  0.0589607  0.0680231 0.00292509
  0.904304   0.184282  0.0955304   0.897192  0.0589607  0.0680231 0.00292509
  0.904304   0.184282  0.0955304   0.897192  0.0589607  0.0680231 0.00292509
  0.904304   0.184282  0.0955304   0.897192  0.0589607  0.0680231 0.00292509
  0.904304   0.184282  0.0955304   0.897192  0.0589607  0.0680231 0.00292509
  0.899667   0.183654  0.0955304   0.897192  0.0589607  0.0680231 0.00292476
  0.899667   0.183654  0.0955304   0.897192  0.0589607  0.0680231 0.00292476
  0.899667   0.183654  0.0955304   0.897192  0.0589607  0.0680231 0.00292476
  0.898915   0.182954  0.0955339   0.897112  0.0589233  0.0680289 0.00292292
  0.898915   0.182954  0.0955339   0.897112  0.0589233  0.0680289 0.00292292
  0.898915   0.182954  0.0955339   0.897112  0.0589233  0.0680289 0.00292292
  0.898915   0.182954  0.0955339   0.897112  0.0589233  0.0680289 0.00292292
  0.898915   0.182954  0.0955339   0.897112  0.0589233  0.0680289 0.00292292
  0.898915   0.182954  0.0955339   0.897112  0.0589233  0.0680289 0.00292292
  0.898915   0.182954  0.0955339   0.897112  0.0589233  0.0680289 0.00292292
  0.898915   0.182954  0.0955339   0.897112  0.0589233  0.0680289 0.00292292
  0.898915   0.182954  0.0955339   0.897112  0.0589233  0.0680289 0.00292292
  0.898915   0.182954  0.0955339   0.897112  0.0589233  0.0680289 0.00292292
  0.898915   0.182954  0.0955339   0.897112  0.0589233  0.0680289 0.00292292
  0.898915   0.182954  0.0955339   0.897112  0.0589233  0.0680289 0.00292292
  0.898915   0.182954  0.0955339   0.897112  0.0589233  0.0680289 0.00292292
  0.898915   0.182954  0.0955339   0.897112  0.0589233  0.0680289 0.00292292
  0.898915   0.182954  0.0955339   0.897112  0.0589233  0.0680289 0.00292292
  0.898915   0.182954  0.0955339   0.897112  0.0589233  0.0680289 0.00292292
  0.898915   0.182954  0.0955339   0.897112  0.0589233  0.0680289 0.00292292
  0.898915   0.182954  0.0955339   0.897112  0.0589233  0.0680289 0.00292292
  0.898915   0.182954  0.0955339   0.897112  0.0589233  0.0680289 0.00292292
  0.898915   0.182954  0.0955339   0.897112  0.0589233  0.0680289 0.00292292
  0.898915   0.182954  0.0955339   0.897112  0.0589233  0.0680289 0.00292292
  0.898915   0.182954  0.0955339   0.897112  0.0589233  0.0680289 0.00292292
  0.898915   0.182954  0.0955339   0.897112  0.0589233  0.0680289 0.00292292
  0.898915   0.182954  0.0955339   0.897112  0.0589233  0.0680289 0.00292292
  0.898915   0.182954  0.0955339   0.897112  0.0589233  0.0680289 0.00292292
  0.898915   0.182954  0.0955339   0.897112  0.0589233  0.0680289 0.00292292
  0.898915   0.182954  0.0955339   0.897112  0.0589233  0.0680289 0.00292292
  0.898915   0.182954  0.0955339   0.897112  0.0589233  0.0680289 0.00292292
  0.898915   0.182954  0.0955339   0.897112  0.0589233  0.0680289 0.00292292
  0.898915   0.182954  0.0955339   0.897112  0.0589233  0.0680289 0.00292292
  0.898915   0.182954  0.0955339   0.897112  0.0589233  0.0680289 0.00292292
  0.898915   0.182954  0.0955339   0.897112  0.0589233  0.0680289 0.00292292
  0.898915   0.182954  0.0955339   0.897112  0.0589233  0.0680289 0.00292292
  0.898915   0.182954  0.0955339   0.897112  0.0589233  0.0680289 0.00292292
  0.898915   0.182954  0.0955339   0.897112  0.0589233  0.0680289 0.00292292
  0.898915   0.182954  0.0955339   0.897112  0.0589233  0.0680289 0.00292292
  0.898915   0.182954  0.0955339   0.897112  0.0589233  0.0680289 0.00292292
  0.898915   0.182954  0.0955339   0.897112  0.0589233  0.0680289 0.00292292
  0.898915   0.182954  0.0955339   0.897112  0.0589233  0.0680289 0.00292292
  0.898915   0.182954  0.0955339   0.897112  0.0589233  0.0680289 0.00292292
  0.898915   0.182954  0.0955339   0.897112  0.0589233  0.0680289 0.00292292
  0.898915   0.182954  0.0955339   0.897112  0.0589233  0.0680289 0.00292292
  0.898915   0.182954  0.0955339   0.897112  0.0589233  0.0680289 0.00292292
  0.898915   0.182954  0.0955339   0.897112  0.0589233  0.0680289 0.00292292
  0.898915   0.182954  0.0955339   0.897112  0.0589233  0.0680289 0.00292292
  0.898915   0.182954  0.0955339   0.897112  0.0589233  0.0680289 0.00292292
  0.898915   0.182954  0.0955339   0.897112  0.0589233  0.0680289 0.00292292
  0.898915   0.182954  0.0955339   0.897112  0.0589233  0.0680289 0.00292292
  0.898915   0.182954  0.0955339   0.897112  0.0589233  0.0680289 0.00292292
  0.898915   0.182954  0.0955339   0.897112  0.0589233  0.0680289 0.00292292
  0.898915   0.182954  0.0955339   0.897112  0.0589233  0.0680289 0.00292292
  0.898915   0.182954  0.0955339   0.897112  0.0589233  0.0680289 0.00292292
  0.898915   0.182954  0.0955339   0.897112  0.0589233  0.0680289 0.00292292
  0.898915   0.182954  0.0955339   0.897112  0.0589233  0.0680289 0.00292292
  0.898915   0.182954  0.0955339   0.897112  0.0589233  0.0680289 0.00292292
  0.898915   0.182954  0.0955339   0.897112  0.0589233  0.0680289 0.00292292
  0.898915   0.182954  0.0955339   0.897112  0.0589233  0.0680289 0.00292292
  0.898915   0.182954  0.0955339   0.897112  0.0589233  0.0680289 0.00292292
  0.898915   0.182954  0.0955339   0.897112  0.0589233  0.0680289 0.00292292
  0.898915   0.182954  0.0955339   0.897112  0.0589233  0.0680289 0.00292292
  0.898915   0.182954  0.0955339   0.897112  0.0589233  0.0680289 0.00292292
  0.898915   0.182954  0.0955339   0.897112  0.0589233  0.0680289 0.00292292
  0.898915   0.182954  0.0955339   0.897112  0.0589233  0.0680289 0.00292292
  0.898915   0.182954  0.0955339   0.897112  0.0589233  0.0680289 0.00292292
  0.898915   0.182954  0.0955339   0.897112  0.0589233  0.0680289 0.00292292
  0.898915   0.182954  0.0955339   0.897112  0.0589233  0.0680289 0.00292292
  0.898915   0.182954  0.0955339   0.897112  0.0589233  0.0680289 0.00292292
  0.898915   0.182954  0.0955339   0.897112  0.0589233  0.0680289 0.00292292
  0.898915   0.182954  0.0955339   0.897112  0.0589233  0.0680289 0.00292292
  0.898915   0.182954  0.0955339   0.897112  0.0589233  0.0680289 0.00292292
  0.898915   0.182954  0.0955339   0.897112  0.0589233  0.0680289 0.00292292
  0.898915   0.182954  0.0955339   0.897112  0.0589233  0.0680289 0.00292292
  0.898915   0.182954  0.0955339   0.897112  0.0589233  0.0680289 0.00292292
  0.898915   0.182954  0.0955339   0.897112  0.0589233  0.0680289 0.00292292
  0.898915   0.182954  0.0955339   0.897112  0.0589233  0.0680289 0.00292292
  0.898915   0.182954  0.0955339   0.897112  0.0589233  0.0680289 0.00292292
  0.898915   0.182954  0.0955339   0.897112  0.0589233  0.0680289 0.00292292
  0.898915   0.182954  0.0955339   0.897112  0.0589233  0.0680289 0.00292292
  0.898915   0.182954  0.0955339   0.897112  0.0589233  0.0680289 0.00292292
  0.898915   0.182954  0.0955339   0.897112  0.0589233  0.0680289 0.00292292
  0.898915   0.182954  0.0955339   0.897112  0.0589233  0.0680289 0.00292292
  0.898915   0.182954  0.0955339   0.897112  0.0589233  0.0680289 0.00292292
  0.898915   0.182954  0.0955339   0.897112  0.0589233  0.0680289 0.00292292
  0.898915   0.182954  0.0955339   0.897112  0.0589233  0.0680289 0.00292292
  0.898915   0.182954  0.0955339   0.897112  0.0589233  0.0680289 0.00292292
  0.898915   0.182954  0.0955339   0.897112  0.0589233  0.0680289 0.00292292
  0.898915   0.182954  0.0955339   0.897112  0.0589233  0.0680289 0.00292292
  0.898915   0.182954  0.0955339   0.897112  0.0589233  0.0680289 0.00292292
  0.898915   0.182954  0.0955339   0.897112  0.0589233  0.0680289 0.00292292
  0.898915   0.182954  0.0955339   0.897112  0.0589233  0.0680289 0.00292292
  0.898915   0.182954  0.0955339   0.897112  0.0589233  0.0680289 0.00292292
  0.898915   0.182954  0.0955339   0.897112  0.0589233  0.0680289 0.00292292
  0.898915   0.182954  0.0955339   0.897112  0.0589233  0.0680289 0.00292292
  0.898915   0.182954  0.0955339   0.897112  0.0589233  0.0680289 0.00292292
  0.898915   0.182954  0.0955339   0.897112  0.0589233  0.0680289 0.00292292
  0.898915   0.182954  0.0955339   0.897112  0.0589233  0.0680289 0.00292292
  0.898915   0.182954  0.0955339   0.897112  0.0589233  0.0680289 0.00292292
  0.898915   0.182954  0.0955339   0.897112  0.0589233  0.0680289 0.00292292
  0.898915   0.182954  0.0955339   0.897112  0.0589233  0.0680289 0.00292292
  0.898915   0.182954  0.0955339   0.897112  0.0589233  0.0680289 0.00292292
  0.898915   0.182954  0.0955339   0.897112  0.0589233  0.0680289 0.00292292
  0.898915   0.182954  0.0955339   0.897112  0.0589233  0.0680289 0.00292292
  0.898915   0.182954  0.0955339   0.897112  0.0589233  0.0680289 0.00291991
  0.898915   0.182954  0.0955339   0.897112  0.0589233  0.0680289 0.00291991
  0.898915   0.182954  0.0955339   0.897112  0.0589233  0.0680289 0.00291991
  0.898915   0.182954  0.0955339   0.897112  0.0589233  0.0680289 0.00291991
  0.898915   0.182954  0.0955339   0.897112  0.0589233  0.0680289 0.00291991
  0.898915   0.182954  0.0955339   0.897112  0.0589233  0.0680289 0.00291991
  0.898915   0.182954  0.0955339   0.897112  0.0589233  0.0680289 0.00291991
  0.898915   0.182954  0.0955339   0.897112  0.0589233  0.0680289 0.00291991
  0.898915   0.182954  0.0955339   0.897112  0.0589233  0.0680289 0.00291991
  0.898915   0.182954  0.0955339   0.897112  0.0589233  0.0680289 0.00291991
  0.898915   0.182954  0.0955339   0.897112  0.0589233  0.0680289 0.00291991
  0.898915   0.182954  0.0955339   0.897112  0.0589233  0.0680289 0.00291991
  0.898915   0.182954  0.0955339   0.897112  0.0589233  0.0680289 0.00291991
  0.898915   0.182954  0.0955339   0.897112  0.0589233  0.0680289 0.00291991
  0.898915   0.182954  0.0955339   0.897112  0.0589233  0.0680289 0.00291991
  0.898915   0.182954  0.0955339   0.897112  0.0589233  0.0680289 0.00291991
  0.898915   0.182954  0.0955339   0.897112  0.0589233  0.0680289 0.00291991
  0.898915   0.182954  0.0955339   0.897112  0.0589233  0.0680289 0.00291991
  0.898915   0.182954  0.0955339   0.897112  0.0589233  0.0680289 0.00291991
  0.898915   0.182954  0.0955339   0.897112  0.0589233  0.0680289 0.00291991
  0.898538   0.182225    0.09553   0.897089  0.0589252  0.0680627 0.00291974
  0.898538   0.182225    0.09553   0.897089  0.0589252  0.0680627 0.00291974
  0.898538   0.182225    0.09553   0.897089  0.0589252  0.0680627 0.00291974
  0.898538   0.182225    0.09553   0.897089  0.0589252  0.0680627 0.00291974
  0.898538   0.182225    0.09553   0.897089  0.0589252  0.0680627 0.00291974
  0.898538   0.182225    0.09553   0.897089  0.0589252  0.0680627 0.00291974
  0.898538   0.182225    0.09553   0.897089  0.0589252  0.0680627 0.00291974
  0.898538   0.182225    0.09553   0.897089  0.0589252  0.0680627 0.00291974
  0.898538   0.182225    0.09553   0.897089  0.0589252  0.0680627 0.00291974
  0.898538   0.182225    0.09553   0.897089  0.0589252  0.0680627 0.00291974
  0.898538   0.182225    0.09553   0.897089  0.0589252  0.0680627 0.00291974
  0.904845   0.184204  0.0955274   0.897096  0.0589257  0.0680654 0.00291924
  0.904845   0.184204  0.0955274   0.897096  0.0589257  0.0680654 0.00291924
  0.904845   0.184204  0.0955274   0.897096  0.0589257  0.0680654 0.00291924
  0.904845   0.184204  0.0955274   0.897096  0.0589257  0.0680654 0.00291924
  0.904845   0.184204  0.0955274   0.897096  0.0589257  0.0680654 0.00291924
  0.904845   0.184204  0.0955274   0.897096  0.0589257  0.0680654 0.00291924
  0.933661   0.193411  0.0955274   0.897096  0.0589257  0.0680654 0.00291801
  0.933661   0.193411  0.0955274   0.897096  0.0589257  0.0680654 0.00291801
  0.933661   0.193411  0.0955274   0.897096  0.0589257  0.0680654 0.00291801
  0.933661   0.193411  0.0955274   0.897096  0.0589257  0.0680654 0.00291801
  0.933661   0.193411  0.0955274   0.897096  0.0589257  0.0680654 0.00291801
  0.933661   0.193411  0.0955274   0.897096  0.0589257  0.0680654 0.00291801
  0.933661   0.193411  0.0955274   0.897096  0.0589257  0.0680654 0.00291801
  0.931631   0.193122  0.0955035   0.897079  0.0589284  0.0680434 0.00291798
  0.931631   0.193122  0.0955035   0.897079  0.0589284  0.0680434 0.00291798
  0.931631   0.193122  0.0955035   0.897079  0.0589284  0.0680434 0.00291798
  0.931631   0.193122  0.0955035   0.897079  0.0589284  0.0680434 0.00291798
   0.92029   0.189545  0.0955138   0.897078  0.0589262  0.0680486 0.00291794
   0.92029   0.189545  0.0955138   0.897078  0.0589262  0.0680486 0.00291794
   0.92029   0.189545  0.0955138   0.897078  0.0589262  0.0680486 0.00291794
   0.92029   0.189545  0.0955138   0.897078  0.0589262  0.0680486 0.00291794
   0.92029   0.189545  0.0955138   0.897078  0.0589262  0.0680486 0.00291794
   0.92029   0.189545  0.0955138   0.897078  0.0589262  0.0680486 0.00291794
   0.92029   0.189545  0.0955138   0.897078  0.0589262  0.0680486 0.00291794
   0.92029   0.189545  0.0955138   0.897078  0.0589262  0.0680486 0.00291794
   0.92029   0.189545  0.0955138   0.897078  0.0589262  0.0680486 0.00291794
   0.92029   0.189545  0.0955138   0.897078  0.0589262  0.0680486 0.00291794
   0.92029   0.189545  0.0955138   0.897078  0.0589262  0.0680486 0.00291794
   0.92029   0.189545  0.0955138   0.897078  0.0589262  0.0680486 0.00291794
   0.92029   0.189545  0.0955138   0.897078  0.0589262  0.0680486 0.00291794
   0.92029   0.189545  0.0955138   0.897078  0.0589262  0.0680486 0.00291794
   0.92029   0.189545  0.0955138   0.897078  0.0589262  0.0680486 0.00291794
  0.918178   0.188835  0.0955137   0.897078  0.0589262  0.0680494 0.00291787
  0.918178   0.188835  0.0955137   0.897078  0.0589262  0.0680494 0.00291787
  0.918178   0.188835  0.0955137   0.897078  0.0589262  0.0680494 0.00291787
  0.918178   0.188835  0.0955137   0.897078  0.0589262  0.0680494 0.00291787
  0.918178   0.188835  0.0955137   0.897078  0.0589262  0.0680494 0.00291787
  0.918178   0.188835  0.0955137   0.897078  0.0589262  0.0680494 0.00291787
  0.918178   0.188835  0.0955137   0.897078  0.0589262  0.0680494 0.00291787
  0.918178   0.188835  0.0955137   0.897078  0.0589262  0.0680494 0.00291787
  0.918178   0.188835  0.0955137   0.897078  0.0589262  0.0680494 0.00291787
  0.918178   0.188835  0.0955137   0.897078  0.0589262  0.0680494 0.00291787
  0.918178   0.188835  0.0955137   0.897078  0.0589262  0.0680494 0.00291787
  0.918178   0.188835  0.0955137   0.897078  0.0589262  0.0680494 0.00291787
  0.918178   0.188835  0.0955137   0.897078  0.0589262  0.0680494 0.00291787
  0.918178   0.188835  0.0955137   0.897078  0.0589262  0.0680494 0.00291787
  0.918178   0.188835  0.0955137   0.897078  0.0589262  0.0680494 0.00291787
  0.918178   0.188835  0.0955137   0.897078  0.0589262  0.0680494 0.00291787
  0.918178   0.188835  0.0955137   0.897078  0.0589262  0.0680494 0.00291787
  0.918178   0.188835  0.0955137   0.897078  0.0589262  0.0680494 0.00291787
  0.918178   0.188835  0.0955137   0.897078  0.0589262  0.0680494 0.00291787
  0.918178   0.188835  0.0955137   0.897078  0.0589262  0.0680494 0.00291787
  0.918178   0.188835  0.0955137   0.897078  0.0589262  0.0680494 0.00291787
  0.918178   0.188835  0.0955137   0.897078  0.0589262  0.0680494 0.00291787
  0.918178   0.188835  0.0955137   0.897078  0.0589262  0.0680494 0.00291787
  0.918178   0.188835  0.0955137   0.897078  0.0589262  0.0680494 0.00291787
  0.918178   0.188835  0.0955137   0.897078  0.0589262  0.0680494 0.00291787
  0.918178   0.188835  0.0955137   0.897078  0.0589262  0.0680494 0.00291787
  0.918178   0.188835  0.0955137   0.897078  0.0589262  0.0680494 0.00291787
  0.918178   0.188835  0.0955137   0.897078  0.0589262  0.0680494 0.00291787
  0.918178   0.188835  0.0955137   0.897078  0.0589262  0.0680494 0.00291787
  0.918178   0.188835  0.0955137   0.897078  0.0589262  0.0680494 0.00291787
  0.918178   0.188835  0.0955137   0.897078  0.0589262  0.0680494 0.00291787
  0.918178   0.188835  0.0955137   0.897078  0.0589262  0.0680494 0.00291787
  0.918178   0.188835  0.0955137   0.897078  0.0589262  0.0680494 0.00291787
  0.918178   0.188835  0.0955137   0.897078  0.0589262  0.0680494 0.00291787
  0.918178   0.188835  0.0955137   0.897078  0.0589262  0.0680494 0.00291787
  0.918178   0.188835  0.0955137   0.897078  0.0589262  0.0680494 0.00291787
  0.918178   0.188835  0.0955137   0.897078  0.0589262  0.0680494 0.00291787
  0.918178   0.188835  0.0955137   0.897078  0.0589262  0.0680494 0.00291787
  0.918178   0.188835  0.0955137   0.897078  0.0589262  0.0680494 0.00291787
  0.918178   0.188835  0.0955137   0.897078  0.0589262  0.0680494 0.00291787
  0.918178   0.188835  0.0955137   0.897078  0.0589262  0.0680494 0.00291787
  0.918178   0.188835  0.0955137   0.897078  0.0589262  0.0680494 0.00291787
  0.918178   0.188835  0.0955137   0.897078  0.0589262  0.0680494 0.00291787
  0.918178   0.188835  0.0955137   0.897078  0.0589262  0.0680494 0.00291787
  0.918178   0.188835  0.0955137   0.897078  0.0589262  0.0680494 0.00291787
  0.918178   0.188835  0.0955137   0.897078  0.0589262  0.0680494 0.00291787
  0.918178   0.188835  0.0955137   0.897078  0.0589262  0.0680494 0.00291787
  0.918178   0.188835  0.0955137   0.897078  0.0589262  0.0680494 0.00291787
  0.918178   0.188835  0.0955137   0.897078  0.0589262  0.0680494 0.00291787
  0.918178   0.188835  0.0955137   0.897078  0.0589262  0.0680494 0.00291787
  0.918178   0.188835  0.0955137   0.897078  0.0589262  0.0680494 0.00291787
  0.918178   0.188835  0.0955137   0.897078  0.0589262  0.0680494 0.00291787
  0.918178   0.188835  0.0955137   0.897078  0.0589262  0.0680494 0.00291787
  0.918178   0.188835  0.0955137   0.897078  0.0589262  0.0680494 0.00291787
  0.918178   0.188835  0.0955137   0.897078  0.0589262  0.0680494 0.00291787
  0.918178   0.188835  0.0955137   0.897078  0.0589262  0.0680494 0.00291787
  0.918178   0.188835  0.0955137   0.897078  0.0589262  0.0680494 0.00291787
  0.918178   0.188835  0.0955137   0.897078  0.0589262  0.0680494 0.00291787
  0.918178   0.188835  0.0955137   0.897078  0.0589262  0.0680494 0.00291787
  0.918178   0.188835  0.0955137   0.897078  0.0589262  0.0680494 0.00291787
  0.918178   0.188835  0.0955137   0.897078  0.0589262  0.0680494 0.00291787
  0.918178   0.188835  0.0955137   0.897078  0.0589262  0.0680494 0.00291787
  0.918178   0.188835  0.0955137   0.897078  0.0589262  0.0680494 0.00291787
  0.918178   0.188835  0.0955137   0.897078  0.0589262  0.0680494 0.00291787
  0.918178   0.188835  0.0955137   0.897078  0.0589262  0.0680494 0.00291787
  0.918178   0.188835  0.0955137   0.897078  0.0589262  0.0680494 0.00291787
  0.918178   0.188835  0.0955137   0.897078  0.0589262  0.0680494 0.00291787
  0.918178   0.188835  0.0955137   0.897078  0.0589262  0.0680494 0.00291787
  0.918178   0.188835  0.0955137   0.897078  0.0589262  0.0680494 0.00291787
  0.918178   0.188835  0.0955137   0.897078  0.0589262  0.0680494 0.00291787
  0.918178   0.188835  0.0955137   0.897078  0.0589262  0.0680494 0.00291787
  0.918178   0.188835  0.0955137   0.897078  0.0589262  0.0680494 0.00291787
  0.918178   0.188835  0.0955137   0.897078  0.0589262  0.0680494 0.00291787
  0.918178   0.188835  0.0955137   0.897078  0.0589262  0.0680494 0.00291787
  0.918178   0.188835  0.0955137   0.897078  0.0589262  0.0680494 0.00291787
  0.920529    0.18947  0.0955132   0.897078  0.0589263  0.0680491 0.00291786
  0.920529    0.18947  0.0955132   0.897078  0.0589263  0.0680491 0.00291786
  0.920529    0.18947  0.0955132   0.897078  0.0589263  0.0680491 0.00291786
  0.920529    0.18947  0.0955132   0.897078  0.0589263  0.0680491 0.00291786
  0.920529    0.18947  0.0955132   0.897078  0.0589263  0.0680491 0.00291786
  0.920529    0.18947  0.0955132   0.897078  0.0589263  0.0680491 0.00291786
  0.920529    0.18947  0.0955132   0.897078  0.0589263  0.0680491 0.00291786
  0.920529    0.18947  0.0955132   0.897078  0.0589263  0.0680491 0.00291786
  0.920529    0.18947  0.0955132   0.897078  0.0589263  0.0680491 0.00291786
  0.920529    0.18947  0.0955132   0.897078  0.0589263  0.0680491 0.00291786
  0.920529    0.18947  0.0955132   0.897078  0.0589263  0.0680491 0.00291786
  0.920529    0.18947  0.0955132   0.897078  0.0589263  0.0680491 0.00291786
  0.920489   0.189504  0.0955134   0.897078  0.0589262  0.0680492 0.00291784
  0.920489   0.189504  0.0955134   0.897078  0.0589262  0.0680492 0.00291784
  0.920489   0.189504  0.0955134   0.897078  0.0589262  0.0680492 0.00291784
  0.920489   0.189504  0.0955134   0.897078  0.0589262  0.0680492 0.00291784
  0.920489   0.189504  0.0955134   0.897078  0.0589262  0.0680492 0.00291784
  0.920489   0.189504  0.0955134   0.897078  0.0589262  0.0680492 0.00291784
  0.920489   0.189504  0.0955134   0.897078  0.0589262  0.0680492 0.00291784
  0.920489   0.189504  0.0955134   0.897078  0.0589262  0.0680492 0.00291784
  0.920489   0.189504  0.0955134   0.897078  0.0589262  0.0680492 0.00291784
  0.920489   0.189504  0.0955134   0.897078  0.0589262  0.0680492 0.00291784
  0.920489   0.189504  0.0955134   0.897078  0.0589262  0.0680492 0.00291784
  0.920489   0.189504  0.0955134   0.897078  0.0589262  0.0680492 0.00291784
  0.920489   0.189504  0.0955134   0.897078  0.0589262  0.0680492 0.00291784
  0.920489   0.189504  0.0955134   0.897078  0.0589262  0.0680492 0.00291784
  0.920489   0.189504  0.0955134   0.897078  0.0589262  0.0680492 0.00291784
  0.920489   0.189504  0.0955134   0.897078  0.0589262  0.0680492 0.00291784
  0.920489   0.189504  0.0955134   0.897078  0.0589262  0.0680492 0.00291784
  0.920489   0.189504  0.0955134   0.897078  0.0589262  0.0680492 0.00291784
  0.920489   0.189504  0.0955134   0.897078  0.0589262  0.0680492 0.00291784
  0.920489   0.189504  0.0955134   0.897078  0.0589262  0.0680492 0.00291784
  0.920489   0.189504  0.0955134   0.897078  0.0589262  0.0680492 0.00291784
  0.920489   0.189504  0.0955134   0.897078  0.0589262  0.0680492 0.00291784
  0.920489   0.189504  0.0955134   0.897078  0.0589262  0.0680492 0.00291784
  0.920489   0.189504  0.0955134   0.897078  0.0589262  0.0680492 0.00291784
  0.920489   0.189504  0.0955134   0.897078  0.0589262  0.0680492 0.00291784
  0.920489   0.189504  0.0955134   0.897078  0.0589262  0.0680492 0.00291784
  0.920489   0.189504  0.0955134   0.897078  0.0589262  0.0680492 0.00291784
  0.920489   0.189504  0.0955134   0.897078  0.0589262  0.0680492 0.00291784
  0.920489   0.189504  0.0955134   0.897078  0.0589262  0.0680492 0.00291784
  0.920489   0.189504  0.0955134   0.897078  0.0589262  0.0680492 0.00291784
  0.920489   0.189504  0.0955134   0.897078  0.0589262  0.0680492 0.00291784
  0.920489   0.189504  0.0955134   0.897078  0.0589262  0.0680492 0.00291784
  0.920489   0.189504  0.0955134   0.897078  0.0589262  0.0680492 0.00291784
  0.920489   0.189504  0.0955134   0.897078  0.0589262  0.0680492 0.00291784
  0.920489   0.189504  0.0955134   0.897078  0.0589262  0.0680492 0.00291784
  0.920489   0.189504  0.0955134   0.897078  0.0589262  0.0680492 0.00291784
  0.920489   0.189504  0.0955134   0.897078  0.0589262  0.0680492 0.00291784
  0.920489   0.189504  0.0955134   0.897078  0.0589262  0.0680492 0.00291784
  0.920489   0.189504  0.0955134   0.897078  0.0589262  0.0680492 0.00291784
  0.920489   0.189504  0.0955134   0.897078  0.0589262  0.0680492 0.00291784
  0.920489   0.189504  0.0955134   0.897078  0.0589262  0.0680492 0.00291784
  0.920489   0.189504  0.0955134   0.897078  0.0589262  0.0680492 0.00291784
  0.920489   0.189504  0.0955134   0.897078  0.0589262  0.0680492 0.00291784
  0.920489   0.189504  0.0955134   0.897078  0.0589262  0.0680492 0.00291784
  0.920489   0.189504  0.0955134   0.897078  0.0589262  0.0680492 0.00291784
  0.920489   0.189504  0.0955134   0.897078  0.0589262  0.0680492 0.00291784
  0.920489   0.189504  0.0955134   0.897078  0.0589262  0.0680492 0.00291784
  0.920489   0.189504  0.0955134   0.897078  0.0589262  0.0680492 0.00291784
  0.920489   0.189504  0.0955134   0.897078  0.0589262  0.0680492 0.00291784
  0.920489   0.189504  0.0955134   0.897078  0.0589262  0.0680492 0.00291784
  0.920489   0.189504  0.0955134   0.897078  0.0589262  0.0680492 0.00291784
  0.920489   0.189504  0.0955134   0.897078  0.0589262  0.0680492 0.00291784
  0.920489   0.189504  0.0955134   0.897078  0.0589262  0.0680492 0.00291784
  0.920489   0.189504  0.0955134   0.897078  0.0589262  0.0680492 0.00291784
  0.920489   0.189504  0.0955134   0.897078  0.0589262  0.0680492 0.00291784
  0.920489   0.189504  0.0955134   0.897078  0.0589262  0.0680492 0.00291784
  0.920489   0.189504  0.0955134   0.897078  0.0589262  0.0680492 0.00291784
  0.920489   0.189504  0.0955134   0.897078  0.0589262  0.0680492 0.00291784
  0.920489   0.189504  0.0955134   0.897078  0.0589262  0.0680492 0.00291784
  0.925304   0.193205  0.0934505     0.8976  0.0607821  0.0668021 0.00288102
  0.925304   0.193205  0.0934505     0.8976  0.0607821  0.0668021 0.00288102
  0.925304   0.193205  0.0934505     0.8976  0.0607821  0.0668021 0.00288102
  0.925304   0.193205  0.0934505     0.8976  0.0607821  0.0668021 0.00288102
  0.925304   0.193205  0.0934505     0.8976  0.0607821  0.0668021 0.00288102
  0.925304   0.193205  0.0934505     0.8976  0.0607821  0.0668021 0.00288102
  0.925304   0.193205  0.0934505     0.8976  0.0607821  0.0668021 0.00288102
  0.919451   0.190802  0.0934505     0.8976  0.0607821  0.0668021 0.00287924
  0.919451   0.190802  0.0934505     0.8976  0.0607821  0.0668021 0.00287924
  0.919451   0.190802  0.0934505     0.8976  0.0607821  0.0668021 0.00287924
  0.919451   0.190802  0.0934505     0.8976  0.0607821  0.0668021 0.00287924
  0.919451   0.190802  0.0934505     0.8976  0.0607821  0.0668021 0.00287924
  0.919451   0.190802  0.0934505     0.8976  0.0607821  0.0668021 0.00287924
  0.919451   0.190802  0.0934505     0.8976  0.0607821  0.0668021 0.00287924
  0.919451   0.190802  0.0934505     0.8976  0.0607821  0.0668021 0.00287924
  0.919451   0.190802  0.0934505     0.8976  0.0607821  0.0668021 0.00287924
  0.919451   0.190802  0.0934505     0.8976  0.0607821  0.0668021 0.00287924
  0.919451   0.190802  0.0934505     0.8976  0.0607821  0.0668021 0.00287924
  0.919451   0.190802  0.0934505     0.8976  0.0607821  0.0668021 0.00287924
  0.919451   0.190802  0.0934505     0.8976  0.0607821  0.0668021 0.00287924
  0.919451   0.190802  0.0934505     0.8976  0.0607821  0.0668021 0.00287924
  0.927213   0.193227  0.0934505     0.8976  0.0607821  0.0668021 0.00287923
  0.927213   0.193227  0.0934505     0.8976  0.0607821  0.0668021 0.00287923
  0.927213   0.193227  0.0934505     0.8976  0.0607821  0.0668021 0.00287923
  0.927213   0.193227  0.0934505     0.8976  0.0607821  0.0668021 0.00287923
  0.927213   0.193227  0.0934505     0.8976  0.0607821  0.0668021 0.00287923
  0.927213   0.193227  0.0934505     0.8976  0.0607821  0.0668021 0.00287923
  0.927213   0.193227  0.0934505     0.8976  0.0607821  0.0668021 0.00287923
  0.927213   0.193227  0.0934505     0.8976  0.0607821  0.0668021 0.00287923
  0.927213   0.193227  0.0934505     0.8976  0.0607821  0.0668021 0.00287923
  0.927213   0.193227  0.0934505     0.8976  0.0607821  0.0668021 0.00287923
  0.927213   0.193227  0.0934505     0.8976  0.0607821  0.0668021 0.00287923
  0.927213   0.193227  0.0934505     0.8976  0.0607821  0.0668021 0.00287923
  0.927213   0.193227  0.0934505     0.8976  0.0607821  0.0668021 0.00287923
  0.927213   0.193227  0.0934505     0.8976  0.0607821  0.0668021 0.00287923
  0.927213   0.193227  0.0934505     0.8976  0.0607821  0.0668021 0.00287923
  0.927213   0.193227  0.0934505     0.8976  0.0607821  0.0668021 0.00287923
  0.927213   0.193227  0.0934505     0.8976  0.0607821  0.0668021 0.00287923
  0.927213   0.193227  0.0934505     0.8976  0.0607821  0.0668021 0.00287923
  0.927213   0.193227  0.0934505     0.8976  0.0607821  0.0668021 0.00287923
  0.927213   0.193227  0.0934505     0.8976  0.0607821  0.0668021 0.00287923
  0.927213   0.193227  0.0934505     0.8976  0.0607821  0.0668021 0.00287923
  0.927213   0.193227  0.0934505     0.8976  0.0607821  0.0668021 0.00287723
  0.927213   0.193227  0.0934505     0.8976  0.0607821  0.0668021 0.00287723
  0.927213   0.193227  0.0934505     0.8976  0.0607821  0.0668021 0.00287723
  0.927213   0.193227  0.0934505     0.8976  0.0607821  0.0668021 0.00287723
  0.927213   0.193227  0.0934505     0.8976  0.0607821  0.0668021 0.00287723
  0.927213   0.193227  0.0934505     0.8976  0.0607821  0.0668021 0.00287723
  0.927213   0.193227  0.0934505     0.8976  0.0607821  0.0668021 0.00287723
  0.927213   0.193227  0.0934505     0.8976  0.0607821  0.0668021 0.00287723
  0.927213   0.193227  0.0934505     0.8976  0.0607821  0.0668021 0.00287723
  0.927213   0.193227  0.0934505     0.8976  0.0607821  0.0668021 0.00287723
  0.927213   0.193227  0.0934505     0.8976  0.0607821  0.0668021 0.00287723
  0.927213   0.193227  0.0934505     0.8976  0.0607821  0.0668021 0.00287723
  0.927213   0.193227  0.0934505     0.8976  0.0607821  0.0668021 0.00287723
  0.927213   0.193227  0.0934505     0.8976  0.0607821  0.0668021 0.00287723
  0.927213   0.193227  0.0934505     0.8976  0.0607821  0.0668021 0.00287723
  0.927213   0.193227  0.0934505     0.8976  0.0607821  0.0668021 0.00287723
  0.927213   0.193227  0.0934505     0.8976  0.0607821  0.0668021 0.00287723
  0.927213   0.193227  0.0934505     0.8976  0.0607821  0.0668021 0.00287723
  0.927213   0.193227  0.0934505     0.8976  0.0607821  0.0668021 0.00287723
  0.927213   0.193227  0.0934505     0.8976  0.0607821  0.0668021 0.00287723
  0.927213   0.193227  0.0934505     0.8976  0.0607821  0.0668021 0.00287723
  0.927213   0.193227  0.0934505     0.8976  0.0607821  0.0668021 0.00287723
  0.927213   0.193227  0.0934505     0.8976  0.0607821  0.0668021 0.00287723
  0.925677   0.192751  0.0934643   0.897689  0.0607848  0.0667817 0.00287688
  0.925121   0.192827  0.0934586   0.897662  0.0607813  0.0667866 0.00287662
  0.925121   0.192827  0.0934586   0.897662  0.0607813  0.0667866 0.00287662
  0.925121   0.192827  0.0934586   0.897662  0.0607813  0.0667866 0.00287662
  0.925121   0.192827  0.0934586   0.897662  0.0607813  0.0667866 0.00287662
  0.925121   0.192827  0.0934586   0.897662  0.0607813  0.0667866 0.00287662
  0.925121   0.192827  0.0934586   0.897662  0.0607813  0.0667866 0.00287662
  0.925121   0.192827  0.0934586   0.897662  0.0607813  0.0667866 0.00287662
  0.925121   0.192827  0.0934586   0.897662  0.0607813  0.0667866 0.00287662
   0.92228   0.191843  0.0934068    0.89742  0.0607289  0.0667384 0.00287415
   0.92228   0.191843  0.0934068    0.89742  0.0607289  0.0667384 0.00287415
   0.92228   0.191843  0.0934068    0.89742  0.0607289  0.0667384 0.00287415
   0.92228   0.191843  0.0934068    0.89742  0.0607289  0.0667384 0.00287415
   0.92228   0.191843  0.0934068    0.89742  0.0607289  0.0667384 0.00287415
   0.92228   0.191843  0.0934068    0.89742  0.0607289  0.0667384 0.00287415
   0.92228   0.191843  0.0934068    0.89742  0.0607289  0.0667384 0.00287415
   0.92228   0.191843  0.0934068    0.89742  0.0607289  0.0667384 0.00287415
   0.92228   0.191843  0.0934068    0.89742  0.0607289  0.0667384 0.00287415
   0.92228   0.191843  0.0934068    0.89742  0.0607289  0.0667384 0.00287415
  0.922128   0.191672  0.0934068    0.89742  0.0607289  0.0667384 0.00287415
  0.922128   0.191672  0.0934068    0.89742  0.0607289  0.0667384 0.00287415
  0.922128   0.191672  0.0934068    0.89742  0.0607289  0.0667384 0.00287415
  0.922128   0.191672  0.0934068    0.89742  0.0607289  0.0667384 0.00287415
  0.922128   0.191672  0.0934068    0.89742  0.0607289  0.0667384 0.00287415
  0.922128   0.191672  0.0934068    0.89742  0.0607289  0.0667384 0.00287415
  0.922128   0.191672  0.0934068    0.89742  0.0607289  0.0667384 0.00287415
  0.922128   0.191672  0.0934068    0.89742  0.0607289  0.0667384 0.00287415
  0.922128   0.191672  0.0934068    0.89742  0.0607289  0.0667384 0.00287415
  0.922128   0.191672  0.0934068    0.89742  0.0607289  0.0667384 0.00287415
  0.922128   0.191672  0.0934068    0.89742  0.0607289  0.0667384 0.00287415
  0.922128   0.191672  0.0934068    0.89742  0.0607289  0.0667384 0.00287415
  0.922128   0.191672  0.0934068    0.89742  0.0607289  0.0667384 0.00287415
  0.922128   0.191672  0.0934068    0.89742  0.0607289  0.0667384 0.00287415
  0.922128   0.191672  0.0934068    0.89742  0.0607289  0.0667384 0.00287415
  0.922128   0.191672  0.0934068    0.89742  0.0607289  0.0667384 0.00287415
  0.922128   0.191672  0.0934068    0.89742  0.0607289  0.0667384 0.00287415
  0.922128   0.191672  0.0934068    0.89742  0.0607289  0.0667384 0.00287415
  0.922128   0.191672  0.0934068    0.89742  0.0607289  0.0667384 0.00287415
  0.922128   0.191672  0.0934068    0.89742  0.0607289  0.0667384 0.00287415
  0.922128   0.191672  0.0934068    0.89742  0.0607289  0.0667384 0.00287415
  0.922128   0.191672  0.0934068    0.89742  0.0607289  0.0667384 0.00287415
  0.922128   0.191672  0.0934068    0.89742  0.0607289  0.0667384 0.00287415
  0.922128   0.191672  0.0934068    0.89742  0.0607289  0.0667384 0.00287415
  0.922128   0.191672  0.0934068    0.89742  0.0607289  0.0667384 0.00287415
  0.922128   0.191672  0.0934068    0.89742  0.0607289  0.0667384 0.00287415
  0.922128   0.191672  0.0934068    0.89742  0.0607289  0.0667384 0.00287415
  0.922128   0.191672  0.0934068    0.89742  0.0607289  0.0667384 0.00287415
  0.922128   0.191672  0.0934068    0.89742  0.0607289  0.0667384 0.00287415
  0.922128   0.191672  0.0934068    0.89742  0.0607289  0.0667384 0.00287415
  0.922128   0.191672  0.0934068    0.89742  0.0607289  0.0667384 0.00287415
  0.922128   0.191672  0.0934068    0.89742  0.0607289  0.0667384 0.00287415
  0.922128   0.191672  0.0934068    0.89742  0.0607289  0.0667384 0.00287415
  0.922128   0.191672  0.0934068    0.89742  0.0607289  0.0667384 0.00287415
  0.922128   0.191672  0.0934068    0.89742  0.0607289  0.0667384 0.00287415
  0.922128   0.191672  0.0934068    0.89742  0.0607289  0.0667384 0.00287415
  0.922128   0.191672  0.0934068    0.89742  0.0607289  0.0667384 0.00287415
  0.922128   0.191672  0.0934068    0.89742  0.0607289  0.0667384 0.00287415
  0.922128   0.191672  0.0934068    0.89742  0.0607289  0.0667384 0.00287415
  0.922128   0.191672  0.0934068    0.89742  0.0607289  0.0667384 0.00287415
  0.922128   0.191672  0.0934068    0.89742  0.0607289  0.0667384 0.00287415
  0.922128   0.191672  0.0934068    0.89742  0.0607289  0.0667384 0.00287415
  0.922128   0.191672  0.0934068    0.89742  0.0607289  0.0667384 0.00287415
  0.922128   0.191672  0.0934068    0.89742  0.0607289  0.0667384 0.00287415
  0.922128   0.191672  0.0934068    0.89742  0.0607289  0.0667384 0.00287415
  0.922128   0.191672  0.0934068    0.89742  0.0607289  0.0667384 0.00287415
  0.922128   0.191672  0.0934068    0.89742  0.0607289  0.0667384 0.00287415
  0.922128   0.191672  0.0934068    0.89742  0.0607289  0.0667384 0.00287415
  0.922128   0.191672  0.0934068    0.89742  0.0607289  0.0667384 0.00287415
  0.922128   0.191672  0.0934068    0.89742  0.0607289  0.0667384 0.00287415
  0.922128   0.191672  0.0934068    0.89742  0.0607289  0.0667384 0.00287415
  0.922128   0.191672  0.0934068    0.89742  0.0607289  0.0667384 0.00287415
  0.922128   0.191672  0.0934068    0.89742  0.0607289  0.0667384 0.00287415
  0.922128   0.191672  0.0934068    0.89742  0.0607289  0.0667384 0.00287415
  0.922128   0.191672  0.0934068    0.89742  0.0607289  0.0667384 0.00287415
  0.922128   0.191672  0.0934068    0.89742  0.0607289  0.0667384 0.00287415
  0.922128   0.191672  0.0934068    0.89742  0.0607289  0.0667384 0.00287415
  0.922128   0.191672  0.0934068    0.89742  0.0607289  0.0667384 0.00287415
  0.922128   0.191672  0.0934068    0.89742  0.0607289  0.0667384 0.00287415
  0.922128   0.191672  0.0934068    0.89742  0.0607289  0.0667384 0.00287415
    0.9186   0.190603  0.0934069    0.89742  0.0607291  0.0667385 0.00287412
    0.9186   0.190603  0.0934069    0.89742  0.0607291  0.0667385 0.00287412
    0.9186   0.190603  0.0934069    0.89742  0.0607291  0.0667385 0.00287412
    0.9186   0.190603  0.0934069    0.89742  0.0607291  0.0667385 0.00287412
    0.9186   0.190603  0.0934069    0.89742  0.0607291  0.0667385 0.00287412
    0.9186   0.190603  0.0934069    0.89742  0.0607291  0.0667385 0.00287412
    0.9186   0.190603  0.0934069    0.89742  0.0607291  0.0667385 0.00287412
    0.9186   0.190603  0.0934069    0.89742  0.0607291  0.0667385 0.00287412
    0.9186   0.190603  0.0934069    0.89742  0.0607291  0.0667385 0.00287412
    0.9186   0.190603  0.0934069    0.89742  0.0607291  0.0667385 0.00287412
    0.9186   0.190603  0.0934069    0.89742  0.0607291  0.0667385 0.00287412
    0.9186   0.190603  0.0934069    0.89742  0.0607291  0.0667385 0.00287412
    0.9186   0.190603  0.0934069    0.89742  0.0607291  0.0667385 0.00287412
    0.9186   0.190603  0.0934069    0.89742  0.0607291  0.0667385 0.00287412
    0.9186   0.190603  0.0934069    0.89742  0.0607291  0.0667385 0.00287412
    0.9186   0.190603  0.0934069    0.89742  0.0607291  0.0667385 0.00287412
    0.9186   0.190603  0.0934069    0.89742  0.0607291  0.0667385 0.00287412
    0.9186   0.190603  0.0934069    0.89742  0.0607291  0.0667385 0.00287412
    0.9186   0.190603  0.0934069    0.89742  0.0607291  0.0667385 0.00287412
    0.9186   0.190603  0.0934069    0.89742  0.0607291  0.0667385 0.00287412
    0.9186   0.190603  0.0934069    0.89742  0.0607291  0.0667385 0.00287412
    0.9186   0.190603  0.0934069    0.89742  0.0607291  0.0667385 0.00287412
    0.9186   0.190603  0.0934069    0.89742  0.0607291  0.0667385 0.00287412
    0.9186   0.190603  0.0934069    0.89742  0.0607291  0.0667385 0.00287412
    0.9186   0.190603  0.0934069    0.89742  0.0607291  0.0667385 0.00287412
    0.9186   0.190603  0.0934069    0.89742  0.0607291  0.0667385 0.00287412
    0.9186   0.190603  0.0934069    0.89742  0.0607291  0.0667385 0.00287412
    0.9186   0.190603  0.0934069    0.89742  0.0607291  0.0667385 0.00287412
    0.9186   0.190603  0.0934069    0.89742  0.0607291  0.0667385 0.00287412
    0.9186   0.190603  0.0934069    0.89742  0.0607291  0.0667385 0.00287412
    0.9186   0.190603  0.0934069    0.89742  0.0607291  0.0667385 0.00287412
    0.9186   0.190603  0.0934069    0.89742  0.0607291  0.0667385 0.00287412
    0.9186   0.190603  0.0934069    0.89742  0.0607291  0.0667385 0.00287412
    0.9186   0.190603  0.0934069    0.89742  0.0607291  0.0667385 0.00287412
    0.9186   0.190603  0.0934069    0.89742  0.0607291  0.0667385 0.00287412
    0.9186   0.190603  0.0934069    0.89742  0.0607291  0.0667385 0.00287412
  0.918125   0.190488  0.0934071   0.897421  0.0607293  0.0667387 0.00287412
  0.918125   0.190488  0.0934071   0.897421  0.0607293  0.0667387 0.00287412
  0.918125   0.190488  0.0934071   0.897421  0.0607293  0.0667387 0.00287412
  0.918125   0.190488  0.0934071   0.897421  0.0607293  0.0667387 0.00287412
  0.918125   0.190488  0.0934071   0.897421  0.0607293  0.0667387 0.00287412
  0.918125   0.190488  0.0934071   0.897421  0.0607293  0.0667387 0.00287412
  0.918125   0.190488  0.0934071   0.897421  0.0607293  0.0667387 0.00287412
  0.918125   0.190488  0.0934071   0.897421  0.0607293  0.0667387 0.00287412
  0.918125   0.190488  0.0934071   0.897421  0.0607293  0.0667387 0.00287412
  0.918125   0.190488  0.0934071   0.897421  0.0607293  0.0667387 0.00287412
  0.917214   0.190158  0.0934131   0.897432  0.0607289  0.0667385 0.00287402
  0.917214   0.190158  0.0934131   0.897432  0.0607289  0.0667385 0.00287402
  0.917214   0.190158  0.0934131   0.897432  0.0607289  0.0667385 0.00287402
  0.917214   0.190158  0.0934131   0.897432  0.0607289  0.0667385 0.00287402
  0.917214   0.190158  0.0934131   0.897432  0.0607289  0.0667385 0.00287402
  0.917214   0.190158  0.0934131   0.897432  0.0607289  0.0667385 0.00287402
  0.917214   0.190158  0.0934131   0.897432  0.0607289  0.0667385 0.00287402
  0.917214   0.190158  0.0934131   0.897432  0.0607289  0.0667385 0.00287402
  0.917214   0.190158  0.0934131   0.897432  0.0607289  0.0667385 0.00287402
  0.917214   0.190158  0.0934131   0.897432  0.0607289  0.0667385 0.00287402
  0.917214   0.190158  0.0934131   0.897432  0.0607289  0.0667385 0.00287402
  0.917214   0.190158  0.0934131   0.897432  0.0607289  0.0667385 0.00287402
  0.917214   0.190158  0.0934131   0.897432  0.0607289  0.0667385 0.00287402
  0.917214   0.190158  0.0934131   0.897432  0.0607289  0.0667385 0.00287402
  0.917214   0.190158  0.0934131   0.897432  0.0607289  0.0667385 0.00287402
  0.917214   0.190158  0.0934131   0.897432  0.0607289  0.0667385 0.00287402
  0.917214   0.190158  0.0934131   0.897432  0.0607289  0.0667385 0.00287402
  0.917214   0.190158  0.0934131   0.897432  0.0607289  0.0667385 0.00287402
  0.917214   0.190158  0.0934131   0.897432  0.0607289  0.0667385 0.00287402
  0.917214   0.190158  0.0934131   0.897432  0.0607289  0.0667385 0.00287402
  0.917214   0.190158  0.0934131   0.897432  0.0607289  0.0667385 0.00287402
  0.917214   0.190158  0.0934131   0.897432  0.0607289  0.0667385 0.00287402
  0.917214   0.190158  0.0934131   0.897432  0.0607289  0.0667385 0.00287402
  0.917214   0.190158  0.0934131   0.897432  0.0607289  0.0667385 0.00287402
  0.917214   0.190158  0.0934131   0.897432  0.0607289  0.0667385 0.00287402
  0.917214   0.190158  0.0934131   0.897432  0.0607289  0.0667385 0.00287402
  0.917214   0.190158  0.0934131   0.897432  0.0607289  0.0667385 0.00287402
  0.917214   0.190158  0.0934131   0.897432  0.0607289  0.0667385 0.00287402
  0.917214   0.190158  0.0934131   0.897432  0.0607289  0.0667385 0.00287402
  0.917214   0.190158  0.0934131   0.897432  0.0607289  0.0667385 0.00287402
  0.917214   0.190158  0.0934131   0.897432  0.0607289  0.0667385 0.00287402
  0.917214   0.190158  0.0934131   0.897432  0.0607289  0.0667385 0.00287402
  0.917214   0.190158  0.0934131   0.897432  0.0607289  0.0667385 0.00287402
  0.917214   0.190158  0.0934131   0.897432  0.0607289  0.0667385 0.00287402
  0.917214   0.190158  0.0934131   0.897432  0.0607289  0.0667385 0.00287402
  0.917214   0.190158  0.0934131   0.897432  0.0607289  0.0667385 0.00287402
  0.917214   0.190158  0.0934131   0.897432  0.0607289  0.0667385 0.00287402
  0.917214   0.190158  0.0934131   0.897432  0.0607289  0.0667385 0.00287402
  0.917214   0.190158  0.0934131   0.897432  0.0607289  0.0667385 0.00287402
  0.917214   0.190158  0.0934131   0.897432  0.0607289  0.0667385 0.00287402
  0.917214   0.190158  0.0934131   0.897432  0.0607289  0.0667385 0.00287402
  0.917214   0.190158  0.0934131   0.897432  0.0607289  0.0667385 0.00287402
  0.917214   0.190158  0.0934131   0.897432  0.0607289  0.0667385 0.00287402
  0.917214   0.190158  0.0934131   0.897432  0.0607289  0.0667385 0.00287402
  0.917214   0.190158  0.0934131   0.897432  0.0607289  0.0667385 0.00287402
  0.917214   0.190158  0.0934131   0.897432  0.0607289  0.0667385 0.00287402
  0.917214   0.190158  0.0934131   0.897432  0.0607289  0.0667385 0.00287402
  0.917214   0.190158  0.0934131   0.897432  0.0607289  0.0667385 0.00287402
  0.917214   0.190158  0.0934131   0.897432  0.0607289  0.0667385 0.00287402
  0.917214   0.190158  0.0934131   0.897432  0.0607289  0.0667385 0.00287402
  0.917214   0.190158  0.0934131   0.897432  0.0607289  0.0667385 0.00287402
  0.917214   0.190158  0.0934131   0.897432  0.0607289  0.0667385 0.00287402
  0.914667   0.189448  0.0934126   0.897432  0.0607292  0.0667388 0.00287399
  0.914667   0.189448  0.0934126   0.897432  0.0607292  0.0667388 0.00287399
  0.914667   0.189448  0.0934126   0.897432  0.0607292  0.0667388 0.00287399
  0.914667   0.189448  0.0934126   0.897432  0.0607292  0.0667388 0.00287399
  0.916392   0.190031  0.0933152    0.89738  0.0607004  0.0666197 0.00287113
  0.916392   0.190031  0.0933152    0.89738  0.0607004  0.0666197 0.00287113
  0.916392   0.190031  0.0933152    0.89738  0.0607004  0.0666197 0.00287113
  0.916392   0.190031  0.0933152    0.89738  0.0607004  0.0666197 0.00287113
  0.916392   0.190031  0.0933152    0.89738  0.0607004  0.0666197 0.00287113
  0.916392   0.190031  0.0933152    0.89738  0.0607004  0.0666197 0.00287113
  0.916392   0.190031  0.0933152    0.89738  0.0607004  0.0666197 0.00287113
  0.916392   0.190031  0.0933152    0.89738  0.0607004  0.0666197 0.00287113
  0.916392   0.190031  0.0933152    0.89738  0.0607004  0.0666197 0.00287113
  0.916392   0.190031  0.0933152    0.89738  0.0607004  0.0666197 0.00287113
  0.916392   0.190031  0.0933152    0.89738  0.0607004  0.0666197 0.00287113
  0.916392   0.190031  0.0933152    0.89738  0.0607004  0.0666197 0.00287113
  0.916392   0.190031  0.0933152    0.89738  0.0607004  0.0666197 0.00287113
  0.916392   0.190031  0.0933152    0.89738  0.0607004  0.0666197 0.00287113
  0.916392   0.190031  0.0933152    0.89738  0.0607004  0.0666197 0.00287113
  0.916392   0.190031  0.0933152    0.89738  0.0607004  0.0666197 0.00287113
  0.916392   0.190031  0.0933152    0.89738  0.0607004  0.0666197 0.00287113
  0.916392   0.190031  0.0933152    0.89738  0.0607004  0.0666197 0.00287113
  0.916392   0.190031  0.0933152    0.89738  0.0607004  0.0666197 0.00287113
  0.916392   0.190031  0.0933152    0.89738  0.0607004  0.0666197 0.00287113
  0.916392   0.190031  0.0933152    0.89738  0.0607004  0.0666197 0.00287113
  0.916392   0.190031  0.0933152    0.89738  0.0607004  0.0666197 0.00287113
  0.916392   0.190031  0.0933152    0.89738  0.0607004  0.0666197 0.00287113
  0.916392   0.190031  0.0933152    0.89738  0.0607004  0.0666197 0.00287113
  0.916392   0.190031  0.0933152    0.89738  0.0607004  0.0666197 0.00287113
  0.916392   0.190031  0.0933152    0.89738  0.0607004  0.0666197 0.00287113
  0.916392   0.190031  0.0933152    0.89738  0.0607004  0.0666197 0.00287113
  0.916392   0.190031  0.0933152    0.89738  0.0607004  0.0666197 0.00287113
  0.916392   0.190031  0.0933152    0.89738  0.0607004  0.0666197 0.00287113
  0.916392   0.190031  0.0933152    0.89738  0.0607004  0.0666197 0.00287113
  0.916392   0.190031  0.0933152    0.89738  0.0607004  0.0666197 0.00287113
  0.916392   0.190031  0.0933152    0.89738  0.0607004  0.0666197 0.00287113
  0.916392   0.190031  0.0933152    0.89738  0.0607004  0.0666197 0.00287113
  0.916392   0.190031  0.0933152    0.89738  0.0607004  0.0666197 0.00287113
  0.916392   0.190031  0.0933152    0.89738  0.0607004  0.0666197 0.00287113
  0.916392   0.190031  0.0933152    0.89738  0.0607004  0.0666197 0.00287113
  0.916392   0.190031  0.0933152    0.89738  0.0607004  0.0666197 0.00287113
  0.916392   0.190031  0.0933152    0.89738  0.0607004  0.0666197 0.00287113
  0.916392   0.190031  0.0933152    0.89738  0.0607004  0.0666197 0.00287113
  0.916392   0.190031  0.0933152    0.89738  0.0607004  0.0666197 0.00287113
  0.916392   0.190031  0.0933152    0.89738  0.0607004  0.0666197 0.00287113
  0.916392   0.190031  0.0933152    0.89738  0.0607004  0.0666197 0.00287113
  0.916392   0.190031  0.0933152    0.89738  0.0607004  0.0666197 0.00287113
  0.916392   0.190031  0.0933152    0.89738  0.0607004  0.0666197 0.00287113
  0.916392   0.190031  0.0933152    0.89738  0.0607004  0.0666197 0.00287113
  0.916392   0.190031  0.0933152    0.89738  0.0607004  0.0666197 0.00287113
  0.916392   0.190031  0.0933152    0.89738  0.0607004  0.0666197 0.00287113
  0.916392   0.190031  0.0933152    0.89738  0.0607004  0.0666197 0.00287113
  0.916392   0.190031  0.0933152    0.89738  0.0607004  0.0666197 0.00287113
  0.916392   0.190031  0.0933152    0.89738  0.0607004  0.0666197 0.00287113
  0.916392   0.190031  0.0933152    0.89738  0.0607004  0.0666197 0.00287113
  0.916392   0.190031  0.0933152    0.89738  0.0607004  0.0666197 0.00287113
  0.916392   0.190031  0.0933152    0.89738  0.0607004  0.0666197 0.00287113
  0.916392   0.190031  0.0933152    0.89738  0.0607004  0.0666197 0.00287113
  0.916392   0.190031  0.0933152    0.89738  0.0607004  0.0666197 0.00287113
  0.916392   0.190031  0.0933152    0.89738  0.0607004  0.0666197 0.00287113
  0.916392   0.190031  0.0933152    0.89738  0.0607004  0.0666197 0.00287113
  0.916392   0.190031  0.0933152    0.89738  0.0607004  0.0666197 0.00287113
  0.916392   0.190031  0.0933152    0.89738  0.0607004  0.0666197 0.00287113
  0.916392   0.190031  0.0933152    0.89738  0.0607004  0.0666197 0.00287113
  0.916392   0.190031  0.0933152    0.89738  0.0607004  0.0666197 0.00287113
  0.916392   0.190031  0.0933152    0.89738  0.0607004  0.0666197 0.00287113
  0.916392   0.190031  0.0933152    0.89738  0.0607004  0.0666197 0.00287113
  0.916392   0.190031  0.0933152    0.89738  0.0607004  0.0666197 0.00287113
  0.916392   0.190031  0.0933152    0.89738  0.0607004  0.0666197 0.00287113
  0.916392   0.190031  0.0933152    0.89738  0.0607004  0.0666197 0.00287113
  0.910081   0.188038  0.0932948   0.897371  0.0606939  0.0665933 0.00287086
  0.910081   0.188038  0.0932948   0.897371  0.0606939  0.0665933 0.00287086
  0.910081   0.188038  0.0932948   0.897371  0.0606939  0.0665933 0.00287086
  0.910081   0.188038  0.0932948   0.897371  0.0606939  0.0665933 0.00287086
  0.910081   0.188038  0.0932948   0.897371  0.0606939  0.0665933 0.00287086
  0.910081   0.188038  0.0932948   0.897371  0.0606939  0.0665933 0.00287086
  0.910081   0.188038  0.0932948   0.897371  0.0606939  0.0665933 0.00287086
  0.910081   0.188038  0.0932948   0.897371  0.0606939  0.0665933 0.00287086
  0.910081   0.188038  0.0932948   0.897371  0.0606939  0.0665933 0.00287086
  0.910081   0.188038  0.0932948   0.897371  0.0606939  0.0665933 0.00287086
  0.910081   0.188038  0.0932948   0.897371  0.0606939  0.0665933 0.00287086
  0.910081   0.188038  0.0932948   0.897371  0.0606939  0.0665933 0.00287086
  0.910081   0.188038  0.0932948   0.897371  0.0606939  0.0665933 0.00287086
  0.910081   0.188038  0.0932948   0.897371  0.0606939  0.0665933 0.00287086
  0.910081   0.188038  0.0932948   0.897371  0.0606939  0.0665933 0.00287086
  0.910081   0.188038  0.0932948   0.897371  0.0606939  0.0665933 0.00287086
  0.910081   0.188038  0.0932948   0.897371  0.0606939  0.0665933 0.00287086
  0.910081   0.188038  0.0932948   0.897371  0.0606939  0.0665933 0.00287086
  0.910081   0.188038  0.0932948   0.897371  0.0606939  0.0665933 0.00287086
  0.910081   0.188038  0.0932948   0.897371  0.0606939  0.0665933 0.00287086
  0.910081   0.188038  0.0932948   0.897371  0.0606939  0.0665933 0.00287086
  0.910081   0.188038  0.0932948   0.897371  0.0606939  0.0665933 0.00287086
  0.910081   0.188038  0.0932948   0.897371  0.0606939  0.0665933 0.00287086
  0.910081   0.188038  0.0932948   0.897371  0.0606939  0.0665933 0.00287086
  0.910081   0.188038  0.0932948   0.897371  0.0606939  0.0665933 0.00287086
  0.910081   0.188038  0.0932948   0.897371  0.0606939  0.0665933 0.00287086
  0.910081   0.188038  0.0932948   0.897371  0.0606939  0.0665933 0.00287086
  0.910081   0.188038  0.0932948   0.897371  0.0606939  0.0665933 0.00287086
  0.910081   0.188038  0.0932948   0.897371  0.0606939  0.0665933 0.00287086
  0.910081   0.188038  0.0932948   0.897371  0.0606939  0.0665933 0.00287086
  0.910081   0.188038  0.0932948   0.897371  0.0606939  0.0665933 0.00287086
  0.910081   0.188038  0.0932948   0.897371  0.0606939  0.0665933 0.00287218
  0.910081   0.188038  0.0932948   0.897371  0.0606939  0.0665933 0.00287218
  0.910081   0.188038  0.0932948   0.897371  0.0606939  0.0665933 0.00287218
  0.910081   0.188038  0.0932948   0.897371  0.0606939  0.0665933 0.00287218
  0.910081   0.188038  0.0932948   0.897371  0.0606939  0.0665933 0.00287218
  0.910081   0.188038  0.0932948   0.897371  0.0606939  0.0665933 0.00287218
  0.910081   0.188038  0.0932948   0.897371  0.0606939  0.0665933 0.00287218
  0.910081   0.188038  0.0932948   0.897371  0.0606939  0.0665933 0.00287218
  0.910081   0.188038  0.0932948   0.897371  0.0606939  0.0665933 0.00287218
  0.917502   0.191053  0.0933622   0.897401   0.060674  0.0665913 0.00287217
  0.915305   0.189838  0.0933575   0.897399  0.0606728  0.0665831 0.00287058
  0.911839   0.188909  0.0933399   0.897396  0.0606694   0.066583 0.00287056
  0.911839   0.188909  0.0933399   0.897396  0.0606694   0.066583 0.00287056
  0.911839   0.188909  0.0933399   0.897396  0.0606694   0.066583 0.00287056
  0.911839   0.188909  0.0933399   0.897396  0.0606694   0.066583 0.00287056
  0.911762    0.18872  0.0933336   0.897393  0.0606726  0.0665843 0.00287054
  0.911762    0.18872  0.0933336   0.897393  0.0606726  0.0665843 0.00287054
   0.91309   0.189228  0.0933368   0.897395   0.060671  0.0665837 0.00287052
   0.91309   0.189228  0.0933368   0.897395   0.060671  0.0665837 0.00287052
   0.91309   0.189228  0.0933368   0.897395   0.060671  0.0665837 0.00287052
  0.916773   0.190269  0.0933404   0.897395  0.0606714   0.066584 0.00287045
  0.916773   0.190269  0.0933404   0.897395  0.0606714   0.066584 0.00287045
  0.916773   0.190269  0.0933404   0.897395  0.0606714   0.066584 0.00287045
  0.916773   0.190269  0.0933404   0.897395  0.0606714   0.066584 0.00287045
  0.916773   0.190269  0.0933404   0.897395  0.0606714   0.066584 0.00287045
  0.916773   0.190269  0.0933404   0.897395  0.0606714   0.066584 0.00287045
  0.916773   0.190269  0.0933404   0.897395  0.0606714   0.066584 0.00287045
  0.916773   0.190269  0.0933404   0.897395  0.0606714   0.066584 0.00287045
  0.916773   0.190269  0.0933404   0.897395  0.0606714   0.066584 0.00287045
  0.916773   0.190269  0.0933404   0.897395  0.0606714   0.066584 0.00287045
  0.917609   0.190577  0.0933404   0.897395  0.0606714   0.066584 0.00287045
  0.917609   0.190577  0.0933404   0.897395  0.0606714   0.066584 0.00287045
  0.917609   0.190577  0.0933404   0.897395  0.0606714   0.066584 0.00287045
  0.917609   0.190577  0.0933404   0.897395  0.0606714   0.066584 0.00287045
  0.917609   0.190577  0.0933404   0.897395  0.0606714   0.066584 0.00287045
  0.917609   0.190577  0.0933404   0.897395  0.0606714   0.066584 0.00287045
  0.917609   0.190577  0.0933404   0.897395  0.0606714   0.066584 0.00287045
  0.917609   0.190577  0.0933404   0.897395  0.0606714   0.066584 0.00287045
  0.917609   0.190577  0.0933404   0.897395  0.0606714   0.066584 0.00287045
  0.917609   0.190577  0.0933404   0.897395  0.0606714   0.066584 0.00287045
  0.917609   0.190577  0.0933404   0.897395  0.0606714   0.066584 0.00287045
  0.917609   0.190577  0.0933404   0.897395  0.0606714   0.066584 0.00287045
  0.918341   0.190811  0.0933424   0.897396  0.0606715   0.066584 0.00287043
  0.918341   0.190811  0.0933424   0.897396  0.0606715   0.066584 0.00287043
  0.918341   0.190811  0.0933424   0.897396  0.0606715   0.066584 0.00287043
  0.918341   0.190811  0.0933424   0.897396  0.0606715   0.066584 0.00287043
  0.918341   0.190811  0.0933424   0.897396  0.0606715   0.066584 0.00287043
  0.918341   0.190811  0.0933424   0.897396  0.0606715   0.066584 0.00287043
  0.918341   0.190811  0.0933424   0.897396  0.0606715   0.066584 0.00287043
  0.918341   0.190811  0.0933424   0.897396  0.0606715   0.066584 0.00287043
  0.918341   0.190811  0.0933424   0.897396  0.0606715   0.066584 0.00287043
  0.918341   0.190811  0.0933424   0.897396  0.0606715   0.066584 0.00287043
  0.918341   0.190811  0.0933424   0.897396  0.0606715   0.066584 0.00287043
  0.918341   0.190811  0.0933424   0.897396  0.0606715   0.066584 0.00287043
  0.918341   0.190811  0.0933424   0.897396  0.0606715   0.066584 0.00287043
  0.890943   0.182262  0.0933424   0.897396  0.0606714  0.0665841 0.00287041
  0.890943   0.182262  0.0933424   0.897396  0.0606714  0.0665841 0.00287041
  0.890943   0.182262  0.0933424   0.897396  0.0606714  0.0665841 0.00287041
  0.890943   0.182262  0.0933424   0.897396  0.0606714  0.0665841 0.00287041
  0.890943   0.182262  0.0933424   0.897396  0.0606714  0.0665841 0.00287041
  0.890943   0.182262  0.0933424   0.897396  0.0606714  0.0665841 0.00287041
  0.890943   0.182262  0.0933424   0.897396  0.0606714  0.0665841 0.00287041
  0.890943   0.182262  0.0933424   0.897396  0.0606714  0.0665841 0.00287041
  0.890943   0.182262  0.0933424   0.897396  0.0606714  0.0665841 0.00287041
  0.890943   0.182262  0.0933424   0.897396  0.0606714  0.0665841 0.00287041
  0.890943   0.182262  0.0933424   0.897396  0.0606714  0.0665841 0.00287041
  0.890943   0.182262  0.0933424   0.897396  0.0606714  0.0665841 0.00287041
  0.890943   0.182262  0.0933424   0.897396  0.0606714  0.0665841 0.00287041
  0.892369   0.182709  0.0933423   0.897396  0.0606713   0.066584  0.0028704
  0.892369   0.182709  0.0933423   0.897396  0.0606713   0.066584  0.0028704
  0.892369   0.182709  0.0933423   0.897396  0.0606713   0.066584  0.0028704
  0.892369   0.182709  0.0933423   0.897396  0.0606713   0.066584  0.0028704
  0.892369   0.182709  0.0933423   0.897396  0.0606713   0.066584  0.0028704
  0.892369   0.182709  0.0933423   0.897396  0.0606713   0.066584  0.0028704
  0.892369   0.182709  0.0933423   0.897396  0.0606713   0.066584  0.0028704
  0.892369   0.182709  0.0933423   0.897396  0.0606713   0.066584  0.0028704
  0.892369   0.182709  0.0933423   0.897396  0.0606713   0.066584  0.0028704
  0.892369   0.182709  0.0933423   0.897396  0.0606713   0.066584  0.0028704
  0.892369   0.182709  0.0933423   0.897396  0.0606713   0.066584  0.0028704
  0.892369   0.182709  0.0933423   0.897396  0.0606713   0.066584  0.0028704
  0.892369   0.182709  0.0933423   0.897396  0.0606713   0.066584  0.0028704
  0.892369   0.182709  0.0933423   0.897396  0.0606713   0.066584  0.0028704
  0.892369   0.182709  0.0933423   0.897396  0.0606713   0.066584  0.0028704
  0.892369   0.182709  0.0933423   0.897396  0.0606713   0.066584  0.0028704
  0.892369   0.182709  0.0933423   0.897396  0.0606713   0.066584  0.0028704
  0.892369   0.182709  0.0933423   0.897396  0.0606713   0.066584  0.0028704
  0.892369   0.182709  0.0933423   0.897396  0.0606713   0.066584  0.0028704
  0.892369   0.182709  0.0933423   0.897396  0.0606713   0.066584  0.0028704
  0.892369   0.182709  0.0933423   0.897396  0.0606713   0.066584  0.0028704
  0.892369   0.182709  0.0933423   0.897396  0.0606713   0.066584  0.0028704
  0.892369   0.182709  0.0933423   0.897396  0.0606713   0.066584  0.0028704
  0.892369   0.182709  0.0933423   0.897396  0.0606713   0.066584  0.0028704
  0.892369   0.182709  0.0933423   0.897396  0.0606713   0.066584  0.0028704
  0.892369   0.182709  0.0933423   0.897396  0.0606713   0.066584  0.0028704
  0.892369   0.182709  0.0933423   0.897396  0.0606713   0.066584  0.0028704
  0.892369   0.182709  0.0933423   0.897396  0.0606713   0.066584  0.0028704
  0.892369   0.182709  0.0933423   0.897396  0.0606713   0.066584  0.0028704
  0.892369   0.182709  0.0933423   0.897396  0.0606713   0.066584  0.0028704
  0.892369   0.182709  0.0933423   0.897396  0.0606713   0.066584  0.0028704
  0.892369   0.182709  0.0933423   0.897396  0.0606713   0.066584  0.0028704
  0.895276   0.183651  0.0933422   0.897396  0.0606714   0.066584 0.00287039
truk:  0.515996 0.0603199  0.103199  0.896801   0.05516 0.0722394 with trukCost with new weights:0.00757326
total difference b/w truk and final GBVEC:0.159224
for Ks: 0.79719 0.138687 0.104211  0.97094 0.064014 0.075424 has cost:0.00321674
for Ks:0.781196 0.140816 0.097871  0.82296 0.046377 0.069316 has cost:0.00317203
for Ks: 0.789193  0.139752  0.101041   0.89695 0.0551955 0.0723701 has cost:0.00313284
Weight Matrix for time step:0
  0.0132951           0           0           0           0           0           0           0           0           0           0           0           0           0           0           0           0           0           0           0           0           0           0           0           0           0           0
          0   0.0053699           0           0           0           0           0           0           0           0           0           0           0           0           0           0           0           0           0           0           0           0           0           0           0           0           0
          0           0   0.0945732           0           0           0           0           0           0           0           0           0           0           0           0           0           0           0           0           0           0           0           0           0           0           0           0
          0           0           0     175.447           0           0           0           0           0           0           0           0           0           0           0           0           0           0           0           0           0           0           0           0           0           0           0
          0           0           0           0  0.00465914           0           0           0           0           0           0           0           0           0           0           0           0           0           0           0           0           0           0           0           0           0           0
          0           0           0           0           0   0.0487836           0           0           0           0           0           0           0           0           0           0           0           0           0           0           0           0           0           0           0           0           0
          0           0           0           0           0           0 7.20477e-06           0           0           0           0           0           0           0           0           0           0           0           0           0           0           0           0           0           0           0           0
          0           0           0           0           0           0           0 5.67227e-07           0           0           0           0           0           0           0           0           0           0           0           0           0           0           0           0           0           0           0
          0           0           0           0           0           0           0           0 0.000496579           0           0           0           0           0           0           0           0           0           0           0           0           0           0           0           0           0           0
          0           0           0           0           0           0           0           0           0     3840.31           0           0           0           0           0           0           0           0           0           0           0           0           0           0           0           0           0
          0           0           0           0           0           0           0           0           0           0 4.86268e-07           0           0           0           0           0           0           0           0           0           0           0           0           0           0           0           0
          0           0           0           0           0           0           0           0           0           0           0 0.000132973           0           0           0           0           0           0           0           0           0           0           0           0           0           0           0
          0           0           0           0           0           0           0           0           0           0           0           0    0.967656           0           0           0           0           0           0           0           0           0           0           0           0           0           0
          0           0           0           0           0           0           0           0           0           0           0           0           0 0.000602034           0           0           0           0           0           0           0           0           0           0           0           0           0
          0           0           0           0           0           0           0           0           0           0           0           0           0           0    0.410029           0           0           0           0           0           0           0           0           0           0           0           0
          0           0           0           0           0           0           0           0           0           0           0           0           0           0           0 0.000558799           0           0           0           0           0           0           0           0           0           0           0
          0           0           0           0           0           0           0           0           0           0           0           0           0           0           0           0 0.000299455           0           0           0           0           0           0           0           0           0           0
          0           0           0           0           0           0           0           0           0           0           0           0           0           0           0           0           0 0.000183841           0           0           0           0           0           0           0           0           0
          0           0           0           0           0           0           0           0           0           0           0           0           0           0           0           0           0           0     9.68782           0           0           0           0           0           0           0           0
          0           0           0           0           0           0           0           0           0           0           0           0           0           0           0           0           0           0           0 5.27249e-07           0           0           0           0           0           0           0
          0           0           0           0           0           0           0           0           0           0           0           0           0           0           0           0           0           0           0           0 9.82861e-05           0           0           0           0           0           0
          0           0           0           0           0           0           0           0           0           0           0           0           0           0           0           0           0           0           0           0           0     3.58066           0           0           0           0           0
          0           0           0           0           0           0           0           0           0           0           0           0           0           0           0           0           0           0           0           0           0           0 9.94563e-05           0           0           0           0
          0           0           0           0           0           0           0           0           0           0           0           0           0           0           0           0           0           0           0           0           0           0           0 0.000257195           0           0           0
          0           0           0           0           0           0           0           0           0           0           0           0           0           0           0           0           0           0           0           0           0           0           0           0     2.38098           0           0
          0           0           0           0           0           0           0           0           0           0           0           0           0           0           0           0           0           0           0           0           0           0           0           0           0     1.80981           0
          0           0           0           0           0           0           0           0           0           0           0           0           0           0           0           0           0           0           0           0           0           0           0           0           0           0 5.28559e-05

CODE FINISHED RUNNING IN 3236 s TIME!
Job Statistics for 2099377:
           JobID       User               Start                 End    Elapsed     MaxRSS   TotalCPU      State Exit        NodeList                                  ReqTRES 
---------------- ---------- ------------------- ------------------- ---------- ---------- ---------- ---------- ---- --------------- ---------------------------------------- 
         2099377   rsjxw007 2021-09-13T08:48:58 2021-09-13T09:42:55   00:53:57             53:39.448  COMPLETED  0:0   r1pl-hpcf-n21         billing=1,cpu=1,mem=7812M,node=1 
   2099377.batch            2021-09-13T08:48:58 2021-09-13T09:42:55   00:53:57      6.76M  53:39.446  COMPLETED  0:0   r1pl-hpcf-n21                                          
  2099377.extern            2021-09-13T08:48:58 2021-09-13T09:42:55   00:53:57          0  00:00.001  COMPLETED  0:0   r1pl-hpcf-n21                                          
CPU Efficiency: 99.44% of 00:53:57 core-walltime
