PSO_S_ODE_NonLinear
first weight
1 0 0 0 0 0 0 0 0 0 0 0 0 0 0 0 0 0 0 0 0 0 0 0 0 0 0
0 1 0 0 0 0 0 0 0 0 0 0 0 0 0 0 0 0 0 0 0 0 0 0 0 0 0
0 0 1 0 0 0 0 0 0 0 0 0 0 0 0 0 0 0 0 0 0 0 0 0 0 0 0
0 0 0 1 0 0 0 0 0 0 0 0 0 0 0 0 0 0 0 0 0 0 0 0 0 0 0
0 0 0 0 1 0 0 0 0 0 0 0 0 0 0 0 0 0 0 0 0 0 0 0 0 0 0
0 0 0 0 0 1 0 0 0 0 0 0 0 0 0 0 0 0 0 0 0 0 0 0 0 0 0
0 0 0 0 0 0 1 0 0 0 0 0 0 0 0 0 0 0 0 0 0 0 0 0 0 0 0
0 0 0 0 0 0 0 1 0 0 0 0 0 0 0 0 0 0 0 0 0 0 0 0 0 0 0
0 0 0 0 0 0 0 0 1 0 0 0 0 0 0 0 0 0 0 0 0 0 0 0 0 0 0
0 0 0 0 0 0 0 0 0 1 0 0 0 0 0 0 0 0 0 0 0 0 0 0 0 0 0
0 0 0 0 0 0 0 0 0 0 1 0 0 0 0 0 0 0 0 0 0 0 0 0 0 0 0
0 0 0 0 0 0 0 0 0 0 0 1 0 0 0 0 0 0 0 0 0 0 0 0 0 0 0
0 0 0 0 0 0 0 0 0 0 0 0 1 0 0 0 0 0 0 0 0 0 0 0 0 0 0
0 0 0 0 0 0 0 0 0 0 0 0 0 1 0 0 0 0 0 0 0 0 0 0 0 0 0
0 0 0 0 0 0 0 0 0 0 0 0 0 0 1 0 0 0 0 0 0 0 0 0 0 0 0
0 0 0 0 0 0 0 0 0 0 0 0 0 0 0 1 0 0 0 0 0 0 0 0 0 0 0
0 0 0 0 0 0 0 0 0 0 0 0 0 0 0 0 1 0 0 0 0 0 0 0 0 0 0
0 0 0 0 0 0 0 0 0 0 0 0 0 0 0 0 0 1 0 0 0 0 0 0 0 0 0
0 0 0 0 0 0 0 0 0 0 0 0 0 0 0 0 0 0 1 0 0 0 0 0 0 0 0
0 0 0 0 0 0 0 0 0 0 0 0 0 0 0 0 0 0 0 1 0 0 0 0 0 0 0
0 0 0 0 0 0 0 0 0 0 0 0 0 0 0 0 0 0 0 0 1 0 0 0 0 0 0
0 0 0 0 0 0 0 0 0 0 0 0 0 0 0 0 0 0 0 0 0 1 0 0 0 0 0
0 0 0 0 0 0 0 0 0 0 0 0 0 0 0 0 0 0 0 0 0 0 1 0 0 0 0
0 0 0 0 0 0 0 0 0 0 0 0 0 0 0 0 0 0 0 0 0 0 0 1 0 0 0
0 0 0 0 0 0 0 0 0 0 0 0 0 0 0 0 0 0 0 0 0 0 0 0 1 0 0
0 0 0 0 0 0 0 0 0 0 0 0 0 0 0 0 0 0 0 0 0 0 0 0 0 1 0
0 0 0 0 0 0 0 0 0 0 0 0 0 0 0 0 0 0 0 0 0 0 0 0 0 0 1
Using two part PSO Sample Size:5000 with:27 moments.
Using Times:30
Bounds for Uniform Distribution (0,1)
Blind PSO --> nParts:25 Nsteps:50
Targeted PSO --> nParts:10 Nsteps:1000
sdbeta:0.1
Reading in data!
Using starting row of data:0 and 5000 data pts!
first row X0: 8.83545  7.57343 0.396305  8.83545  7.57343 0.396305
final row X0:1.63756  4.1577 4.69516 1.63756  4.1577 4.69516



Loading in Truk!
Calculating Yt!
truk cost:152.894
seedk: 0.967317  0.237969  0.103199  0.896801   0.05516 0.0722394| cost:144.579
PSO begins!
GBMAT from blind PSO:

 0.967317  0.237969  0.103199  0.896801   0.05516 0.0722394   144.579
 0.967317  0.237969  0.103199  0.896801   0.05516 0.0722394   144.579
 0.458616  0.572355  0.103199  0.896801   0.05516 0.0722394   40.9877
 0.458616  0.572355  0.103199  0.896801   0.05516 0.0722394   40.9877
 0.458616  0.572355  0.103199  0.896801   0.05516 0.0722394   40.9877
 0.355118  0.405432  0.103199  0.896801   0.05516 0.0722394   40.9792
 0.409095  0.489858  0.103199  0.896801   0.05516 0.0722394   40.9726
 0.409095  0.489858  0.103199  0.896801   0.05516 0.0722394   40.9726
 0.409095  0.489858  0.103199  0.896801   0.05516 0.0722394   40.9726
 0.374193  0.444021  0.103199  0.896801   0.05516 0.0722394   40.9222
 0.320203  0.375091  0.103199  0.896801   0.05516 0.0722394   40.8977
 0.320203  0.375091  0.103199  0.896801   0.05516 0.0722394   40.8977
 0.343439  0.398078  0.103199  0.896801   0.05516 0.0722394    40.892
 0.322055  0.375135  0.103199  0.896801   0.05516 0.0722394   40.8786
 0.322055  0.375135  0.103199  0.896801   0.05516 0.0722394   40.8786
 0.322437  0.371123  0.103199  0.896801   0.05516 0.0722394   40.8621
 0.322437  0.371123  0.103199  0.896801   0.05516 0.0722394   40.8621
 0.322437  0.371123  0.103199  0.896801   0.05516 0.0722394   40.8621
 0.322437  0.371123  0.103199  0.896801   0.05516 0.0722394   40.8621
 0.478379  0.488794 0.0997207  0.899073 0.0617995 0.0719722   31.2399
 0.478379  0.488794 0.0997207  0.899073 0.0617995 0.0719722   31.2399
 0.478379  0.488794 0.0997207  0.899073 0.0617995 0.0719722   31.2399
 0.491158  0.491565 0.0997207  0.899073 0.0617995 0.0719722   31.1893
 0.491158  0.491565 0.0997207  0.899073 0.0617995 0.0719722   31.1893
 0.491158  0.491565 0.0997207  0.899073 0.0617995 0.0719722   31.1893
 0.491158  0.491565 0.0997207  0.899073 0.0617995 0.0719722   31.1893
 0.489666  0.488431 0.0997207  0.899073 0.0617995 0.0719722   31.1881
 0.489666  0.488431 0.0997207  0.899073 0.0617995 0.0719722   31.1881
 0.489666  0.488431 0.0997207  0.899073 0.0617995 0.0719722   31.1881
 0.489666  0.488431 0.0997207  0.899073 0.0617995 0.0719722   31.1881
 0.489666  0.488431 0.0997207  0.899073 0.0617995 0.0719722   31.1881
 0.482309  0.441989 0.0911353  0.892332 0.0531771 0.0652434   26.1297
 0.482309  0.441989 0.0911353  0.892332 0.0531771 0.0652434   26.1297
 0.475126  0.395436 0.0911353  0.892332 0.0531771 0.0652434   25.9371
 0.475126  0.395436 0.0911353  0.892332 0.0531771 0.0652434   25.9371
 0.465041  0.390985 0.0911353  0.892332 0.0531771 0.0652434   25.8979
 0.465041  0.390985 0.0911353  0.892332 0.0531771 0.0652434   25.8979
 0.465041  0.390985 0.0911353  0.892332 0.0531771 0.0652434   25.8979
 0.452218  0.387536 0.0911469  0.892341 0.0531885 0.0652524   25.8944
 0.453587  0.385377 0.0911418  0.892337 0.0531835 0.0652484   25.8853
 0.453587  0.385377 0.0911418  0.892337 0.0531835 0.0652484   25.8853
 0.453587  0.385377 0.0911418  0.892337 0.0531835 0.0652484   25.8853
 0.429473  0.360543 0.0911511  0.892344  0.053192 0.0652555   25.8767
 0.419877  0.350151 0.0911519  0.892345 0.0531931 0.0652562   25.8704
 0.416806  0.346706 0.0911502  0.892343 0.0531915 0.0652549   25.8671
 0.416806  0.346706 0.0911502  0.892343 0.0531915 0.0652549   25.8671
 0.415541   0.34314 0.0911502  0.892343 0.0531915 0.0652549   25.8668
 0.415541   0.34314 0.0911502  0.892343 0.0531915 0.0652549   25.8668
 0.452917   0.32498  0.079811  0.859614 0.0444991 0.0548191   21.4361
 0.452917   0.32498  0.079811  0.859614 0.0444991 0.0548191   21.4361
 0.454554  0.329011  0.079811  0.859614 0.0444991 0.0548191    21.419

truk:  0.515996 0.0603199  0.103199  0.896801   0.05516 0.0722394
total difference b/w truk and final GBVEC0.0783171

blind PSO FINISHED RUNNING IN 173 s TIME!
targeted PSO has started!
Updating Weight Matrix!
GBVEC AND COST: 0.454554  0.329011  0.079811  0.859614 0.0444991 0.0548191    21.419
New PBMAT:
  0.500002   0.300376  0.0750216   0.878475 0.00633894  0.0323863    2.67423
  0.523301    0.36539   0.286931   0.823686  0.0174169  0.0688679    13.2576
  0.463611   0.357759   0.114032   0.831144 0.00193531  0.0242625    1.90314
  0.431309     0.2219  0.0432916   0.937007  0.0293746   0.019476    3.17806
  0.442809    0.29715   0.120432   0.874027  0.0475161    0.01417    14.1196
  0.478138   0.328844   0.159188   0.885246  0.0164496  0.0282896    2.33715
  0.479057   0.308366  0.0960316   0.805562   0.117887  0.0334894    19.3331
  0.492872   0.355434  0.0605899   0.836181  0.0444255  0.0321089    1.33639
  0.455609   0.371089  0.0422191   0.854709  0.0300843    0.12177    5.67427
  0.401129   0.456286  0.0960323   0.816977 0.00910282  0.0705817    2.97005

Updating Weight Matrix!
GBVEC AND COST: 0.561776  0.119547 0.0577589  0.885391 0.0595298 0.0172191  0.101393
Updating Weight Matrix!
GBVEC AND COST: 0.292599 0.0561588 0.0506228  0.895868 0.0794768 0.0158132 0.0233693
Updating Weight Matrix!
GBVEC AND COST:  0.595896   0.148959  0.0479595   0.885694  0.0901825  0.0176088 0.00684836
Updating Weight Matrix!
GBVEC AND COST:  0.773048   0.202172  0.0490717   0.885122  0.0906465  0.0196068 0.00563092
GBMAT after targeted PSO:
  0.967317   0.237969   0.103199   0.896801    0.05516  0.0722394    144.579
  0.967317   0.237969   0.103199   0.896801    0.05516  0.0722394    144.579
  0.458616   0.572355   0.103199   0.896801    0.05516  0.0722394    40.9877
  0.458616   0.572355   0.103199   0.896801    0.05516  0.0722394    40.9877
  0.458616   0.572355   0.103199   0.896801    0.05516  0.0722394    40.9877
  0.355118   0.405432   0.103199   0.896801    0.05516  0.0722394    40.9792
  0.409095   0.489858   0.103199   0.896801    0.05516  0.0722394    40.9726
  0.409095   0.489858   0.103199   0.896801    0.05516  0.0722394    40.9726
  0.409095   0.489858   0.103199   0.896801    0.05516  0.0722394    40.9726
  0.374193   0.444021   0.103199   0.896801    0.05516  0.0722394    40.9222
  0.320203   0.375091   0.103199   0.896801    0.05516  0.0722394    40.8977
  0.320203   0.375091   0.103199   0.896801    0.05516  0.0722394    40.8977
  0.343439   0.398078   0.103199   0.896801    0.05516  0.0722394     40.892
  0.322055   0.375135   0.103199   0.896801    0.05516  0.0722394    40.8786
  0.322055   0.375135   0.103199   0.896801    0.05516  0.0722394    40.8786
  0.322437   0.371123   0.103199   0.896801    0.05516  0.0722394    40.8621
  0.322437   0.371123   0.103199   0.896801    0.05516  0.0722394    40.8621
  0.322437   0.371123   0.103199   0.896801    0.05516  0.0722394    40.8621
  0.322437   0.371123   0.103199   0.896801    0.05516  0.0722394    40.8621
  0.478379   0.488794  0.0997207   0.899073  0.0617995  0.0719722    31.2399
  0.478379   0.488794  0.0997207   0.899073  0.0617995  0.0719722    31.2399
  0.478379   0.488794  0.0997207   0.899073  0.0617995  0.0719722    31.2399
  0.491158   0.491565  0.0997207   0.899073  0.0617995  0.0719722    31.1893
  0.491158   0.491565  0.0997207   0.899073  0.0617995  0.0719722    31.1893
  0.491158   0.491565  0.0997207   0.899073  0.0617995  0.0719722    31.1893
  0.491158   0.491565  0.0997207   0.899073  0.0617995  0.0719722    31.1893
  0.489666   0.488431  0.0997207   0.899073  0.0617995  0.0719722    31.1881
  0.489666   0.488431  0.0997207   0.899073  0.0617995  0.0719722    31.1881
  0.489666   0.488431  0.0997207   0.899073  0.0617995  0.0719722    31.1881
  0.489666   0.488431  0.0997207   0.899073  0.0617995  0.0719722    31.1881
  0.489666   0.488431  0.0997207   0.899073  0.0617995  0.0719722    31.1881
  0.482309   0.441989  0.0911353   0.892332  0.0531771  0.0652434    26.1297
  0.482309   0.441989  0.0911353   0.892332  0.0531771  0.0652434    26.1297
  0.475126   0.395436  0.0911353   0.892332  0.0531771  0.0652434    25.9371
  0.475126   0.395436  0.0911353   0.892332  0.0531771  0.0652434    25.9371
  0.465041   0.390985  0.0911353   0.892332  0.0531771  0.0652434    25.8979
  0.465041   0.390985  0.0911353   0.892332  0.0531771  0.0652434    25.8979
  0.465041   0.390985  0.0911353   0.892332  0.0531771  0.0652434    25.8979
  0.452218   0.387536  0.0911469   0.892341  0.0531885  0.0652524    25.8944
  0.453587   0.385377  0.0911418   0.892337  0.0531835  0.0652484    25.8853
  0.453587   0.385377  0.0911418   0.892337  0.0531835  0.0652484    25.8853
  0.453587   0.385377  0.0911418   0.892337  0.0531835  0.0652484    25.8853
  0.429473   0.360543  0.0911511   0.892344   0.053192  0.0652555    25.8767
  0.419877   0.350151  0.0911519   0.892345  0.0531931  0.0652562    25.8704
  0.416806   0.346706  0.0911502   0.892343  0.0531915  0.0652549    25.8671
  0.416806   0.346706  0.0911502   0.892343  0.0531915  0.0652549    25.8671
  0.415541    0.34314  0.0911502   0.892343  0.0531915  0.0652549    25.8668
  0.415541    0.34314  0.0911502   0.892343  0.0531915  0.0652549    25.8668
  0.452917    0.32498   0.079811   0.859614  0.0444991  0.0548191    21.4361
  0.452917    0.32498   0.079811   0.859614  0.0444991  0.0548191    21.4361
  0.454554   0.329011   0.079811   0.859614  0.0444991  0.0548191     21.419
  0.454554   0.329011   0.079811   0.859614  0.0444991  0.0548191    1.11414
  0.454554   0.329011   0.079811   0.859614  0.0444991  0.0548191    1.11414
  0.461533    0.33273   0.129364   0.875615  0.0269884  0.0382573   0.837759
  0.461533    0.33273   0.129364   0.875615  0.0269884  0.0382573   0.837759
  0.435588   0.348014   0.078599   0.846507  0.0398595  0.0337189    0.76326
  0.435588   0.348014   0.078599   0.846507  0.0398595  0.0337189    0.76326
  0.476069   0.301758  0.0854189   0.846921  0.0367316  0.0324858   0.412869
  0.476069   0.301758  0.0854189   0.846921  0.0367316  0.0324858   0.412869
  0.465248   0.283174  0.0854189   0.846921  0.0367316  0.0324858   0.392112
  0.465248   0.283174  0.0854189   0.846921  0.0367316  0.0324858   0.392112
  0.465248   0.283174  0.0854189   0.846921  0.0367316  0.0324858   0.392112
  0.465248   0.283174  0.0854189   0.846921  0.0367316  0.0324858   0.392112
  0.483469   0.241613  0.0854189   0.846921  0.0367316  0.0324858   0.296075
  0.483469   0.241613  0.0854189   0.846921  0.0367316  0.0324858   0.296075
  0.483469   0.241613  0.0854189   0.846921  0.0367316  0.0324858   0.296075
  0.483469   0.241613  0.0854189   0.846921  0.0367316  0.0324858   0.296075
   0.48583     0.2385  0.0854189   0.846921  0.0367316  0.0324858   0.289297
     0.529   0.262828  0.0854189   0.846921  0.0367316  0.0324858   0.284548
  0.656298   0.232704  0.0854189   0.846921  0.0367316  0.0324858   0.203018
  0.656298   0.232704  0.0854189   0.846921  0.0367316  0.0324858   0.203018
  0.656298   0.232704  0.0854189   0.846921  0.0367316  0.0324858   0.203018
  0.636082   0.183959  0.0854189   0.846921  0.0367316  0.0324858   0.192354
  0.636082   0.183959  0.0854189   0.846921  0.0367316  0.0324858   0.192354
  0.636082   0.183959  0.0854189   0.846921  0.0367316  0.0324858   0.192354
  0.643778   0.180374  0.0854189   0.846921  0.0367316  0.0324858   0.191688
  0.643778   0.180374  0.0854189   0.846921  0.0367316  0.0324858   0.191688
  0.643778   0.180374  0.0854189   0.846921  0.0367316  0.0324858   0.191688
   0.60072   0.163507  0.0844088   0.847306   0.036537  0.0349787   0.181042
   0.60072   0.163507  0.0844088   0.847306   0.036537  0.0349787   0.181042
  0.582221   0.158652  0.0864391   0.846719  0.0381962  0.0335253   0.177587
  0.582221   0.158652  0.0864391   0.846719  0.0381962  0.0335253   0.177587
  0.623573   0.150965  0.0846086   0.847248  0.0367003  0.0348356   0.170408
  0.673539   0.143579  0.0846086   0.847248  0.0367003  0.0348356   0.167058
  0.673539   0.143579  0.0846086   0.847248  0.0367003  0.0348356   0.167058
  0.673539   0.143579  0.0846086   0.847248  0.0367003  0.0348356   0.167058
  0.673539   0.143579  0.0846086   0.847248  0.0367003  0.0348356   0.167058
  0.673539   0.143579  0.0846086   0.847248  0.0367003  0.0348356   0.167058
  0.673539   0.143579  0.0846086   0.847248  0.0367003  0.0348356   0.167058
  0.673539   0.143579  0.0846086   0.847248  0.0367003  0.0348356   0.167058
  0.673539   0.143579  0.0846086   0.847248  0.0367003  0.0348356   0.167058
  0.673539   0.143579  0.0846086   0.847248  0.0367003  0.0348356   0.167058
  0.673539   0.143579  0.0846086   0.847248  0.0367003  0.0348356   0.167058
  0.673539   0.143579  0.0846086   0.847248  0.0367003  0.0348356   0.167058
  0.673539   0.143579  0.0846086   0.847248  0.0367003  0.0348356   0.167058
  0.673539   0.143579  0.0846086   0.847248  0.0367003  0.0348356   0.167058
  0.673539   0.143579  0.0846086   0.847248  0.0367003  0.0348356   0.167058
  0.673539   0.143579  0.0846086   0.847248  0.0367003  0.0348356   0.167058
  0.756874   0.194401  0.0850567   0.847119  0.0370665  0.0345149   0.166776
  0.756874   0.194401  0.0850567   0.847119  0.0370665  0.0345149   0.166776
  0.756874   0.194401  0.0850567   0.847119  0.0370665  0.0345149   0.166776
  0.756874   0.194401  0.0850567   0.847119  0.0370665  0.0345149   0.166776
  0.756874   0.194401  0.0850567   0.847119  0.0370665  0.0345149   0.166776
  0.804451   0.185904  0.0850567   0.847119  0.0370665  0.0345149   0.166696
  0.742347    0.17569  0.0850567   0.847119  0.0370665  0.0345149   0.166289
  0.742347    0.17569  0.0850567   0.847119  0.0370665  0.0345149   0.166289
  0.742347    0.17569  0.0850567   0.847119  0.0370665  0.0345149   0.166289
  0.742347    0.17569  0.0850567   0.847119  0.0370665  0.0345149   0.166289
  0.742347    0.17569  0.0850567   0.847119  0.0370665  0.0345149   0.166289
  0.742347    0.17569  0.0850567   0.847119  0.0370665  0.0345149   0.166289
  0.742347    0.17569  0.0850567   0.847119  0.0370665  0.0345149   0.166289
  0.742347    0.17569  0.0850567   0.847119  0.0370665  0.0345149   0.166289
  0.701169   0.185891  0.0828754   0.854588  0.0397136  0.0329297   0.159322
  0.701169   0.185891  0.0828754   0.854588  0.0397136  0.0329297   0.159322
  0.701169   0.185891  0.0828754   0.854588  0.0397136  0.0329297   0.159322
  0.701169   0.185891  0.0828754   0.854588  0.0397136  0.0329297   0.159322
  0.701169   0.185891  0.0828754   0.854588  0.0397136  0.0329297   0.159322
  0.701169   0.185891  0.0828754   0.854588  0.0397136  0.0329297   0.159322
  0.701169   0.185891  0.0828754   0.854588  0.0397136  0.0329297   0.159322
  0.701169   0.185891  0.0828754   0.854588  0.0397136  0.0329297   0.159322
  0.713647    0.15201  0.0768695   0.870091  0.0447798   0.029557   0.146669
  0.713647    0.15201  0.0768695   0.870091  0.0447798   0.029557   0.146669
  0.713647    0.15201  0.0768695   0.870091  0.0447798   0.029557   0.146669
  0.713647    0.15201  0.0768695   0.870091  0.0447798   0.029557   0.146669
  0.713647    0.15201  0.0768695   0.870091  0.0447798   0.029557   0.146669
  0.757237   0.202337  0.0776306   0.868034   0.044071  0.0300167   0.146483
  0.757237   0.202337  0.0776306   0.868034   0.044071  0.0300167   0.146483
  0.757237   0.202337  0.0776306   0.868034   0.044071  0.0300167   0.146483
  0.757237   0.202337  0.0776306   0.868034   0.044071  0.0300167   0.146483
  0.757237   0.202337  0.0776306   0.868034   0.044071  0.0300167   0.146483
  0.704544   0.194382   0.076974   0.869809  0.0446825  0.0296201   0.145682
  0.704544   0.194382   0.076974   0.869809  0.0446825  0.0296201   0.145682
  0.704544   0.194382   0.076974   0.869809  0.0446825  0.0296201   0.145682
  0.770444   0.206388  0.0770597   0.869787  0.0447042  0.0296316   0.144571
  0.770444   0.206388  0.0770597   0.869787  0.0447042  0.0296316   0.144571
  0.770444   0.206388  0.0770597   0.869787  0.0447042  0.0296316   0.144571
  0.770444   0.206388  0.0770597   0.869787  0.0447042  0.0296316   0.144571
  0.770444   0.206388  0.0770597   0.869787  0.0447042  0.0296316   0.144571
  0.770444   0.206388  0.0770597   0.869787  0.0447042  0.0296316   0.144571
  0.770444   0.206388  0.0770597   0.869787  0.0447042  0.0296316   0.144571
  0.770444   0.206388  0.0770597   0.869787  0.0447042  0.0296316   0.144571
  0.757566   0.181876  0.0577285   0.885418  0.0595533  0.0171996   0.101441
  0.757566   0.181876  0.0577285   0.885418  0.0595533  0.0171996   0.101441
  0.757566   0.181876  0.0577285   0.885418  0.0595533  0.0171996   0.101441
  0.757566   0.181876  0.0577285   0.885418  0.0595533  0.0171996   0.101441
  0.757566   0.181876  0.0577285   0.885418  0.0595533  0.0171996   0.101441
  0.757566   0.181876  0.0577285   0.885418  0.0595533  0.0171996   0.101441
  0.757566   0.181876  0.0577285   0.885418  0.0595533  0.0171996   0.101441
  0.757566   0.181876  0.0577285   0.885418  0.0595533  0.0171996   0.101441
  0.757566   0.181876  0.0577285   0.885418  0.0595533  0.0171996   0.101441
  0.757566   0.181876  0.0577285   0.885418  0.0595533  0.0171996   0.101441
  0.757566   0.181876  0.0577285   0.885418  0.0595533  0.0171996   0.101441
  0.757566   0.181876  0.0577285   0.885418  0.0595533  0.0171996   0.101441
  0.757566   0.181876  0.0577285   0.885418  0.0595533  0.0171996   0.101441
  0.757566   0.181876  0.0577285   0.885418  0.0595533  0.0171996   0.101441
  0.757566   0.181876  0.0577285   0.885418  0.0595533  0.0171996   0.101441
    0.7587    0.18167  0.0577285   0.885418  0.0595533  0.0171996   0.101431
    0.7587    0.18167  0.0577285   0.885418  0.0595533  0.0171996   0.101431
  0.721774   0.169528  0.0577285   0.885418  0.0595533  0.0171996   0.101408
  0.721774   0.169528  0.0577285   0.885418  0.0595533  0.0171996   0.101408
  0.721774   0.169528  0.0577285   0.885418  0.0595533  0.0171996   0.101408
  0.721774   0.169528  0.0577285   0.885418  0.0595533  0.0171996   0.101408
  0.721774   0.169528  0.0577285   0.885418  0.0595533  0.0171996   0.101408
  0.721774   0.169528  0.0577285   0.885418  0.0595533  0.0171996   0.101408
  0.721774   0.169528  0.0577285   0.885418  0.0595533  0.0171996   0.101408
  0.721774   0.169528  0.0577285   0.885418  0.0595533  0.0171996   0.101408
  0.721774   0.169528  0.0577285   0.885418  0.0595533  0.0171996   0.101408
  0.721774   0.169528  0.0577285   0.885418  0.0595533  0.0171996   0.101408
  0.721774   0.169528  0.0577285   0.885418  0.0595533  0.0171996   0.101408
  0.721753    0.16885  0.0577285   0.885418  0.0595533  0.0171996   0.101403
  0.721753    0.16885  0.0577285   0.885418  0.0595533  0.0171996   0.101403
  0.721753    0.16885  0.0577285   0.885418  0.0595533  0.0171996   0.101403
  0.721753    0.16885  0.0577285   0.885418  0.0595533  0.0171996   0.101403
  0.721753    0.16885  0.0577285   0.885418  0.0595533  0.0171996   0.101403
  0.721753    0.16885  0.0577285   0.885418  0.0595533  0.0171996   0.101403
  0.721753    0.16885  0.0577285   0.885418  0.0595533  0.0171996   0.101403
  0.721753    0.16885  0.0577285   0.885418  0.0595533  0.0171996   0.101403
  0.721753    0.16885  0.0577285   0.885418  0.0595533  0.0171996   0.101403
  0.721753    0.16885  0.0577285   0.885418  0.0595533  0.0171996   0.101403
  0.721753    0.16885  0.0577285   0.885418  0.0595533  0.0171996   0.101403
  0.721753    0.16885  0.0577285   0.885418  0.0595533  0.0171996   0.101403
  0.721753    0.16885  0.0577285   0.885418  0.0595533  0.0171996   0.101403
  0.721753    0.16885  0.0577285   0.885418  0.0595533  0.0171996   0.101403
  0.721753    0.16885  0.0577285   0.885418  0.0595533  0.0171996   0.101403
  0.721753    0.16885  0.0577285   0.885418  0.0595533  0.0171996   0.101403
  0.721753    0.16885  0.0577285   0.885418  0.0595533  0.0171996   0.101403
  0.721753    0.16885  0.0577285   0.885418  0.0595533  0.0171996   0.101403
  0.721753    0.16885  0.0577285   0.885418  0.0595533  0.0171996   0.101403
  0.561776   0.119547  0.0577589   0.885391  0.0595298  0.0172191   0.101393
  0.561776   0.119547  0.0577589   0.885391  0.0595298  0.0172191   0.101393
  0.561776   0.119547  0.0577589   0.885391  0.0595298  0.0172191   0.101393
  0.561776   0.119547  0.0577589   0.885391  0.0595298  0.0172191   0.101393
  0.561776   0.119547  0.0577589   0.885391  0.0595298  0.0172191   0.101393
  0.561776   0.119547  0.0577589   0.885391  0.0595298  0.0172191   0.101393
  0.561776   0.119547  0.0577589   0.885391  0.0595298  0.0172191   0.101393
  0.561776   0.119547  0.0577589   0.885391  0.0595298  0.0172191   0.101393
  0.561776   0.119547  0.0577589   0.885391  0.0595298  0.0172191   0.101393
  0.561776   0.119547  0.0577589   0.885391  0.0595298  0.0172191   0.101393
  0.561776   0.119547  0.0577589   0.885391  0.0595298  0.0172191   0.101393
  0.561776   0.119547  0.0577589   0.885391  0.0595298  0.0172191   0.101393
  0.561776   0.119547  0.0577589   0.885391  0.0595298  0.0172191   0.101393
  0.561776   0.119547  0.0577589   0.885391  0.0595298  0.0172191   0.101393
  0.561776   0.119547  0.0577589   0.885391  0.0595298  0.0172191  0.0994624
  0.561776   0.119547  0.0577589   0.885391  0.0595298  0.0172191  0.0994624
  0.561776   0.119547  0.0577589   0.885391  0.0595298  0.0172191  0.0994624
  0.561776   0.119547  0.0577589   0.885391  0.0595298  0.0172191  0.0994624
  0.561776   0.119547  0.0577589   0.885391  0.0595298  0.0172191  0.0994624
  0.561776   0.119547  0.0577589   0.885391  0.0595298  0.0172191  0.0994624
  0.561776   0.119547  0.0577589   0.885391  0.0595298  0.0172191  0.0994624
  0.561776   0.119547  0.0577589   0.885391  0.0595298  0.0172191  0.0994624
  0.561776   0.119547  0.0577589   0.885391  0.0595298  0.0172191  0.0994624
  0.561776   0.119547  0.0577589   0.885391  0.0595298  0.0172191  0.0994624
  0.561776   0.119547  0.0577589   0.885391  0.0595298  0.0172191  0.0994624
  0.561776   0.119547  0.0577589   0.885391  0.0595298  0.0172191  0.0994624
  0.561776   0.119547  0.0577589   0.885391  0.0595298  0.0172191  0.0994624
  0.633369   0.151937  0.0557644   0.885717  0.0607723  0.0162665  0.0958351
  0.554602   0.126494   0.056416   0.888044   0.064427  0.0157111  0.0805902
  0.554602   0.126494   0.056416   0.888044   0.064427  0.0157111  0.0805902
  0.554602   0.126494   0.056416   0.888044   0.064427  0.0157111  0.0805902
    0.5825   0.144182  0.0564319   0.887757  0.0630745  0.0159287  0.0770454
    0.5739   0.147572  0.0564319   0.887757  0.0630745  0.0159287  0.0755486
    0.5739   0.147572  0.0564319   0.887757  0.0630745  0.0159287  0.0755486
    0.5739   0.147572  0.0564319   0.887757  0.0630745  0.0159287  0.0755486
    0.5739   0.147572  0.0564319   0.887757  0.0630745  0.0159287  0.0755486
  0.455838   0.108932  0.0539126   0.892481   0.070781  0.0151892  0.0510881
  0.455838   0.108932  0.0539126   0.892481   0.070781  0.0151892  0.0510881
   0.47253   0.126746  0.0524783   0.895382  0.0754775  0.0146499  0.0426158
   0.47253   0.126746  0.0524783   0.895382  0.0754775  0.0146499  0.0426158
   0.47253   0.126746  0.0524783   0.895382  0.0754775  0.0146499  0.0426158
   0.47253   0.126746  0.0524783   0.895382  0.0754775  0.0146499  0.0426158
   0.47253   0.126746  0.0524783   0.895382  0.0754775  0.0146499  0.0426158
   0.47253   0.126746  0.0524783   0.895382  0.0754775  0.0146499  0.0426158
   0.47253   0.126746  0.0524783   0.895382  0.0754775  0.0146499  0.0426158
   0.47253   0.126746  0.0524783   0.895382  0.0754775  0.0146499  0.0426158
  0.413452   0.106945  0.0524783   0.895382  0.0754775  0.0146499  0.0426151
  0.413452   0.106945  0.0524783   0.895382  0.0754775  0.0146499  0.0426151
  0.413452   0.106945  0.0524783   0.895382  0.0754775  0.0146499  0.0426151
  0.413452   0.106945  0.0524783   0.895382  0.0754775  0.0146499  0.0426151
  0.413452   0.106945  0.0524783   0.895382  0.0754775  0.0146499  0.0426151
  0.411531   0.103336  0.0525277    0.89531  0.0753543  0.0146667  0.0424716
  0.411531   0.103336  0.0525277    0.89531  0.0753543  0.0146667  0.0424716
  0.411531   0.103336  0.0525277    0.89531  0.0753543  0.0146667  0.0424716
  0.411531   0.103336  0.0525277    0.89531  0.0753543  0.0146667  0.0424716
  0.411531   0.103336  0.0525277    0.89531  0.0753543  0.0146667  0.0424716
  0.411531   0.103336  0.0525277    0.89531  0.0753543  0.0146667  0.0424716
    0.3593   0.082625  0.0525277    0.89531  0.0753543  0.0146667  0.0424173
    0.3593   0.082625  0.0525277    0.89531  0.0753543  0.0146667  0.0424173
    0.3593   0.082625  0.0525277    0.89531  0.0753543  0.0146667  0.0424173
    0.3593   0.082625  0.0525277    0.89531  0.0753543  0.0146667  0.0424173
  0.333343  0.0766096  0.0521294   0.892203  0.0731079   0.014609  0.0419132
  0.357555  0.0818525  0.0524267   0.894214  0.0744271  0.0146546  0.0410069
  0.357555  0.0818525  0.0524267   0.894214  0.0744271  0.0146546  0.0410069
  0.357555  0.0818525  0.0524267   0.894214  0.0744271  0.0146546  0.0410069
  0.357555  0.0818525  0.0524267   0.894214  0.0744271  0.0146546  0.0410069
  0.357555  0.0818525  0.0524267   0.894214  0.0744271  0.0146546  0.0410069
  0.365273  0.0815373  0.0522744   0.893184  0.0737513  0.0146312  0.0408268
  0.365273  0.0815373  0.0522744   0.893184  0.0737513  0.0146312  0.0408268
  0.365273  0.0815373  0.0522744   0.893184  0.0737513  0.0146312  0.0408268
  0.365273  0.0815373  0.0522744   0.893184  0.0737513  0.0146312  0.0408268
  0.365273  0.0815373  0.0522744   0.893184  0.0737513  0.0146312  0.0408268
  0.365273  0.0815373  0.0522744   0.893184  0.0737513  0.0146312  0.0408268
  0.365273  0.0815373  0.0522744   0.893184  0.0737513  0.0146312  0.0408268
  0.365273  0.0815373  0.0522744   0.893184  0.0737513  0.0146312  0.0408268
  0.358763  0.0834258  0.0522744   0.893184  0.0737513  0.0146312  0.0406101
  0.291265  0.0576033  0.0522915   0.893198  0.0737389  0.0146366  0.0405152
  0.291265  0.0576033  0.0522915   0.893198  0.0737389  0.0146366  0.0405152
  0.291265  0.0576033  0.0522915   0.893198  0.0737389  0.0146366  0.0405152
  0.291265  0.0576033  0.0522915   0.893198  0.0737389  0.0146366  0.0405152
  0.291265  0.0576033  0.0522915   0.893198  0.0737389  0.0146366  0.0405152
  0.291265  0.0576033  0.0522915   0.893198  0.0737389  0.0146366  0.0405152
  0.309148  0.0657978  0.0523553   0.893561  0.0739862  0.0146498  0.0405015
  0.309148  0.0657978  0.0523553   0.893561  0.0739862  0.0146498  0.0405015
  0.280931  0.0561598   0.052317   0.893343  0.0738376  0.0146419  0.0403547
  0.280931  0.0561598   0.052317   0.893343  0.0738376  0.0146419  0.0403547
  0.280931  0.0561598   0.052317   0.893343  0.0738376  0.0146419  0.0403547
  0.280931  0.0561598   0.052317   0.893343  0.0738376  0.0146419  0.0403547
  0.282258  0.0564375  0.0523165   0.893341  0.0738369  0.0146417   0.040348
  0.282258  0.0564375  0.0523165   0.893341  0.0738369  0.0146417   0.040348
  0.282258  0.0564375  0.0523165   0.893341  0.0738369  0.0146417   0.040348
  0.255389  0.0468636  0.0523501   0.893476  0.0739011  0.0146486  0.0402963
  0.255389  0.0468636  0.0523501   0.893476  0.0739011  0.0146486  0.0402963
  0.255389  0.0468636  0.0523501   0.893476  0.0739011  0.0146486  0.0402963
  0.255389  0.0468636  0.0523501   0.893476  0.0739011  0.0146486  0.0402963
  0.255389  0.0468636  0.0523501   0.893476  0.0739011  0.0146486  0.0402963
  0.255389  0.0468636  0.0523501   0.893476  0.0739011  0.0146486  0.0402963
  0.247253  0.0439564  0.0523516   0.893502  0.0739269   0.014649  0.0402412
  0.230742  0.0386414    0.05232   0.893356  0.0738442  0.0146424   0.040086
  0.230742  0.0386414    0.05232   0.893356  0.0738442  0.0146424   0.040086
  0.230742  0.0386414    0.05232   0.893356  0.0738442  0.0146424   0.040086
  0.230742  0.0386414    0.05232   0.893356  0.0738442  0.0146424   0.040086
  0.230742  0.0386414    0.05232   0.893356  0.0738442  0.0146424   0.040086
  0.230742  0.0386414    0.05232   0.893356  0.0738442  0.0146424   0.040086
  0.230742  0.0386414    0.05232   0.893356  0.0738442  0.0146424   0.040086
  0.230742  0.0386414    0.05232   0.893356  0.0738442  0.0146424   0.040086
  0.230742  0.0386414    0.05232   0.893356  0.0738442  0.0146424   0.040086
  0.230742  0.0386414    0.05232   0.893356  0.0738442  0.0146424   0.040086
  0.299487  0.0576699  0.0517601   0.893839  0.0739298  0.0147386   0.038756
  0.299487  0.0576699  0.0517601   0.893839  0.0739298  0.0147386   0.038756
  0.299487  0.0576699  0.0517601   0.893839  0.0739298  0.0147386   0.038756
  0.299487  0.0576699  0.0517601   0.893839  0.0739298  0.0147386   0.038756
  0.299487  0.0576699  0.0517601   0.893839  0.0739298  0.0147386   0.038756
  0.313436   0.066364  0.0519696   0.893826  0.0740024  0.0147083  0.0386599
  0.313436   0.066364  0.0519696   0.893826  0.0740024  0.0147083  0.0386599
  0.313436   0.066364  0.0519696   0.893826  0.0740024  0.0147083  0.0386599
  0.313436   0.066364  0.0519696   0.893826  0.0740024  0.0147083  0.0386599
  0.313436   0.066364  0.0519696   0.893826  0.0740024  0.0147083  0.0386599
  0.313436   0.066364  0.0519696   0.893826  0.0740024  0.0147083  0.0386599
  0.313436   0.066364  0.0519696   0.893826  0.0740024  0.0147083  0.0386599
  0.313436   0.066364  0.0519696   0.893826  0.0740024  0.0147083  0.0386599
  0.313436   0.066364  0.0519696   0.893826  0.0740024  0.0147083  0.0386599
  0.313436   0.066364  0.0519696   0.893826  0.0740024  0.0147083  0.0386599
  0.313436   0.066364  0.0519696   0.893826  0.0740024  0.0147083  0.0386599
  0.313436   0.066364  0.0519696   0.893826  0.0740024  0.0147083  0.0386599
  0.315643  0.0669328  0.0519367   0.893828   0.073991   0.014713  0.0385885
  0.315643  0.0669328  0.0519367   0.893828   0.073991   0.014713  0.0385885
  0.315643  0.0669328  0.0519367   0.893828   0.073991   0.014713  0.0385885
  0.315643  0.0669328  0.0519367   0.893828   0.073991   0.014713  0.0385885
  0.315643  0.0669328  0.0519367   0.893828   0.073991   0.014713  0.0385885
   0.31999  0.0675868  0.0519367   0.893828   0.073991   0.014713  0.0385519
   0.31999  0.0675868  0.0519367   0.893828   0.073991   0.014713  0.0385519
   0.31999  0.0675868  0.0519367   0.893828   0.073991   0.014713  0.0385519
   0.31999  0.0675868  0.0519367   0.893828   0.073991   0.014713  0.0385519
   0.24193  0.0417748  0.0519805   0.893804  0.0739912  0.0147063  0.0385448
   0.24193  0.0417748  0.0519805   0.893804  0.0739912  0.0147063  0.0385448
  0.270638  0.0506234  0.0506122   0.895884  0.0795196  0.0158219  0.0235216
  0.270638  0.0506234  0.0506122   0.895884  0.0795196  0.0158219  0.0235216
  0.270638  0.0506234  0.0506122   0.895884  0.0795196  0.0158219  0.0235216
  0.270638  0.0506234  0.0506122   0.895884  0.0795196  0.0158219  0.0235216
  0.270638  0.0506234  0.0506122   0.895884  0.0795196  0.0158219  0.0235216
  0.270638  0.0506234  0.0506122   0.895884  0.0795196  0.0158219  0.0235216
  0.270638  0.0506234  0.0506122   0.895884  0.0795196  0.0158219  0.0235216
  0.270638  0.0506234  0.0506122   0.895884  0.0795196  0.0158219  0.0235216
  0.270638  0.0506234  0.0506122   0.895884  0.0795196  0.0158219  0.0235216
  0.270638  0.0506234  0.0506122   0.895884  0.0795196  0.0158219  0.0235216
  0.270638  0.0506234  0.0506122   0.895884  0.0795196  0.0158219  0.0235216
  0.270638  0.0506234  0.0506122   0.895884  0.0795196  0.0158219  0.0235216
  0.270638  0.0506234  0.0506122   0.895884  0.0795196  0.0158219  0.0235216
  0.270638  0.0506234  0.0506122   0.895884  0.0795196  0.0158219  0.0235216
  0.270638  0.0506234  0.0506122   0.895884  0.0795196  0.0158219  0.0235216
  0.270638  0.0506234  0.0506122   0.895884  0.0795196  0.0158219  0.0235216
  0.271142  0.0506127  0.0506122   0.895884  0.0795196  0.0158219  0.0234758
  0.271142  0.0506127  0.0506122   0.895884  0.0795196  0.0158219  0.0234758
  0.271142  0.0506127  0.0506122   0.895884  0.0795196  0.0158219  0.0234758
  0.271142  0.0506127  0.0506122   0.895884  0.0795196  0.0158219  0.0234758
  0.271142  0.0506127  0.0506122   0.895884  0.0795196  0.0158219  0.0234758
  0.271142  0.0506127  0.0506122   0.895884  0.0795196  0.0158219  0.0234758
  0.271142  0.0506127  0.0506122   0.895884  0.0795196  0.0158219  0.0234758
  0.271142  0.0506127  0.0506122   0.895884  0.0795196  0.0158219  0.0234758
  0.271142  0.0506127  0.0506122   0.895884  0.0795196  0.0158219  0.0234758
  0.271142  0.0506127  0.0506122   0.895884  0.0795196  0.0158219  0.0234758
  0.271142  0.0506127  0.0506122   0.895884  0.0795196  0.0158219  0.0234758
   0.27527  0.0513041  0.0506255   0.895864  0.0794657   0.015811   0.023463
   0.27527  0.0513041  0.0506255   0.895864  0.0794657   0.015811   0.023463
   0.27527  0.0513041  0.0506255   0.895864  0.0794657   0.015811   0.023463
   0.27527  0.0513041  0.0506255   0.895864  0.0794657   0.015811   0.023463
   0.27527  0.0513041  0.0506255   0.895864  0.0794657   0.015811   0.023463
   0.27527  0.0513041  0.0506255   0.895864  0.0794657   0.015811   0.023463
   0.27527  0.0513041  0.0506255   0.895864  0.0794657   0.015811   0.023463
   0.27527  0.0513041  0.0506255   0.895864  0.0794657   0.015811   0.023463
   0.27527  0.0513041  0.0506255   0.895864  0.0794657   0.015811   0.023463
   0.27527  0.0513041  0.0506255   0.895864  0.0794657   0.015811   0.023463
   0.27527  0.0513041  0.0506255   0.895864  0.0794657   0.015811   0.023463
   0.27527  0.0513041  0.0506255   0.895864  0.0794657   0.015811   0.023463
   0.27527  0.0513041  0.0506255   0.895864  0.0794657   0.015811   0.023463
   0.27527  0.0513041  0.0506255   0.895864  0.0794657   0.015811   0.023463
   0.27527  0.0513041  0.0506255   0.895864  0.0794657   0.015811   0.023463
  0.245278  0.0412032  0.0506183   0.895875   0.079495  0.0158169  0.0234274
  0.245278  0.0412032  0.0506183   0.895875   0.079495  0.0158169  0.0234274
  0.245278  0.0412032  0.0506183   0.895875   0.079495  0.0158169  0.0234274
  0.245278  0.0412032  0.0506183   0.895875   0.079495  0.0158169  0.0234274
  0.245278  0.0412032  0.0506183   0.895875   0.079495  0.0158169  0.0234274
  0.245278  0.0412032  0.0506183   0.895875   0.079495  0.0158169  0.0234274
  0.245278  0.0412032  0.0506183   0.895875   0.079495  0.0158169  0.0234274
  0.245278  0.0412032  0.0506183   0.895875   0.079495  0.0158169  0.0234274
  0.245278  0.0412032  0.0506183   0.895875   0.079495  0.0158169  0.0234274
  0.247079  0.0417409  0.0506183   0.895875   0.079495  0.0158169  0.0234192
  0.247079  0.0417409  0.0506183   0.895875   0.079495  0.0158169  0.0234192
  0.247079  0.0417409  0.0506183   0.895875   0.079495  0.0158169  0.0234192
  0.247079  0.0417409  0.0506183   0.895875   0.079495  0.0158169  0.0234192
  0.247079  0.0417409  0.0506183   0.895875   0.079495  0.0158169  0.0234192
  0.303383  0.0604574  0.0506228   0.895868  0.0794768  0.0158132  0.0233947
  0.303383  0.0604574  0.0506228   0.895868  0.0794768  0.0158132  0.0233947
  0.303383  0.0604574  0.0506228   0.895868  0.0794768  0.0158132  0.0233947
  0.303383  0.0604574  0.0506228   0.895868  0.0794768  0.0158132  0.0233947
  0.292599  0.0561588  0.0506228   0.895868  0.0794768  0.0158132  0.0233693
  0.292599  0.0561588  0.0506228   0.895868  0.0794768  0.0158132  0.0233693
  0.292599  0.0561588  0.0506228   0.895868  0.0794768  0.0158132  0.0233693
  0.292599  0.0561588  0.0506228   0.895868  0.0794768  0.0158132  0.0233693
  0.292599  0.0561588  0.0506228   0.895868  0.0794768  0.0158132  0.0233693
  0.292599  0.0561588  0.0506228   0.895868  0.0794768  0.0158132  0.0233693
  0.292599  0.0561588  0.0506228   0.895868  0.0794768  0.0158132  0.0233693
  0.292599  0.0561588  0.0506228   0.895868  0.0794768  0.0158132  0.0233693
  0.292599  0.0561588  0.0506228   0.895868  0.0794768  0.0158132  0.0233693
  0.292599  0.0561588  0.0506228   0.895868  0.0794768  0.0158132  0.0233693
  0.292599  0.0561588  0.0506228   0.895868  0.0794768  0.0158132  0.0233693
  0.292599  0.0561588  0.0506228   0.895868  0.0794768  0.0158132  0.0233693
  0.292599  0.0561588  0.0506228   0.895868  0.0794768  0.0158132  0.0233693
  0.292599  0.0561588  0.0506228   0.895868  0.0794768  0.0158132  0.0233693
  0.292599  0.0561588  0.0506228   0.895868  0.0794768  0.0158132  0.0233693
  0.292599  0.0561588  0.0506228   0.895868  0.0794768  0.0158132  0.0233693
  0.292599  0.0561588  0.0506228   0.895868  0.0794768  0.0158132  0.0233693
  0.292599  0.0561588  0.0506228   0.895868  0.0794768  0.0158132  0.0233693
  0.292599  0.0561588  0.0506228   0.895868  0.0794768  0.0158132  0.0233693
  0.292599  0.0561588  0.0506228   0.895868  0.0794768  0.0158132  0.0225338
  0.292599  0.0561588  0.0506228   0.895868  0.0794768  0.0158132  0.0225338
  0.292599  0.0561588  0.0506228   0.895868  0.0794768  0.0158132  0.0225338
  0.292599  0.0561588  0.0506228   0.895868  0.0794768  0.0158132  0.0225338
  0.292599  0.0561588  0.0506228   0.895868  0.0794768  0.0158132  0.0225338
  0.292599  0.0561588  0.0506228   0.895868  0.0794768  0.0158132  0.0225338
  0.292599  0.0561588  0.0506228   0.895868  0.0794768  0.0158132  0.0225338
  0.292599  0.0561588  0.0506228   0.895868  0.0794768  0.0158132  0.0225338
  0.304394  0.0477757  0.0503088   0.896929  0.0823712  0.0178295  0.0209158
  0.304394  0.0477757  0.0503088   0.896929  0.0823712  0.0178295  0.0209158
  0.304394  0.0477757  0.0503088   0.896929  0.0823712  0.0178295  0.0209158
  0.288709  0.0487507   0.050988    0.89705  0.0814664  0.0171087  0.0191629
  0.288709  0.0487507   0.050988    0.89705  0.0814664  0.0171087  0.0191629
  0.288709  0.0487507   0.050988    0.89705  0.0814664  0.0171087  0.0191629
  0.284442  0.0495439   0.050988    0.89705  0.0814664  0.0171087  0.0180567
   0.29384  0.0532015  0.0509516   0.896871  0.0814331  0.0170135  0.0180345
  0.294587  0.0551382  0.0506785   0.896916  0.0816636  0.0171303  0.0171764
  0.294587  0.0551382  0.0506785   0.896916  0.0816636  0.0171303  0.0171764
  0.294587  0.0551382  0.0506785   0.896916  0.0816636  0.0171303  0.0171764
  0.294587  0.0551382  0.0506785   0.896916  0.0816636  0.0171303  0.0171764
  0.294587  0.0551382  0.0506785   0.896916  0.0816636  0.0171303  0.0171764
  0.294587  0.0551382  0.0506785   0.896916  0.0816636  0.0171303  0.0171764
  0.294587  0.0551382  0.0506785   0.896916  0.0816636  0.0171303  0.0171764
  0.294587  0.0551382  0.0506785   0.896916  0.0816636  0.0171303  0.0171764
  0.294587  0.0551382  0.0506785   0.896916  0.0816636  0.0171303  0.0171764
  0.280583  0.0510894  0.0507595    0.89692   0.081636  0.0173225  0.0171565
  0.280583  0.0510894  0.0507595    0.89692   0.081636  0.0173225  0.0171565
  0.280583  0.0510894  0.0507595    0.89692   0.081636  0.0173225  0.0171565
  0.287683  0.0520766  0.0507425    0.89692  0.0816412  0.0172779  0.0171038
  0.287683  0.0520766  0.0507425    0.89692  0.0816412  0.0172779  0.0171038
  0.287683  0.0520766  0.0507425    0.89692  0.0816412  0.0172779  0.0171038
  0.287683  0.0520766  0.0507425    0.89692  0.0816412  0.0172779  0.0171038
  0.287683  0.0520766  0.0507425    0.89692  0.0816412  0.0172779  0.0171038
  0.287683  0.0520766  0.0507425    0.89692  0.0816412  0.0172779  0.0171038
   0.28401  0.0513531  0.0507499    0.89692  0.0816389  0.0172972  0.0170932
   0.28401  0.0513531  0.0507499    0.89692  0.0816389  0.0172972  0.0170932
   0.28401  0.0513531  0.0507499    0.89692  0.0816389  0.0172972  0.0170932
   0.28401  0.0513531  0.0507499    0.89692  0.0816389  0.0172972  0.0170932
   0.28401  0.0513531  0.0507499    0.89692  0.0816389  0.0172972  0.0170932
   0.28401  0.0513531  0.0507499    0.89692  0.0816389  0.0172972  0.0170932
   0.28401  0.0513531  0.0507499    0.89692  0.0816389  0.0172972  0.0170932
   0.28401  0.0513531  0.0507499    0.89692  0.0816389  0.0172972  0.0170932
   0.28401  0.0513531  0.0507499    0.89692  0.0816389  0.0172972  0.0170932
   0.28401  0.0513531  0.0507499    0.89692  0.0816389  0.0172972  0.0170932
   0.28401  0.0513531  0.0507499    0.89692  0.0816389  0.0172972  0.0170932
   0.28401  0.0513531  0.0507499    0.89692  0.0816389  0.0172972  0.0170932
   0.28401  0.0513531  0.0507499    0.89692  0.0816389  0.0172972  0.0170932
   0.28401  0.0513531  0.0507499    0.89692  0.0816389  0.0172972  0.0170932
  0.324496  0.0637762  0.0507176   0.896918  0.0816501  0.0172218  0.0170804
  0.320252  0.0633524  0.0507267    0.89691  0.0816351  0.0172656  0.0170792
  0.320252  0.0633524  0.0507267    0.89691  0.0816351  0.0172656  0.0170792
  0.320252  0.0633524  0.0507267    0.89691  0.0816351  0.0172656  0.0170792
  0.320252  0.0633524  0.0507267    0.89691  0.0816351  0.0172656  0.0170792
  0.320252  0.0633524  0.0507267    0.89691  0.0816351  0.0172656  0.0170792
  0.320252  0.0633524  0.0507267    0.89691  0.0816351  0.0172656  0.0170792
  0.320252  0.0633524  0.0507267    0.89691  0.0816351  0.0172656  0.0170792
  0.320252  0.0633524  0.0507267    0.89691  0.0816351  0.0172656  0.0170792
  0.320252  0.0633524  0.0507267    0.89691  0.0816351  0.0172656  0.0170792
  0.320252  0.0633524  0.0507267    0.89691  0.0816351  0.0172656  0.0170792
  0.320252  0.0633524  0.0507267    0.89691  0.0816351  0.0172656  0.0170792
  0.320252  0.0633524  0.0507267    0.89691  0.0816351  0.0172656  0.0170792
  0.320252  0.0633524  0.0507267    0.89691  0.0816351  0.0172656  0.0170792
  0.320252  0.0633524  0.0507267    0.89691  0.0816351  0.0172656  0.0170792
  0.320252  0.0633524  0.0507267    0.89691  0.0816351  0.0172656  0.0170792
  0.330647  0.0697025   0.049992   0.888561  0.0841629  0.0181738  0.0130344
  0.349836  0.0736388   0.049992   0.888561  0.0841629  0.0181738  0.0120661
  0.349836  0.0736388   0.049992   0.888561  0.0841629  0.0181738  0.0120661
  0.349836  0.0736388   0.049992   0.888561  0.0841629  0.0181738  0.0120661
  0.394178  0.0841707  0.0500758   0.889501  0.0838774  0.0180697  0.0120577
  0.394178  0.0841707  0.0500758   0.889501  0.0838774  0.0180697  0.0120577
  0.394178  0.0841707  0.0500758   0.889501  0.0838774  0.0180697  0.0120577
  0.394178  0.0841707  0.0500758   0.889501  0.0838774  0.0180697  0.0120577
  0.394178  0.0841707  0.0500758   0.889501  0.0838774  0.0180697  0.0120577
  0.382279  0.0831005  0.0500359   0.889053  0.0840134  0.0181193  0.0120061
  0.382279  0.0831005  0.0500359   0.889053  0.0840134  0.0181193  0.0120061
  0.382279  0.0831005  0.0500359   0.889053  0.0840134  0.0181193  0.0120061
  0.382279  0.0831005  0.0500359   0.889053  0.0840134  0.0181193  0.0120061
  0.340774  0.0672783  0.0500359   0.889053  0.0840134  0.0181193  0.0119304
  0.340774  0.0672783  0.0500359   0.889053  0.0840134  0.0181193  0.0119304
  0.340774  0.0672783  0.0500359   0.889053  0.0840134  0.0181193  0.0119304
  0.340774  0.0672783  0.0500359   0.889053  0.0840134  0.0181193  0.0119304
  0.340774  0.0672783  0.0500359   0.889053  0.0840134  0.0181193  0.0119304
  0.355617  0.0733513  0.0500359   0.889053  0.0840134  0.0181193  0.0119121
  0.355617  0.0733513  0.0500359   0.889053  0.0840134  0.0181193  0.0119121
  0.355617  0.0733513  0.0500359   0.889053  0.0840134  0.0181193  0.0119121
  0.355617  0.0733513  0.0500359   0.889053  0.0840134  0.0181193  0.0119121
  0.355617  0.0733513  0.0500359   0.889053  0.0840134  0.0181193  0.0119121
  0.459429     0.1032  0.0500443   0.889148  0.0839845   0.018109  0.0118845
  0.459429     0.1032  0.0500443   0.889148  0.0839845   0.018109  0.0118845
  0.416024  0.0915646  0.0500413   0.889114  0.0839949  0.0181127  0.0118061
  0.416024  0.0915646  0.0500413   0.889114  0.0839949  0.0181127  0.0118061
  0.416024  0.0915646  0.0500413   0.889114  0.0839949  0.0181127  0.0118061
  0.416024  0.0915646  0.0500413   0.889114  0.0839949  0.0181127  0.0118061
  0.416024  0.0915646  0.0500413   0.889114  0.0839949  0.0181127  0.0118061
  0.416024  0.0915646  0.0500413   0.889114  0.0839949  0.0181127  0.0118061
  0.416024  0.0915646  0.0500413   0.889114  0.0839949  0.0181127  0.0118061
  0.416024  0.0915646  0.0500413   0.889114  0.0839949  0.0181127  0.0118061
  0.416024  0.0915646  0.0500413   0.889114  0.0839949  0.0181127  0.0118061
  0.416024  0.0915646  0.0500413   0.889114  0.0839949  0.0181127  0.0118061
  0.404263  0.0894152  0.0501263   0.889131  0.0839514  0.0181148  0.0117691
  0.404263  0.0894152  0.0501263   0.889131  0.0839514  0.0181148  0.0117691
  0.407692  0.0892193  0.0500848   0.889123  0.0839726  0.0181138  0.0117599
  0.407692  0.0892193  0.0500848   0.889123  0.0839726  0.0181138  0.0117599
  0.424583  0.0941825  0.0500893    0.88914  0.0839656  0.0181118  0.0117447
  0.424583  0.0941825  0.0500893    0.88914  0.0839656  0.0181118  0.0117447
  0.419685  0.0907004  0.0470068   0.885621  0.0908971  0.0173046 0.00875668
  0.419685  0.0907004  0.0470068   0.885621  0.0908971  0.0173046 0.00875668
  0.419685  0.0907004  0.0470068   0.885621  0.0908971  0.0173046 0.00875668
  0.427948  0.0947662  0.0470068   0.885621  0.0908971  0.0173046 0.00870781
  0.427948  0.0947662  0.0470068   0.885621  0.0908971  0.0173046 0.00870781
  0.433209  0.0947292  0.0474029   0.886093  0.0899958  0.0174074  0.0087031
  0.472589   0.109869  0.0477439   0.886476  0.0892326   0.017497 0.00866981
  0.461938   0.104964  0.0476832   0.886402  0.0893709  0.0174814 0.00861768
  0.442664  0.0989207  0.0474827    0.88617  0.0898233   0.017429 0.00861563
  0.442664  0.0989207  0.0474827    0.88617  0.0898233   0.017429 0.00861563
  0.442664  0.0989207  0.0474827    0.88617  0.0898233   0.017429 0.00861563
  0.442664  0.0989207  0.0474827    0.88617  0.0898233   0.017429 0.00861563
  0.442664  0.0989207  0.0474827    0.88617  0.0898233   0.017429 0.00861563
  0.442664  0.0989207  0.0474827    0.88617  0.0898233   0.017429 0.00861563
  0.442664  0.0989207  0.0474827    0.88617  0.0898233   0.017429 0.00861563
  0.460164   0.105202  0.0475879   0.886291  0.0895861  0.0174565 0.00860708
  0.460164   0.105202  0.0475879   0.886291  0.0895861  0.0174565 0.00860708
  0.460164   0.105202  0.0475879   0.886291  0.0895861  0.0174565 0.00860708
  0.460164   0.105202  0.0475879   0.886291  0.0895861  0.0174565 0.00860708
   0.45742   0.103639  0.0475973   0.886303  0.0895638  0.0174591 0.00860463
   0.45742   0.103639  0.0475973   0.886303  0.0895638  0.0174591 0.00860463
   0.45742   0.103639  0.0475973   0.886303  0.0895638  0.0174591 0.00860463
   0.45742   0.103639  0.0475973   0.886303  0.0895638  0.0174591 0.00860463
   0.45742   0.103639  0.0475973   0.886303  0.0895638  0.0174591 0.00860463
   0.45742   0.103639  0.0475973   0.886303  0.0895638  0.0174591 0.00860463
   0.45742   0.103639  0.0475973   0.886303  0.0895638  0.0174591 0.00860463
   0.45742   0.103639  0.0475973   0.886303  0.0895638  0.0174591 0.00860463
   0.45742   0.103639  0.0475973   0.886303  0.0895638  0.0174591 0.00860463
   0.45742   0.103639  0.0475973   0.886303  0.0895638  0.0174591 0.00860463
   0.45742   0.103639  0.0475973   0.886303  0.0895638  0.0174591 0.00860463
   0.45742   0.103639  0.0475973   0.886303  0.0895638  0.0174591 0.00860463
   0.45742   0.103639  0.0475973   0.886303  0.0895638  0.0174591 0.00860463
  0.455937    0.10332  0.0475749   0.886277  0.0896146  0.0174532 0.00860274
  0.455937    0.10332  0.0475749   0.886277  0.0896146  0.0174532 0.00860274
  0.455937    0.10332  0.0475749   0.886277  0.0896146  0.0174532 0.00860274
  0.455937    0.10332  0.0475749   0.886277  0.0896146  0.0174532 0.00860274
  0.455937    0.10332  0.0475749   0.886277  0.0896146  0.0174532 0.00860274
  0.471548    0.10788  0.0475829   0.886286   0.089597  0.0174553 0.00857101
  0.471548    0.10788  0.0475829   0.886286   0.089597  0.0174553 0.00857101
  0.471548    0.10788  0.0475829   0.886286   0.089597  0.0174553 0.00857101
  0.486246   0.112227  0.0475754   0.886278  0.0896138  0.0174533 0.00854312
  0.486246   0.112227  0.0475754   0.886278  0.0896138  0.0174533 0.00854312
  0.486246   0.112227  0.0475754   0.886278  0.0896138  0.0174533 0.00854312
  0.486246   0.112227  0.0475754   0.886278  0.0896138  0.0174533 0.00854312
  0.486246   0.112227  0.0475754   0.886278  0.0896138  0.0174533 0.00854312
  0.486246   0.112227  0.0475754   0.886278  0.0896138  0.0174533 0.00854312
  0.486246   0.112227  0.0475754   0.886278  0.0896138  0.0174533 0.00854312
  0.486246   0.112227  0.0475754   0.886278  0.0896138  0.0174533 0.00854312
  0.486246   0.112227  0.0475754   0.886278  0.0896138  0.0174533 0.00854312
  0.486246   0.112227  0.0475754   0.886278  0.0896138  0.0174533 0.00854312
  0.486246   0.112227  0.0475754   0.886278  0.0896138  0.0174533 0.00854312
  0.491379   0.113811  0.0475943     0.8863  0.0895712  0.0174582 0.00853826
  0.491379   0.113811  0.0475943     0.8863  0.0895712  0.0174582 0.00853826
  0.491379   0.113811  0.0475943     0.8863  0.0895712  0.0174582 0.00853826
  0.491379   0.113811  0.0475943     0.8863  0.0895712  0.0174582 0.00853826
  0.491379   0.113811  0.0475943     0.8863  0.0895712  0.0174582 0.00853826
  0.491379   0.113811  0.0475943     0.8863  0.0895712  0.0174582 0.00853826
  0.491379   0.113811  0.0475943     0.8863  0.0895712  0.0174582 0.00853826
   0.49886   0.116579  0.0475856   0.886289  0.0895909  0.0174559 0.00851979
  0.498931   0.116601  0.0475856   0.886289  0.0895909  0.0174559 0.00851961
  0.498931   0.116601  0.0475856   0.886289  0.0895909  0.0174559 0.00851961
  0.498931   0.116601  0.0475856   0.886289  0.0895909  0.0174559 0.00851961
  0.498931   0.116601  0.0475856   0.886289  0.0895909  0.0174559 0.00851961
  0.522977   0.126301  0.0476202   0.886365  0.0895513  0.0174492 0.00849867
  0.522977   0.126301  0.0476202   0.886365  0.0895513  0.0174492 0.00849867
  0.522977   0.126301  0.0476202   0.886365  0.0895513  0.0174492 0.00849867
  0.522977   0.126301  0.0476202   0.886365  0.0895513  0.0174492 0.00849867
  0.499036   0.115675  0.0476079   0.886337  0.0895638  0.0174521 0.00848757
  0.499036   0.115675  0.0476079   0.886337  0.0895638  0.0174521 0.00848757
  0.499036   0.115675  0.0476079   0.886337  0.0895638  0.0174521 0.00848757
  0.499036   0.115675  0.0476079   0.886337  0.0895638  0.0174521 0.00848757
  0.499036   0.115675  0.0476079   0.886337  0.0895638  0.0174521 0.00848757
  0.499036   0.115675  0.0476079   0.886337  0.0895638  0.0174521 0.00848757
  0.499036   0.115675  0.0476079   0.886337  0.0895638  0.0174521 0.00848757
  0.499036   0.115675  0.0476079   0.886337  0.0895638  0.0174521 0.00848757
  0.499036   0.115675  0.0476079   0.886337  0.0895638  0.0174521 0.00848757
  0.499036   0.115675  0.0476079   0.886337  0.0895638  0.0174521 0.00848757
  0.525491   0.124598   0.047605   0.886329   0.089566  0.0174532 0.00843481
  0.525491   0.124598   0.047605   0.886329   0.089566  0.0174532 0.00843481
  0.525491   0.124598   0.047605   0.886329   0.089566  0.0174532 0.00843481
  0.525491   0.124598   0.047605   0.886329   0.089566  0.0174532 0.00843481
  0.525491   0.124598   0.047605   0.886329   0.089566  0.0174532 0.00843481
  0.525491   0.124598   0.047605   0.886329   0.089566  0.0174532 0.00843481
  0.525491   0.124598   0.047605   0.886329   0.089566  0.0174532 0.00843481
   0.53561   0.127837   0.047605   0.886329   0.089566  0.0174532 0.00841896
   0.53561   0.127837   0.047605   0.886329   0.089566  0.0174532 0.00841896
   0.53561   0.127837   0.047605   0.886329   0.089566  0.0174532 0.00841896
   0.53561   0.127837   0.047605   0.886329   0.089566  0.0174532 0.00841896
   0.53561   0.127837   0.047605   0.886329   0.089566  0.0174532 0.00841896
   0.53561   0.127837   0.047605   0.886329   0.089566  0.0174532 0.00841896
   0.53561   0.127837   0.047605   0.886329   0.089566  0.0174532 0.00841896
   0.53561   0.127837   0.047605   0.886329   0.089566  0.0174532 0.00841896
   0.53561   0.127837   0.047605   0.886329   0.089566  0.0174532 0.00841896
   0.53561   0.127837   0.047605   0.886329   0.089566  0.0174532 0.00841896
  0.548295   0.130474  0.0476131   0.886348  0.0895584   0.017451 0.00841357
  0.548295   0.130474  0.0476131   0.886348  0.0895584   0.017451 0.00841357
  0.548295   0.130474  0.0476131   0.886348  0.0895584   0.017451 0.00841357
  0.548295   0.130474  0.0476131   0.886348  0.0895584   0.017451 0.00841357
  0.548295   0.130474  0.0476131   0.886348  0.0895584   0.017451 0.00841357
  0.549653    0.13164  0.0476131   0.886348  0.0895584   0.017451  0.0083832
  0.549653    0.13164  0.0476131   0.886348  0.0895584   0.017451  0.0083832
  0.549653    0.13164  0.0476131   0.886348  0.0895584   0.017451  0.0083832
  0.549653    0.13164  0.0476131   0.886348  0.0895584   0.017451  0.0083832
  0.565846   0.137381  0.0476102   0.886342  0.0895611  0.0174518  0.0083621
  0.565846   0.137381  0.0476102   0.886342  0.0895611  0.0174518  0.0083621
  0.565846   0.137381  0.0476102   0.886342  0.0895611  0.0174518  0.0083621
  0.565846   0.137381  0.0476102   0.886342  0.0895611  0.0174518  0.0083621
  0.565846   0.137381  0.0476102   0.886342  0.0895611  0.0174518  0.0083621
  0.565846   0.137381  0.0476102   0.886342  0.0895611  0.0174518  0.0083621
  0.565846   0.137381  0.0476102   0.886342  0.0895611  0.0174518  0.0083621
  0.565846   0.137381  0.0476102   0.886342  0.0895611  0.0174518  0.0083621
  0.565846   0.137381  0.0476102   0.886342  0.0895611  0.0174518  0.0083621
  0.556206   0.136083  0.0479539   0.885691  0.0901838  0.0176099 0.00687675
  0.556206   0.136083  0.0479539   0.885691  0.0901838  0.0176099 0.00687675
  0.556206   0.136083  0.0479539   0.885691  0.0901838  0.0176099 0.00687675
  0.556206   0.136083  0.0479539   0.885691  0.0901838  0.0176099 0.00687675
  0.556206   0.136083  0.0479539   0.885691  0.0901838  0.0176099 0.00687675
  0.562063   0.138905  0.0479539   0.885691  0.0901838  0.0176099 0.00686871
  0.562063   0.138905  0.0479539   0.885691  0.0901838  0.0176099 0.00686871
  0.562063   0.138905  0.0479539   0.885691  0.0901838  0.0176099 0.00686871
  0.562063   0.138905  0.0479539   0.885691  0.0901838  0.0176099 0.00686871
  0.562063   0.138905  0.0479539   0.885691  0.0901838  0.0176099 0.00686871
  0.562063   0.138905  0.0479539   0.885691  0.0901838  0.0176099 0.00686871
  0.562063   0.138905  0.0479539   0.885691  0.0901838  0.0176099 0.00686871
  0.562063   0.138905  0.0479539   0.885691  0.0901838  0.0176099 0.00686871
  0.562063   0.138905  0.0479539   0.885691  0.0901838  0.0176099 0.00686871
  0.569894   0.140847  0.0479539   0.885691  0.0901838  0.0176099 0.00686258
  0.569894   0.140847  0.0479539   0.885691  0.0901838  0.0176099 0.00686258
  0.569894   0.140847  0.0479539   0.885691  0.0901838  0.0176099 0.00686258
  0.569894   0.140847  0.0479539   0.885691  0.0901838  0.0176099 0.00686258
  0.569894   0.140847  0.0479539   0.885691  0.0901838  0.0176099 0.00686258
  0.569894   0.140847  0.0479539   0.885691  0.0901838  0.0176099 0.00686258
  0.569894   0.140847  0.0479539   0.885691  0.0901838  0.0176099 0.00686258
  0.569894   0.140847  0.0479539   0.885691  0.0901838  0.0176099 0.00686258
  0.569894   0.140847  0.0479539   0.885691  0.0901838  0.0176099 0.00686258
  0.567205   0.140216  0.0479605   0.885694  0.0901827  0.0176088 0.00686101
  0.567205   0.140216  0.0479605   0.885694  0.0901827  0.0176088 0.00686101
  0.567205   0.140216  0.0479605   0.885694  0.0901827  0.0176088 0.00686101
  0.567205   0.140216  0.0479605   0.885694  0.0901827  0.0176088 0.00686101
  0.567205   0.140216  0.0479605   0.885694  0.0901827  0.0176088 0.00686101
  0.595896   0.148959  0.0479595   0.885694  0.0901825  0.0176088 0.00684836
  0.595896   0.148959  0.0479595   0.885694  0.0901825  0.0176088 0.00684836
  0.595896   0.148959  0.0479595   0.885694  0.0901825  0.0176088 0.00684836
  0.595896   0.148959  0.0479595   0.885694  0.0901825  0.0176088 0.00684836
  0.595896   0.148959  0.0479595   0.885694  0.0901825  0.0176088 0.00684836
  0.595896   0.148959  0.0479595   0.885694  0.0901825  0.0176088 0.00684836
  0.595896   0.148959  0.0479595   0.885694  0.0901825  0.0176088 0.00668518
  0.595896   0.148959  0.0479595   0.885694  0.0901825  0.0176088 0.00668518
  0.595896   0.148959  0.0479595   0.885694  0.0901825  0.0176088 0.00668518
  0.599364    0.14757  0.0492262   0.885082  0.0906367  0.0192416 0.00646726
  0.599364    0.14757  0.0492262   0.885082  0.0906367  0.0192416 0.00646726
  0.599364    0.14757  0.0492262   0.885082  0.0906367  0.0192416 0.00646726
  0.599364    0.14757  0.0492262   0.885082  0.0906367  0.0192416 0.00646726
  0.596375   0.144222   0.049224   0.885046  0.0903304  0.0193249 0.00635686
  0.594234   0.145427   0.049224   0.885046  0.0903304  0.0193249 0.00613653
  0.594234   0.145427   0.049224   0.885046  0.0903304  0.0193249 0.00613653
  0.543487    0.13428  0.0492237   0.885046  0.0903337  0.0193229  0.0061342
  0.541868   0.133264  0.0492237   0.885046  0.0903337  0.0193229 0.00609459
  0.541868   0.133264  0.0492237   0.885046  0.0903337  0.0193229 0.00609459
  0.542903   0.133196  0.0492527   0.885164  0.0904271  0.0193743 0.00606355
  0.542903   0.133196  0.0492527   0.885164  0.0904271  0.0193743 0.00606355
  0.527586   0.127779   0.049245   0.885133  0.0904025  0.0193608 0.00604335
  0.527586   0.127779   0.049245   0.885133  0.0904025  0.0193608 0.00604335
  0.530028    0.12782  0.0492445   0.885131  0.0904007  0.0193599  0.0060308
  0.530028    0.12782  0.0492445   0.885131  0.0904007  0.0193599  0.0060308
  0.530028    0.12782  0.0492445   0.885131  0.0904007  0.0193599  0.0060308
  0.530028    0.12782  0.0492445   0.885131  0.0904007  0.0193599  0.0060308
  0.530028    0.12782  0.0492445   0.885131  0.0904007  0.0193599  0.0060308
  0.530028    0.12782  0.0492445   0.885131  0.0904007  0.0193599  0.0060308
  0.530028    0.12782  0.0492445   0.885131  0.0904007  0.0193599  0.0060308
  0.530028    0.12782  0.0492445   0.885131  0.0904007  0.0193599  0.0060308
  0.530028    0.12782  0.0492445   0.885131  0.0904007  0.0193599  0.0060308
  0.530028    0.12782  0.0492445   0.885131  0.0904007  0.0193599  0.0060308
  0.530028    0.12782  0.0492445   0.885131  0.0904007  0.0193599  0.0060308
  0.530028    0.12782  0.0492445   0.885131  0.0904007  0.0193599  0.0060308
  0.530028    0.12782  0.0492445   0.885131  0.0904007  0.0193599  0.0060308
  0.530028    0.12782  0.0492445   0.885131  0.0904007  0.0193599  0.0060308
  0.530028    0.12782  0.0492445   0.885131  0.0904007  0.0193599  0.0060308
  0.530028    0.12782  0.0492445   0.885131  0.0904007  0.0193599  0.0060308
  0.530028    0.12782  0.0492445   0.885131  0.0904007  0.0193599  0.0060308
  0.530028    0.12782  0.0492445   0.885131  0.0904007  0.0193599  0.0060308
  0.530028    0.12782  0.0492445   0.885131  0.0904007  0.0193599  0.0060308
  0.530028    0.12782  0.0492445   0.885131  0.0904007  0.0193599  0.0060308
  0.530028    0.12782  0.0492445   0.885131  0.0904007  0.0193599  0.0060308
  0.530028    0.12782  0.0492445   0.885131  0.0904007  0.0193599  0.0060308
  0.530028    0.12782  0.0492445   0.885131  0.0904007  0.0193599  0.0060308
  0.530028    0.12782  0.0492445   0.885131  0.0904007  0.0193599  0.0060308
  0.530028    0.12782  0.0492445   0.885131  0.0904007  0.0193599  0.0060308
  0.530028    0.12782  0.0492445   0.885131  0.0904007  0.0193599  0.0060308
  0.530028    0.12782  0.0492445   0.885131  0.0904007  0.0193599  0.0060308
  0.530028    0.12782  0.0492445   0.885131  0.0904007  0.0193599  0.0060308
  0.530028    0.12782  0.0492445   0.885131  0.0904007  0.0193599  0.0060308
  0.530028    0.12782  0.0492445   0.885131  0.0904007  0.0193599  0.0060308
  0.530028    0.12782  0.0492445   0.885131  0.0904007  0.0193599  0.0060308
  0.530028    0.12782  0.0492445   0.885131  0.0904007  0.0193599  0.0060308
  0.530028    0.12782  0.0492445   0.885131  0.0904007  0.0193599  0.0060308
  0.530028    0.12782  0.0492445   0.885131  0.0904007  0.0193599  0.0060308
  0.530028    0.12782  0.0492445   0.885131  0.0904007  0.0193599  0.0060308
  0.530028    0.12782  0.0492445   0.885131  0.0904007  0.0193599  0.0060308
  0.530028    0.12782  0.0492445   0.885131  0.0904007  0.0193599  0.0060308
  0.530028    0.12782  0.0492445   0.885131  0.0904007  0.0193599  0.0060308
  0.530028    0.12782  0.0492445   0.885131  0.0904007  0.0193599  0.0060308
  0.530028    0.12782  0.0492445   0.885131  0.0904007  0.0193599  0.0060308
  0.530028    0.12782  0.0492445   0.885131  0.0904007  0.0193599  0.0060308
  0.530028    0.12782  0.0492445   0.885131  0.0904007  0.0193599  0.0060308
  0.530028    0.12782  0.0492445   0.885131  0.0904007  0.0193599  0.0060308
  0.530028    0.12782  0.0492445   0.885131  0.0904007  0.0193599  0.0060308
  0.522413   0.125172  0.0490722   0.885199  0.0906931  0.0196336 0.00576359
  0.522413   0.125172  0.0490722   0.885199  0.0906931  0.0196336 0.00576359
  0.522413   0.125172  0.0490722   0.885199  0.0906931  0.0196336 0.00576359
  0.522413   0.125172  0.0490722   0.885199  0.0906931  0.0196336 0.00576359
  0.507085   0.119613  0.0490979   0.885189  0.0906497  0.0195929  0.0057366
  0.510309   0.119791  0.0490979   0.885189  0.0906497  0.0195929 0.00573003
  0.510309   0.119791  0.0490979   0.885189  0.0906497  0.0195929 0.00573003
  0.510309   0.119791  0.0490979   0.885189  0.0906497  0.0195929 0.00573003
  0.510309   0.119791  0.0490979   0.885189  0.0906497  0.0195929 0.00573003
  0.510309   0.119791  0.0490979   0.885189  0.0906497  0.0195929 0.00573003
  0.510309   0.119791  0.0490979   0.885189  0.0906497  0.0195929 0.00573003
  0.510309   0.119791  0.0490979   0.885189  0.0906497  0.0195929 0.00573003
  0.510309   0.119791  0.0490979   0.885189  0.0906497  0.0195929 0.00573003
  0.510309   0.119791  0.0490979   0.885189  0.0906497  0.0195929 0.00573003
  0.510309   0.119791  0.0490979   0.885189  0.0906497  0.0195929 0.00573003
  0.510309   0.119791  0.0490979   0.885189  0.0906497  0.0195929 0.00573003
  0.510309   0.119791  0.0490979   0.885189  0.0906497  0.0195929 0.00573003
  0.510309   0.119791  0.0490979   0.885189  0.0906497  0.0195929 0.00573003
  0.510309   0.119791  0.0490979   0.885189  0.0906497  0.0195929 0.00573003
  0.510309   0.119791  0.0490979   0.885189  0.0906497  0.0195929 0.00573003
  0.510309   0.119791  0.0490979   0.885189  0.0906497  0.0195929 0.00573003
  0.510309   0.119791  0.0490979   0.885189  0.0906497  0.0195929 0.00573003
  0.510309   0.119791  0.0490979   0.885189  0.0906497  0.0195929 0.00573003
  0.510309   0.119791  0.0490979   0.885189  0.0906497  0.0195929 0.00573003
  0.510309   0.119791  0.0490979   0.885189  0.0906497  0.0195929 0.00573003
  0.510309   0.119791  0.0490979   0.885189  0.0906497  0.0195929 0.00573003
  0.510309   0.119791  0.0490979   0.885189  0.0906497  0.0195929 0.00573003
  0.510309   0.119791  0.0490979   0.885189  0.0906497  0.0195929 0.00573003
  0.510309   0.119791  0.0490979   0.885189  0.0906497  0.0195929 0.00573003
  0.552753   0.133416  0.0491007   0.885188   0.090645  0.0195884 0.00570862
  0.552753   0.133416  0.0491007   0.885188   0.090645  0.0195884 0.00570862
  0.552753   0.133416  0.0491007   0.885188   0.090645  0.0195884 0.00570862
  0.554719   0.133831  0.0491007   0.885188   0.090645  0.0195884 0.00570834
  0.554719   0.133831  0.0491007   0.885188   0.090645  0.0195884 0.00570834
  0.554719   0.133831  0.0491007   0.885188   0.090645  0.0195884 0.00570834
  0.554719   0.133831  0.0491007   0.885188   0.090645  0.0195884 0.00570834
  0.554719   0.133831  0.0491007   0.885188   0.090645  0.0195884 0.00570834
  0.554719   0.133831  0.0491007   0.885188   0.090645  0.0195884 0.00570834
  0.554787   0.133872  0.0491007   0.885188   0.090645  0.0195884 0.00570818
  0.554787   0.133872  0.0491007   0.885188   0.090645  0.0195884 0.00570818
  0.554787   0.133872  0.0491007   0.885188   0.090645  0.0195884 0.00570818
  0.554787   0.133872  0.0491007   0.885188   0.090645  0.0195884 0.00570818
  0.554787   0.133872  0.0491007   0.885188   0.090645  0.0195884 0.00570818
  0.554787   0.133872  0.0491007   0.885188   0.090645  0.0195884 0.00570818
  0.554787   0.133872  0.0491007   0.885188   0.090645  0.0195884 0.00570818
  0.560791   0.136177   0.049102   0.885187  0.0906429  0.0195865 0.00570717
  0.560791   0.136177   0.049102   0.885187  0.0906429  0.0195865 0.00570717
  0.560791   0.136177   0.049102   0.885187  0.0906429  0.0195865 0.00570717
  0.560791   0.136177   0.049102   0.885187  0.0906429  0.0195865 0.00570717
  0.560791   0.136177   0.049102   0.885187  0.0906429  0.0195865 0.00570717
  0.560791   0.136177   0.049102   0.885187  0.0906429  0.0195865 0.00570717
  0.560791   0.136177   0.049102   0.885187  0.0906429  0.0195865 0.00570717
  0.559086   0.135518  0.0491013   0.885188  0.0906426  0.0195866 0.00570711
  0.559086   0.135518  0.0491013   0.885188  0.0906426  0.0195866 0.00570711
  0.559086   0.135518  0.0491013   0.885188  0.0906426  0.0195866 0.00570711
  0.559086   0.135518  0.0491013   0.885188  0.0906426  0.0195866 0.00570711
  0.559086   0.135518  0.0491013   0.885188  0.0906426  0.0195866 0.00570711
  0.559086   0.135518  0.0491013   0.885188  0.0906426  0.0195866 0.00570711
  0.559086   0.135518  0.0491013   0.885188  0.0906426  0.0195866 0.00570711
  0.559086   0.135518  0.0491013   0.885188  0.0906426  0.0195866 0.00570711
  0.559086   0.135518  0.0491013   0.885188  0.0906426  0.0195866 0.00570711
  0.559086   0.135518  0.0491013   0.885188  0.0906426  0.0195866 0.00570711
  0.559086   0.135518  0.0491013   0.885188  0.0906426  0.0195866 0.00570711
  0.559533   0.135351  0.0491009   0.885188   0.090644  0.0195876 0.00570657
  0.559533   0.135351  0.0491009   0.885188   0.090644  0.0195876 0.00570657
  0.559533   0.135351  0.0491009   0.885188   0.090644  0.0195876 0.00570657
  0.559533   0.135351  0.0491009   0.885188   0.090644  0.0195876 0.00570657
  0.559533   0.135351  0.0491009   0.885188   0.090644  0.0195876 0.00570657
  0.559533   0.135351  0.0491009   0.885188   0.090644  0.0195876 0.00570657
  0.559533   0.135351  0.0491009   0.885188   0.090644  0.0195876 0.00570657
  0.559533   0.135351  0.0491009   0.885188   0.090644  0.0195876 0.00570657
  0.559533   0.135351  0.0491009   0.885188   0.090644  0.0195876 0.00570657
  0.559533   0.135351  0.0491009   0.885188   0.090644  0.0195876 0.00570657
  0.559533   0.135351  0.0491009   0.885188   0.090644  0.0195876 0.00570657
  0.589149   0.145071  0.0491012   0.885188  0.0906433   0.019587 0.00569528
  0.589149   0.145071  0.0491012   0.885188  0.0906433   0.019587 0.00569528
  0.589149   0.145071  0.0491012   0.885188  0.0906433   0.019587 0.00569528
  0.589149   0.145071  0.0491012   0.885188  0.0906433   0.019587 0.00569528
  0.589711   0.145063  0.0491012   0.885188  0.0906433   0.019587 0.00569398
  0.589711   0.145063  0.0491012   0.885188  0.0906433   0.019587 0.00569398
  0.589711   0.145063  0.0491012   0.885188  0.0906433   0.019587 0.00569398
  0.589711   0.145063  0.0491012   0.885188  0.0906433   0.019587 0.00569398
  0.589711   0.145063  0.0491012   0.885188  0.0906433   0.019587 0.00569398
  0.589711   0.145063  0.0491012   0.885188  0.0906433   0.019587 0.00569398
  0.589711   0.145063  0.0491012   0.885188  0.0906433   0.019587 0.00569398
  0.589711   0.145063  0.0491012   0.885188  0.0906433   0.019587 0.00569398
  0.589711   0.145063  0.0491012   0.885188  0.0906433   0.019587 0.00569398
  0.589711   0.145063  0.0491012   0.885188  0.0906433   0.019587 0.00569398
  0.589711   0.145063  0.0491012   0.885188  0.0906433   0.019587 0.00569398
  0.589711   0.145063  0.0491012   0.885188  0.0906433   0.019587 0.00569398
  0.589711   0.145063  0.0491012   0.885188  0.0906433   0.019587 0.00569398
  0.589711   0.145063  0.0491012   0.885188  0.0906433   0.019587 0.00569398
  0.589711   0.145063  0.0491012   0.885188  0.0906433   0.019587 0.00569398
  0.598401   0.148055  0.0491013   0.885188  0.0906433   0.019587 0.00569265
   0.59707   0.147382  0.0491013   0.885188  0.0906433   0.019587 0.00569122
   0.59707   0.147382  0.0491013   0.885188  0.0906433   0.019587 0.00569122
   0.59707   0.147382  0.0491013   0.885188  0.0906433   0.019587 0.00569122
   0.59707   0.147382  0.0491013   0.885188  0.0906433   0.019587 0.00569122
  0.597453   0.147342  0.0491013   0.885188  0.0906433   0.019587   0.005691
  0.597453   0.147342  0.0491013   0.885188  0.0906433   0.019587   0.005691
  0.597453   0.147342  0.0491013   0.885188  0.0906433   0.019587   0.005691
  0.597453   0.147342  0.0491013   0.885188  0.0906433   0.019587   0.005691
  0.597453   0.147342  0.0491013   0.885188  0.0906433   0.019587   0.005691
  0.597453   0.147342  0.0491013   0.885188  0.0906433   0.019587   0.005691
  0.597453   0.147342  0.0491013   0.885188  0.0906433   0.019587   0.005691
  0.597453   0.147342  0.0491013   0.885188  0.0906433   0.019587   0.005691
  0.597453   0.147342  0.0491013   0.885188  0.0906433   0.019587   0.005691
  0.597453   0.147342  0.0491013   0.885188  0.0906433   0.019587   0.005691
  0.597453   0.147342  0.0491013   0.885188  0.0906433   0.019587   0.005691
  0.597453   0.147342  0.0491013   0.885188  0.0906433   0.019587   0.005691
  0.597453   0.147342  0.0491013   0.885188  0.0906433   0.019587   0.005691
  0.597476   0.147482  0.0491013   0.885188  0.0906433   0.019587 0.00569098
  0.634486   0.158966  0.0491013   0.885188  0.0906433   0.019587 0.00567792
  0.634486   0.158966  0.0491013   0.885188  0.0906433   0.019587 0.00567792
  0.634486   0.158966  0.0491013   0.885188  0.0906433   0.019587 0.00567792
  0.634486   0.158966  0.0491013   0.885188  0.0906433   0.019587 0.00567792
  0.634486   0.158966  0.0491013   0.885188  0.0906433   0.019587 0.00567792
  0.638416   0.160395  0.0491006   0.885187  0.0906444  0.0195869 0.00567682
  0.638416   0.160395  0.0491006   0.885187  0.0906444  0.0195869 0.00567682
  0.638416   0.160395  0.0491006   0.885187  0.0906444  0.0195869 0.00567682
  0.638416   0.160395  0.0491006   0.885187  0.0906444  0.0195869 0.00567682
  0.638416   0.160395  0.0491006   0.885187  0.0906444  0.0195869 0.00567682
  0.638416   0.160395  0.0491006   0.885187  0.0906444  0.0195869 0.00567682
  0.638416   0.160395  0.0491006   0.885187  0.0906444  0.0195869 0.00567682
  0.638416   0.160395  0.0491006   0.885187  0.0906444  0.0195869 0.00567682
  0.638416   0.160395  0.0491006   0.885187  0.0906444  0.0195869 0.00567682
  0.638416   0.160395  0.0491006   0.885187  0.0906444  0.0195869 0.00567682
  0.638416   0.160395  0.0491006   0.885187  0.0906444  0.0195869 0.00567682
  0.638416   0.160395  0.0491006   0.885187  0.0906444  0.0195869 0.00567682
  0.638416   0.160395  0.0491006   0.885187  0.0906444  0.0195869 0.00567682
  0.638416   0.160395  0.0491006   0.885187  0.0906444  0.0195869 0.00567682
  0.665911    0.16822  0.0491006   0.885187  0.0906443  0.0195869  0.0056731
  0.664443   0.168035  0.0491006   0.885187  0.0906443  0.0195869 0.00567004
  0.664443   0.168035  0.0491006   0.885187  0.0906443  0.0195869 0.00567004
  0.664443   0.168035  0.0491006   0.885187  0.0906443  0.0195869 0.00567004
  0.664443   0.168035  0.0491006   0.885187  0.0906443  0.0195869 0.00567004
  0.664443   0.168035  0.0491006   0.885187  0.0906443  0.0195869 0.00567004
  0.664443   0.168035  0.0491006   0.885187  0.0906443  0.0195869 0.00567004
  0.664443   0.168035  0.0491006   0.885187  0.0906443  0.0195869 0.00567004
  0.664443   0.168035  0.0491006   0.885187  0.0906443  0.0195869 0.00567004
  0.664443   0.168035  0.0491006   0.885187  0.0906443  0.0195869 0.00567004
  0.664443   0.168035  0.0491006   0.885187  0.0906443  0.0195869 0.00567004
  0.664443   0.168035  0.0491006   0.885187  0.0906443  0.0195869 0.00567004
  0.663032   0.167951  0.0491006   0.885187  0.0906443  0.0195869  0.0056689
  0.663731   0.167574  0.0490671   0.885112  0.0906469    0.01961 0.00566195
  0.663731   0.167574  0.0490671   0.885112  0.0906469    0.01961 0.00566195
  0.663731   0.167574  0.0490671   0.885112  0.0906469    0.01961 0.00566195
  0.663731   0.167574  0.0490671   0.885112  0.0906469    0.01961 0.00566195
  0.663731   0.167574  0.0490671   0.885112  0.0906469    0.01961 0.00566195
  0.663731   0.167574  0.0490671   0.885112  0.0906469    0.01961 0.00566195
   0.67104   0.170305  0.0490678   0.885113  0.0906468  0.0196094 0.00565927
   0.67104   0.170305  0.0490678   0.885113  0.0906468  0.0196094 0.00565927
   0.67104   0.170305  0.0490678   0.885113  0.0906468  0.0196094 0.00565927
  0.677536   0.171925  0.0490683   0.885114  0.0906468  0.0196091 0.00565725
  0.695679   0.178512  0.0490741   0.885127  0.0906463  0.0196052 0.00565641
  0.695679   0.178512  0.0490741   0.885127  0.0906463  0.0196052 0.00565641
  0.691796   0.176834  0.0490715   0.885122  0.0906465  0.0196069 0.00565285
  0.691796   0.176834  0.0490715   0.885122  0.0906465  0.0196069 0.00565285
   0.69557   0.177527  0.0490715   0.885122  0.0906465  0.0196069 0.00565222
   0.69557   0.177527  0.0490715   0.885122  0.0906465  0.0196069 0.00565222
   0.69557   0.177527  0.0490715   0.885122  0.0906465  0.0196069 0.00565222
   0.69557   0.177527  0.0490715   0.885122  0.0906465  0.0196069 0.00565222
   0.69557   0.177527  0.0490715   0.885122  0.0906465  0.0196069 0.00565222
   0.69557   0.177527  0.0490715   0.885122  0.0906465  0.0196069 0.00565222
   0.69557   0.177527  0.0490715   0.885122  0.0906465  0.0196069 0.00565222
  0.712389   0.183107   0.049072   0.885123  0.0906465  0.0196066 0.00564639
  0.712389   0.183107   0.049072   0.885123  0.0906465  0.0196066 0.00564639
  0.712389   0.183107   0.049072   0.885123  0.0906465  0.0196066 0.00564639
  0.712389   0.183107   0.049072   0.885123  0.0906465  0.0196066 0.00564639
  0.712389   0.183107   0.049072   0.885123  0.0906465  0.0196066 0.00564639
  0.712539   0.183074   0.049072   0.885123  0.0906465  0.0196066 0.00564638
  0.712539   0.183074   0.049072   0.885123  0.0906465  0.0196066 0.00564638
  0.712539   0.183074   0.049072   0.885123  0.0906465  0.0196066 0.00564638
  0.712539   0.183074   0.049072   0.885123  0.0906465  0.0196066 0.00564638
  0.712539   0.183074   0.049072   0.885123  0.0906465  0.0196066 0.00564638
  0.712539   0.183074   0.049072   0.885123  0.0906465  0.0196066 0.00564638
  0.712539   0.183074   0.049072   0.885123  0.0906465  0.0196066 0.00564638
  0.712539   0.183074   0.049072   0.885123  0.0906465  0.0196066 0.00564638
  0.736595   0.190667  0.0490715   0.885122  0.0906465  0.0196069 0.00563975
  0.736595   0.190667  0.0490715   0.885122  0.0906465  0.0196069 0.00563975
  0.736595   0.190667  0.0490715   0.885122  0.0906465  0.0196069 0.00563975
  0.736595   0.190667  0.0490715   0.885122  0.0906465  0.0196069 0.00563975
  0.736595   0.190667  0.0490715   0.885122  0.0906465  0.0196069 0.00563975
  0.736595   0.190667  0.0490715   0.885122  0.0906465  0.0196069 0.00563975
  0.736595   0.190667  0.0490715   0.885122  0.0906465  0.0196069 0.00563975
  0.736595   0.190667  0.0490715   0.885122  0.0906465  0.0196069 0.00563975
  0.736595   0.190667  0.0490715   0.885122  0.0906465  0.0196069 0.00563975
  0.736595   0.190667  0.0490715   0.885122  0.0906465  0.0196069 0.00563975
  0.736595   0.190667  0.0490715   0.885122  0.0906465  0.0196069 0.00563975
  0.736595   0.190667  0.0490715   0.885122  0.0906465  0.0196069 0.00563975
  0.736595   0.190667  0.0490715   0.885122  0.0906465  0.0196069 0.00563975
  0.736595   0.190667  0.0490715   0.885122  0.0906465  0.0196069 0.00563975
  0.736595   0.190667  0.0490715   0.885122  0.0906465  0.0196069 0.00563975
  0.736595   0.190667  0.0490715   0.885122  0.0906465  0.0196069 0.00563975
  0.736595   0.190667  0.0490715   0.885122  0.0906465  0.0196069 0.00563975
  0.737367   0.190942  0.0490718   0.885122  0.0906465  0.0196068 0.00563961
  0.737367   0.190942  0.0490718   0.885122  0.0906465  0.0196068 0.00563961
  0.737367   0.190942  0.0490718   0.885122  0.0906465  0.0196068 0.00563961
  0.737367   0.190942  0.0490718   0.885122  0.0906465  0.0196068 0.00563961
  0.737367   0.190942  0.0490718   0.885122  0.0906465  0.0196068 0.00563961
  0.737367   0.190942  0.0490718   0.885122  0.0906465  0.0196068 0.00563961
  0.737367   0.190942  0.0490718   0.885122  0.0906465  0.0196068 0.00563961
  0.737367   0.190942  0.0490718   0.885122  0.0906465  0.0196068 0.00563961
  0.737367   0.190942  0.0490718   0.885122  0.0906465  0.0196068 0.00563961
  0.737367   0.190942  0.0490718   0.885122  0.0906465  0.0196068 0.00563961
  0.737367   0.190942  0.0490718   0.885122  0.0906465  0.0196068 0.00563961
  0.737367   0.190942  0.0490718   0.885122  0.0906465  0.0196068 0.00563961
  0.737367   0.190942  0.0490718   0.885122  0.0906465  0.0196068 0.00563961
  0.737367   0.190942  0.0490718   0.885122  0.0906465  0.0196068 0.00563961
  0.737367   0.190942  0.0490718   0.885122  0.0906465  0.0196068 0.00563961
  0.739266   0.191439  0.0490717   0.885122  0.0906465  0.0196068 0.00563912
  0.739266   0.191439  0.0490717   0.885122  0.0906465  0.0196068 0.00563912
  0.739266   0.191439  0.0490717   0.885122  0.0906465  0.0196068 0.00563912
  0.739266   0.191439  0.0490717   0.885122  0.0906465  0.0196068 0.00563912
  0.739266   0.191439  0.0490717   0.885122  0.0906465  0.0196068 0.00563912
  0.760117   0.198235  0.0490717   0.885122  0.0906465  0.0196068  0.0056344
  0.760117   0.198235  0.0490717   0.885122  0.0906465  0.0196068  0.0056344
  0.760117   0.198235  0.0490717   0.885122  0.0906465  0.0196068  0.0056344
  0.760117   0.198235  0.0490717   0.885122  0.0906465  0.0196068  0.0056344
  0.760117   0.198235  0.0490717   0.885122  0.0906465  0.0196068  0.0056344
  0.760117   0.198235  0.0490717   0.885122  0.0906465  0.0196068  0.0056344
  0.759584    0.19802  0.0490717   0.885122  0.0906465  0.0196068 0.00563431
  0.763473   0.198915  0.0490717   0.885122  0.0906465  0.0196068 0.00563321
  0.763473   0.198915  0.0490717   0.885122  0.0906465  0.0196068 0.00563321
  0.763473   0.198915  0.0490717   0.885122  0.0906465  0.0196068 0.00563321
  0.763473   0.198915  0.0490717   0.885122  0.0906465  0.0196068 0.00563321
  0.763473   0.198915  0.0490717   0.885122  0.0906465  0.0196068 0.00563321
  0.763473   0.198915  0.0490717   0.885122  0.0906465  0.0196068 0.00563321
  0.763473   0.198915  0.0490717   0.885122  0.0906465  0.0196068 0.00563321
  0.763473   0.198915  0.0490717   0.885122  0.0906465  0.0196068 0.00563321
  0.763473   0.198915  0.0490717   0.885122  0.0906465  0.0196068 0.00563321
  0.763473   0.198915  0.0490717   0.885122  0.0906465  0.0196068 0.00563321
  0.764991   0.199311  0.0490717   0.885122  0.0906465  0.0196068  0.0056331
  0.768961   0.200547  0.0490717   0.885122  0.0906465  0.0196068  0.0056322
  0.768961   0.200547  0.0490717   0.885122  0.0906465  0.0196068  0.0056322
  0.773048   0.202172  0.0490717   0.885122  0.0906465  0.0196068 0.00563092
  0.773048   0.202172  0.0490717   0.885122  0.0906465  0.0196068 0.00563092
  0.773048   0.202172  0.0490717   0.885122  0.0906465  0.0196068 0.00563092
  0.773048   0.202172  0.0490717   0.885122  0.0906465  0.0196068 0.00563092
  0.773048   0.202172  0.0490717   0.885122  0.0906465  0.0196068 0.00563092
  0.773048   0.202172  0.0490717   0.885122  0.0906465  0.0196068 0.00561237
  0.773048   0.202172  0.0490717   0.885122  0.0906465  0.0196068 0.00561237
  0.773048   0.202172  0.0490717   0.885122  0.0906465  0.0196068 0.00561237
  0.773048   0.202172  0.0490717   0.885122  0.0906465  0.0196068 0.00561237
  0.773048   0.202172  0.0490717   0.885122  0.0906465  0.0196068 0.00561237
  0.773048   0.202172  0.0490717   0.885122  0.0906465  0.0196068 0.00561237
  0.773048   0.202172  0.0490717   0.885122  0.0906465  0.0196068 0.00561237
  0.773048   0.202172  0.0490717   0.885122  0.0906465  0.0196068 0.00561237
  0.774947   0.202696    0.04907   0.885121  0.0906462  0.0196076  0.0056118
  0.767365   0.200929  0.0491416   0.885176  0.0906696  0.0196559 0.00559878
  0.767365   0.200929  0.0491416   0.885176  0.0906696  0.0196559 0.00559878
  0.767365   0.200929  0.0491416   0.885176  0.0906696  0.0196559 0.00559878
  0.767365   0.200929  0.0491416   0.885176  0.0906696  0.0196559 0.00559878
  0.767365   0.200929  0.0491416   0.885176  0.0906696  0.0196559 0.00559878
  0.767365   0.200929  0.0491416   0.885176  0.0906696  0.0196559 0.00559878
  0.772848   0.201906  0.0491251   0.885167  0.0906613  0.0196516 0.00559633
  0.772848   0.201906  0.0491251   0.885167  0.0906613  0.0196516 0.00559633
  0.772848   0.201906  0.0491251   0.885167  0.0906613  0.0196516 0.00559633
  0.772848   0.201906  0.0491251   0.885167  0.0906613  0.0196516 0.00559633
  0.772848   0.201906  0.0491251   0.885167  0.0906613  0.0196516 0.00559633
  0.772848   0.201906  0.0491251   0.885167  0.0906613  0.0196516 0.00559633
  0.772848   0.201906  0.0491251   0.885167  0.0906613  0.0196516 0.00559633
  0.772848   0.201906  0.0491251   0.885167  0.0906613  0.0196516 0.00559633
  0.772848   0.201906  0.0491251   0.885167  0.0906613  0.0196516 0.00559633
  0.772829   0.202176  0.0491244   0.885166  0.0906619  0.0196507 0.00559602
  0.772829   0.202176  0.0491244   0.885166  0.0906619  0.0196507 0.00559602
  0.772829   0.202176  0.0491244   0.885166  0.0906619  0.0196507 0.00559602
  0.772829   0.202176  0.0491244   0.885166  0.0906619  0.0196507 0.00559602
  0.772829   0.202176  0.0491244   0.885166  0.0906619  0.0196507 0.00559602
  0.772829   0.202176  0.0491244   0.885166  0.0906619  0.0196507 0.00559602
  0.772829   0.202176  0.0491244   0.885166  0.0906619  0.0196507 0.00559602
  0.772829   0.202176  0.0491244   0.885166  0.0906619  0.0196507 0.00559602
  0.772829   0.202176  0.0491244   0.885166  0.0906619  0.0196507 0.00559602
  0.772829   0.202176  0.0491244   0.885166  0.0906619  0.0196507 0.00559602
  0.776979   0.203195  0.0491241   0.885166  0.0906618  0.0196504 0.00559573
  0.776979   0.203195  0.0491241   0.885166  0.0906618  0.0196504 0.00559573
  0.783358   0.205844  0.0491246   0.885166  0.0906616  0.0196509 0.00559544
  0.783358   0.205844  0.0491246   0.885166  0.0906616  0.0196509 0.00559544
  0.783358   0.205844  0.0491246   0.885166  0.0906616  0.0196509 0.00559544
  0.780733   0.204885  0.0491243   0.885166  0.0906617  0.0196507 0.00559509
  0.780733   0.204885  0.0491243   0.885166  0.0906617  0.0196507 0.00559509
  0.779349   0.204074  0.0491261   0.885167  0.0906606  0.0196514 0.00559488
  0.779349   0.204074  0.0491261   0.885167  0.0906606  0.0196514 0.00559488
  0.779349   0.204074  0.0491261   0.885167  0.0906606  0.0196514 0.00559488
  0.779349   0.204074  0.0491261   0.885167  0.0906606  0.0196514 0.00559488
  0.779349   0.204074  0.0491261   0.885167  0.0906606  0.0196514 0.00559488
  0.779349   0.204074  0.0491261   0.885167  0.0906606  0.0196514 0.00559488
  0.779349   0.204074  0.0491261   0.885167  0.0906606  0.0196514 0.00559488
  0.779349   0.204074  0.0491261   0.885167  0.0906606  0.0196514 0.00559488
  0.803742   0.211891  0.0491257   0.885167   0.090661  0.0196513 0.00558991
  0.803742   0.211891  0.0491257   0.885167   0.090661  0.0196513 0.00558991
  0.803742   0.211891  0.0491257   0.885167   0.090661  0.0196513 0.00558991
  0.803742   0.211891  0.0491257   0.885167   0.090661  0.0196513 0.00558991
  0.803742   0.211891  0.0491257   0.885167   0.090661  0.0196513 0.00558991
  0.803742   0.211891  0.0491257   0.885167   0.090661  0.0196513 0.00558991
  0.803742   0.211891  0.0491257   0.885167   0.090661  0.0196513 0.00558991
  0.803742   0.211891  0.0491257   0.885167   0.090661  0.0196513 0.00558991
  0.813219   0.214436  0.0491256   0.885167   0.090661  0.0196512 0.00558919
  0.813219   0.214436  0.0491256   0.885167   0.090661  0.0196512 0.00558919
  0.813219   0.214436  0.0491256   0.885167   0.090661  0.0196512 0.00558919
  0.813219   0.214436  0.0491256   0.885167   0.090661  0.0196512 0.00558919
  0.813219   0.214436  0.0491256   0.885167   0.090661  0.0196512 0.00558919
  0.813219   0.214436  0.0491256   0.885167   0.090661  0.0196512 0.00558919
  0.810137   0.213957  0.0491254   0.885167  0.0906611  0.0196508   0.005589
  0.810137   0.213957  0.0491254   0.885167  0.0906611  0.0196508   0.005589
  0.809302   0.213565  0.0491254   0.885167  0.0906611  0.0196508 0.00558895
  0.809302   0.213565  0.0491254   0.885167  0.0906611  0.0196508 0.00558895
  0.809302   0.213565  0.0491254   0.885167  0.0906611  0.0196508 0.00558895
  0.818135   0.216118  0.0491254   0.885167  0.0906611  0.0196508  0.0055877
  0.817882   0.216369  0.0491254   0.885167  0.0906611  0.0196509 0.00558746
  0.817882   0.216369  0.0491254   0.885167  0.0906611  0.0196509 0.00558746
   0.83481   0.221742  0.0491255   0.885167   0.090661  0.0196511 0.00558451
   0.83481   0.221742  0.0491255   0.885167   0.090661  0.0196511 0.00558451
   0.83481   0.221742  0.0491255   0.885167   0.090661  0.0196511 0.00558451
   0.83481   0.221742  0.0491255   0.885167   0.090661  0.0196511 0.00558451
   0.83481   0.221742  0.0491255   0.885167   0.090661  0.0196511 0.00558451
   0.83481   0.221742  0.0491255   0.885167   0.090661  0.0196511 0.00558451
   0.83481   0.221742  0.0491255   0.885167   0.090661  0.0196511 0.00558451
   0.83481   0.221742  0.0491255   0.885167   0.090661  0.0196511 0.00558451
   0.83481   0.221742  0.0491255   0.885167   0.090661  0.0196511 0.00558451
   0.83481   0.221742  0.0491255   0.885167   0.090661  0.0196511 0.00558451
   0.83481   0.221742  0.0491255   0.885167   0.090661  0.0196511 0.00558451
   0.83481   0.221742  0.0491255   0.885167   0.090661  0.0196511 0.00558451
   0.83481   0.221742  0.0491255   0.885167   0.090661  0.0196511 0.00558451
   0.83481   0.221742  0.0491255   0.885167   0.090661  0.0196511 0.00558451
   0.83481   0.221742  0.0491255   0.885167   0.090661  0.0196511 0.00558451
   0.83481   0.221742  0.0491255   0.885167   0.090661  0.0196511 0.00558451
   0.83481   0.221742  0.0491255   0.885167   0.090661  0.0196511 0.00558451
   0.83481   0.221742  0.0491255   0.885167   0.090661  0.0196511 0.00558451
   0.83693   0.222357  0.0491255   0.885167   0.090661  0.0196511 0.00558396
   0.83693   0.222357  0.0491255   0.885167   0.090661  0.0196511 0.00558396
   0.83693   0.222357  0.0491255   0.885167   0.090661  0.0196511 0.00558396
  0.838478   0.222587  0.0491255   0.885167   0.090661  0.0196511 0.00558364
  0.838478   0.222587  0.0491255   0.885167   0.090661  0.0196511 0.00558364
  0.838478   0.222587  0.0491255   0.885167   0.090661  0.0196511 0.00558364
  0.838478   0.222587  0.0491255   0.885167   0.090661  0.0196511 0.00558364
  0.838478   0.222587  0.0491255   0.885167   0.090661  0.0196511 0.00558364
  0.838478   0.222587  0.0491255   0.885167   0.090661  0.0196511 0.00558364
  0.840665   0.223206  0.0491255   0.885167   0.090661  0.0196511 0.00558339
  0.842209   0.224087  0.0491255   0.885167   0.090661  0.0196511 0.00558333
  0.842606   0.224103  0.0491255   0.885167   0.090661  0.0196511 0.00558295
truk:  0.515996 0.0603199  0.103199  0.896801   0.05516 0.0722394 with trukCost with new weights:0.00700791
total difference b/w truk and final GBVEC:0.140584
for Ks: 0.79719 0.138687 0.104211  0.97094 0.064014 0.075424 has cost:0.00323033
for Ks:0.781196 0.140816 0.097871  0.82296 0.046377 0.069316 has cost:0.00288747
for Ks: 0.789193  0.139752  0.101041   0.89695 0.0551955 0.0723701 has cost:0.00304523
Weight Matrix for time step:0
  0.0131345           0           0           0           0           0           0           0           0           0           0           0           0           0           0           0           0           0           0           0           0           0           0           0           0           0           0
          0  0.00517859           0           0           0           0           0           0           0           0           0           0           0           0           0           0           0           0           0           0           0           0           0           0           0           0           0
          0           0   0.0932182           0           0           0           0           0           0           0           0           0           0           0           0           0           0           0           0           0           0           0           0           0           0           0           0
          0           0           0     154.416           0           0           0           0           0           0           0           0           0           0           0           0           0           0           0           0           0           0           0           0           0           0           0
          0           0           0           0  0.00447049           0           0           0           0           0           0           0           0           0           0           0           0           0           0           0           0           0           0           0           0           0           0
          0           0           0           0           0   0.0556206           0           0           0           0           0           0           0           0           0           0           0           0           0           0           0           0           0           0           0           0           0
          0           0           0           0           0           0 7.14986e-06           0           0           0           0           0           0           0           0           0           0           0           0           0           0           0           0           0           0           0           0
          0           0           0           0           0           0           0 5.51542e-07           0           0           0           0           0           0           0           0           0           0           0           0           0           0           0           0           0           0           0
          0           0           0           0           0           0           0           0 0.000473904           0           0           0           0           0           0           0           0           0           0           0           0           0           0           0           0           0           0
          0           0           0           0           0           0           0           0           0     3244.48           0           0           0           0           0           0           0           0           0           0           0           0           0           0           0           0           0
          0           0           0           0           0           0           0           0           0           0 4.70834e-07           0           0           0           0           0           0           0           0           0           0           0           0           0           0           0           0
          0           0           0           0           0           0           0           0           0           0           0 0.000178492           0           0           0           0           0           0           0           0           0           0           0           0           0           0           0
          0           0           0           0           0           0           0           0           0           0           0           0    0.939209           0           0           0           0           0           0           0           0           0           0           0           0           0           0
          0           0           0           0           0           0           0           0           0           0           0           0           0 0.000623386           0           0           0           0           0           0           0           0           0           0           0           0           0
          0           0           0           0           0           0           0           0           0           0           0           0           0           0    0.376434           0           0           0           0           0           0           0           0           0           0           0           0
          0           0           0           0           0           0           0           0           0           0           0           0           0           0           0 0.000577452           0           0           0           0           0           0           0           0           0           0           0
          0           0           0           0           0           0           0           0           0           0           0           0           0           0           0           0 0.000286095           0           0           0           0           0           0           0           0           0           0
          0           0           0           0           0           0           0           0           0           0           0           0           0           0           0           0           0   0.0001661           0           0           0           0           0           0           0           0           0
          0           0           0           0           0           0           0           0           0           0           0           0           0           0           0           0           0           0     10.6788           0           0           0           0           0           0           0           0
          0           0           0           0           0           0           0           0           0           0           0           0           0           0           0           0           0           0           0 5.11829e-07           0           0           0           0           0           0           0
          0           0           0           0           0           0           0           0           0           0           0           0           0           0           0           0           0           0           0           0 0.000120085           0           0           0           0           0           0
          0           0           0           0           0           0           0           0           0           0           0           0           0           0           0           0           0           0           0           0           0     3.80684           0           0           0           0           0
          0           0           0           0           0           0           0           0           0           0           0           0           0           0           0           0           0           0           0           0           0           0 8.92021e-05           0           0           0           0
          0           0           0           0           0           0           0           0           0           0           0           0           0           0           0           0           0           0           0           0           0           0           0 0.000297715           0           0           0
          0           0           0           0           0           0           0           0           0           0           0           0           0           0           0           0           0           0           0           0           0           0           0           0     2.58425           0           0
          0           0           0           0           0           0           0           0           0           0           0           0           0           0           0           0           0           0           0           0           0           0           0           0           0     1.93493           0
          0           0           0           0           0           0           0           0           0           0           0           0           0           0           0           0           0           0           0           0           0           0           0           0           0           0  6.3104e-05

CODE FINISHED RUNNING IN 1616 s TIME!
Job Statistics for 2107141:
           JobID       User               Start                 End    Elapsed     MaxRSS   TotalCPU      State Exit        NodeList                                  ReqTRES 
---------------- ---------- ------------------- ------------------- ---------- ---------- ---------- ---------- ---- --------------- ---------------------------------------- 
         2107141   rsjxw007 2021-09-17T15:25:20 2021-09-17T15:52:18   00:26:58             26:49.895  COMPLETED  0:0   r1pl-hpcf-n21         billing=1,cpu=1,mem=7812M,node=1 
   2107141.batch            2021-09-17T15:25:20 2021-09-17T15:52:18   00:26:58      6.64M  26:49.893  COMPLETED  0:0   r1pl-hpcf-n21                                          
  2107141.extern            2021-09-17T15:25:20 2021-09-17T15:52:18   00:26:58          0  00:00.001  COMPLETED  0:0   r1pl-hpcf-n21                                          
CPU Efficiency: 99.51% of 00:26:58 core-walltime
