PSO_S_ODE_NonLinear
first weight
1 0 0 0 0 0 0 0 0 0 0 0 0 0 0 0 0 0 0 0 0 0 0 0 0 0 0
0 1 0 0 0 0 0 0 0 0 0 0 0 0 0 0 0 0 0 0 0 0 0 0 0 0 0
0 0 1 0 0 0 0 0 0 0 0 0 0 0 0 0 0 0 0 0 0 0 0 0 0 0 0
0 0 0 1 0 0 0 0 0 0 0 0 0 0 0 0 0 0 0 0 0 0 0 0 0 0 0
0 0 0 0 1 0 0 0 0 0 0 0 0 0 0 0 0 0 0 0 0 0 0 0 0 0 0
0 0 0 0 0 1 0 0 0 0 0 0 0 0 0 0 0 0 0 0 0 0 0 0 0 0 0
0 0 0 0 0 0 1 0 0 0 0 0 0 0 0 0 0 0 0 0 0 0 0 0 0 0 0
0 0 0 0 0 0 0 1 0 0 0 0 0 0 0 0 0 0 0 0 0 0 0 0 0 0 0
0 0 0 0 0 0 0 0 1 0 0 0 0 0 0 0 0 0 0 0 0 0 0 0 0 0 0
0 0 0 0 0 0 0 0 0 1 0 0 0 0 0 0 0 0 0 0 0 0 0 0 0 0 0
0 0 0 0 0 0 0 0 0 0 1 0 0 0 0 0 0 0 0 0 0 0 0 0 0 0 0
0 0 0 0 0 0 0 0 0 0 0 1 0 0 0 0 0 0 0 0 0 0 0 0 0 0 0
0 0 0 0 0 0 0 0 0 0 0 0 1 0 0 0 0 0 0 0 0 0 0 0 0 0 0
0 0 0 0 0 0 0 0 0 0 0 0 0 1 0 0 0 0 0 0 0 0 0 0 0 0 0
0 0 0 0 0 0 0 0 0 0 0 0 0 0 1 0 0 0 0 0 0 0 0 0 0 0 0
0 0 0 0 0 0 0 0 0 0 0 0 0 0 0 1 0 0 0 0 0 0 0 0 0 0 0
0 0 0 0 0 0 0 0 0 0 0 0 0 0 0 0 1 0 0 0 0 0 0 0 0 0 0
0 0 0 0 0 0 0 0 0 0 0 0 0 0 0 0 0 1 0 0 0 0 0 0 0 0 0
0 0 0 0 0 0 0 0 0 0 0 0 0 0 0 0 0 0 1 0 0 0 0 0 0 0 0
0 0 0 0 0 0 0 0 0 0 0 0 0 0 0 0 0 0 0 1 0 0 0 0 0 0 0
0 0 0 0 0 0 0 0 0 0 0 0 0 0 0 0 0 0 0 0 1 0 0 0 0 0 0
0 0 0 0 0 0 0 0 0 0 0 0 0 0 0 0 0 0 0 0 0 1 0 0 0 0 0
0 0 0 0 0 0 0 0 0 0 0 0 0 0 0 0 0 0 0 0 0 0 1 0 0 0 0
0 0 0 0 0 0 0 0 0 0 0 0 0 0 0 0 0 0 0 0 0 0 0 1 0 0 0
0 0 0 0 0 0 0 0 0 0 0 0 0 0 0 0 0 0 0 0 0 0 0 0 1 0 0
0 0 0 0 0 0 0 0 0 0 0 0 0 0 0 0 0 0 0 0 0 0 0 0 0 1 0
0 0 0 0 0 0 0 0 0 0 0 0 0 0 0 0 0 0 0 0 0 0 0 0 0 0 1
Using two part PSO Sample Size:15000 with:27 moments.
Using Times:30
Bounds for Uniform Distribution (0,1)
Blind PSO --> nParts:25 Nsteps:50
Targeted PSO --> nParts:10 Nsteps:1000
sdbeta:0.1
Reading in data!
Using starting row of data:0 and 15000 data pts!
first row X0: 8.83545  7.57343 0.396305  8.83545  7.57343 0.396305
final row X0:3.56099 6.21931 2.58031 3.56099 6.21931 2.58031



Loading in Truk!
Calculating Yt!
truk cost:244.611
seedk: 0.929835  0.057593  0.103199  0.896801   0.05516 0.0722394| cost:206.554
PSO begins!
underflow!0.00178274
pos  0.972598 0.00178274   0.103199   0.896801    0.05516  0.0722394
underflow!0.00336101
pos  0.945099 0.00336101   0.103199   0.896801    0.05516  0.0722394
underflow!0.00274544
pos  0.920278 0.00274544   0.103256   0.896701  0.0550684  0.0721732
underflow!0.00464317
pos  0.944374 0.00464317   0.103219   0.896766  0.0551279  0.0722162
underflow!0.00380037
pos   0.82548 0.00380037   0.103209   0.896783  0.0551439  0.0722278
underflow!0.00218178
pos   0.95448 0.00218178   0.103207   0.896788  0.0551481  0.0722308
underflow!0.00409065
pos  0.943353 0.00409065   0.103207   0.896786  0.0551468  0.0722299
underflow!0.00410827
pos  0.934616 0.00410827   0.103227   0.896752  0.0551154  0.0722072
underflow!0.00361873
pos  0.938757 0.00361873   0.103236   0.896736  0.0551009  0.0721967
underflow!0.0012359
pos 0.954042 0.0012359  0.103216  0.896771 0.0551324 0.0722195
underflow!0.002094
pos 0.916831  0.002094  0.103233  0.896741 0.0551053 0.0721999
underflow!0.00234906
pos  0.914065 0.00234906   0.103233   0.896742  0.0551061  0.0722004
underflow!0.00252826
pos  0.901445 0.00252826   0.103256   0.896701  0.0550684  0.0721732
underflow!0.00445198
pos  0.885957 0.00445198   0.103247   0.896717  0.0550832  0.0721839
underflow!0.00209653
pos  0.908822 0.00209653   0.103237   0.896734  0.0550992  0.0721955
underflow!0.00276549
pos  0.927297 0.00276549   0.103248   0.896716  0.0550824  0.0721833
underflow!0.00217821
pos  0.927733 0.00217821   0.103222   0.896761  0.0551235   0.072213
underflow!0.00186258
pos  0.957237 0.00186258   0.103234   0.896739  0.0551033  0.0721985
underflow!0.00196399
pos  0.944699 0.00196399    0.10324    0.89673  0.0550949  0.0721923
underflow!0.00171269
pos  0.885106 0.00171269   0.103254   0.896704  0.0550716  0.0721755
underflow!0.00306445
pos  0.958941 0.00306445   0.103233   0.896742  0.0551058  0.0722003
underflow!0.00239199
pos  0.928773 0.00239199    0.10323   0.896747  0.0551111  0.0722041
underflow!0.000872807
pos    0.96668 0.000872807    0.103231    0.896744   0.0551083    0.072202
underflow!0.00247688
pos   0.95591 0.00247688   0.103216   0.896772  0.0551336  0.0722204
underflow!0.00179472
pos  0.934272 0.00179472    0.10322   0.896764  0.0551263  0.0722151
underflow!0.00403531
pos   0.93573 0.00403531   0.103232   0.896742  0.0551067  0.0722009
underflow!0.00331682
pos  0.938077 0.00331682   0.103248   0.896716  0.0550823  0.0721833
underflow!0.00280255
pos  0.943842 0.00280255   0.103232   0.896742  0.0551066  0.0722008
underflow!0.00282187
pos  0.962507 0.00282187    0.10323   0.896746  0.0551103  0.0722035
underflow!0.00216307
pos  0.976298 0.00216307   0.103234    0.89674  0.0551044  0.0721992
underflow!0.00330997
pos  0.961366 0.00330997   0.103233   0.896741  0.0551056  0.0722001
underflow!0.00280994
pos  0.930966 0.00280994   0.103236   0.896736  0.0551009  0.0721967
underflow!0.00484241
pos  0.929495 0.00484241    0.10323   0.896746  0.0551101  0.0722034
underflow!0.00161355
pos  0.875713 0.00161355   0.103235   0.896739  0.0551033  0.0721984
underflow!0.00140754
pos  0.967968 0.00140754   0.103243   0.896725  0.0550905  0.0721892
underflow!0.000784793
pos   0.932636 0.000784793    0.103225    0.896756   0.0551186   0.0722095
underflow!0.0015836
pos   0.9522 0.0015836  0.103238  0.896732 0.0550975 0.0721942
underflow!0.00133594
pos  0.950637 0.00133594   0.103233   0.896742  0.0551058  0.0722003
underflow!0.000967442
pos   0.947731 0.000967442    0.103235    0.896738    0.055103   0.0721982
underflow!0.00185707
pos   0.96989 0.00185707   0.103234    0.89674  0.0551041  0.0721991
underflow!0.00374019
pos  0.954924 0.00374019   0.103233   0.896741  0.0551058  0.0722002
underflow!0.00172905
pos  0.971851 0.00172905    0.10324   0.896729  0.0550942  0.0721919
underflow!0.00129582
pos  0.950303 0.00129582   0.103235   0.896738  0.0551031  0.0721983
underflow!0.00439193
pos  0.939086 0.00439193    0.10323   0.896747   0.055111   0.072204
underflow!0.000832497
pos   0.922372 0.000832497    0.103236    0.896737   0.0551013    0.072197
underflow!0.00152521
pos  0.968649 0.00152521   0.103243   0.896725  0.0550905  0.0721892
underflow!0.00330968
pos  0.823583 0.00330968    0.10324    0.89673  0.0550951  0.0721925
underflow!0.00490163
pos  0.959764 0.00490163   0.103236   0.896736  0.0551005  0.0721964
underflow!0.00103109
pos  0.955196 0.00103109    0.10324    0.89673  0.0550949  0.0721924
underflow!0.00286223
pos  0.960877 0.00286223   0.103235   0.896738  0.0551023  0.0721977
underflow!0.00118921
pos  0.944876 0.00118921   0.103231   0.896746  0.0551095   0.072203
underflow!0.00245972
pos  0.970254 0.00245972  0.0808471   0.886898  0.0609112  0.0770571
underflow!0.00287365
pos   0.93248 0.00287365   0.103244   0.896722  0.0550877  0.0721872
underflow!0.00151714
pos  0.972725 0.00151714   0.103237   0.896735  0.0550998  0.0721959
underflow!0.00191261
pos  0.989306 0.00191261   0.103238   0.896733  0.0550977  0.0721944
underflow!0.00116752
pos  0.921411 0.00116752   0.103231   0.896745  0.0551092  0.0722027
underflow!0.00404846
pos  0.982554 0.00404846   0.103237   0.896735  0.0550998  0.0721959
underflow!0.00143985
pos  0.957516 0.00143985   0.103237   0.896735  0.0550996  0.0721958
underflow!0.00267093
pos  0.983812 0.00267093   0.103235   0.896737  0.0551018  0.0721973
underflow!0.00467981
pos  0.990586 0.00467981   0.103242   0.896726  0.0550913  0.0721898
underflow!0.00329776
pos   0.98355 0.00329776   0.103237   0.896734   0.055099  0.0721953
underflow!0.00183505
pos  0.980992 0.00183505   0.103239   0.896731  0.0550966  0.0721936
underflow!0.000759849
pos   0.938265 0.000759849    0.103233    0.896741   0.0551056   0.0722001
underflow!0.00259989
pos  0.988857 0.00259989  0.0923585   0.891952  0.0579214  0.0745564
underflow!0.00230702
pos  0.962352 0.00230702   0.103232   0.896743  0.0551071  0.0722012
underflow!0.003341
pos 0.988416  0.003341   0.10324  0.896729 0.0550945  0.072192
overflow!
underflow!0.00372428
pos  0.995265 0.00372428   0.103238   0.896733  0.0550977  0.0721944
underflow!0.00329748
pos  0.961332 0.00329748   0.103233   0.896741  0.0551057  0.0722002
underflow!0.00306668
pos  0.959955 0.00306668   0.103237   0.896734   0.055099  0.0721953
underflow!0.00252251
pos  0.986043 0.00252251   0.103241   0.896728  0.0550933  0.0721912
underflow!0.00384026
pos  0.854637 0.00384026   0.103239    0.89673  0.0550955  0.0721928
underflow!0.00216718
pos  0.989544 0.00216718   0.103238   0.896733  0.0550983  0.0721949
underflow!0.00343015
pos  0.933105 0.00343015   0.103235   0.896738  0.0551028  0.0721981
underflow!0.0015977
pos 0.987013 0.0015977  0.103239   0.89673 0.0550957  0.072193
underflow!0.00136674
pos  0.976935 0.00136674   0.103237   0.896735  0.0550996  0.0721957
underflow!0.00210886
pos  0.969299 0.00210886   0.103236   0.896737  0.0551014  0.0721971
underflow!0.00216538
pos  0.968082 0.00216538   0.103244   0.896723  0.0550889   0.072188
underflow!0.00087772
pos  0.988455 0.00087772   0.103237   0.896734  0.0550992  0.0721955
underflow!0.00380387
pos  0.983298 0.00380387  0.0987383   0.894753  0.0562638  0.0731701
underflow!0.00130388
pos  0.991315 0.00130388   0.103239    0.89673  0.0550957   0.072193
underflow!0.00118305
pos  0.983921 0.00118305   0.103238   0.896732  0.0550972   0.072194
underflow!0.00271456
pos   0.99237 0.00271456   0.103239   0.896731  0.0550962  0.0721933
underflow!0.00217441
pos  0.980503 0.00217441   0.103236   0.896737  0.0551016  0.0721972
underflow!0.00342082
pos  0.961055 0.00342082   0.103237   0.896734  0.0550988  0.0721952
underflow!0.00321322
pos  0.979708 0.00321322   0.103238   0.896733  0.0550977  0.0721944
underflow!0.000903259
pos   0.960408 0.000903259    0.103237    0.896734   0.0550987   0.0721951
underflow!0.000885913
pos   0.982788 0.000885913    0.103237    0.896734   0.0550987   0.0721951
overflow!
underflow!0.00265281
pos  0.972418 0.00265281   0.103237   0.896734  0.0550987  0.0721951
underflow!0.0037896
pos 0.991686 0.0037896  0.103238  0.896732  0.055097 0.0721939
underflow!0.00461393
pos  0.967739 0.00461393   0.103239   0.896731  0.0550964  0.0721935
underflow!0.000949835
pos   0.950803 0.000949835    0.103235    0.896739   0.0551032   0.0721984
underflow!0.000211172
pos   0.981035 0.000211172    0.103232    0.896742   0.0551066   0.0722008
underflow!0.00249807
pos  0.970646 0.00249807   0.103241   0.896727  0.0550927  0.0721907
overflow!
underflow!0.000601691
pos   0.996757 0.000601691    0.103238    0.896734   0.0550985    0.072195
underflow!0.000926195
pos   0.977414 0.000926195     0.10324     0.89673   0.0550953   0.0721926
underflow!0.00364365
pos  0.991082 0.00364365   0.103238   0.896733  0.0550976  0.0721943
overflow!
underflow!0.00176988
pos  0.995887 0.00176988   0.103239   0.896732  0.0550967  0.0721937
underflow!0.00311434
pos  0.987973 0.00311434   0.103236   0.896736  0.0551003  0.0721963
underflow!0.000772414
pos   0.983427 0.000772414    0.103237    0.896734   0.0550987   0.0721951
overflow!
underflow!0.00292036
pos   0.99601 0.00292036   0.103238   0.896732  0.0550971   0.072194
underflow!0.00156206
pos   0.99437 0.00156206   0.103237   0.896734  0.0550986   0.072195
underflow!0.00121833
pos  0.989047 0.00121833   0.103239   0.896731  0.0550963  0.0721934
underflow!0.00191278
pos  0.960208 0.00191278   0.103238   0.896732  0.0550974  0.0721942
underflow!0.00466293
pos  0.974773 0.00466293   0.103237   0.896734  0.0550987  0.0721951
overflow!
underflow!0.00121071
pos  0.996533 0.00121071   0.103238   0.896733  0.0550984  0.0721949
underflow!0.000987312
pos   0.992021 0.000987312    0.103238    0.896732   0.0550971    0.072194
underflow!0.00268454
pos  0.980455 0.00268454   0.103234    0.89674  0.0551044  0.0721992
underflow!0.00164135
pos   0.98039 0.00164135   0.103236   0.896735  0.0551003  0.0721962
underflow!0.00377513
pos  0.993166 0.00377513   0.103238   0.896734  0.0550985   0.072195
underflow!0.00491064
pos  0.981763 0.00491064   0.103135   0.896684  0.0551224  0.0722153
underflow!0.00123932
pos  0.974212 0.00123932   0.103234    0.89674  0.0551042  0.0721991
overflow!
underflow!0.000508623
pos   0.996731 0.000508623    0.103239    0.896731   0.0550966   0.0721936
underflow!0.00313826
pos  0.985358 0.00313826   0.103239    0.89673  0.0550958   0.072193
underflow!0.00346168
pos  0.992495 0.00346168   0.103238   0.896732   0.055097  0.0721939
overflow!
overflow!
underflow!0.0008721
pos 0.995328 0.0008721  0.103238  0.896733  0.055098 0.0721946
underflow!0.00103085
pos  0.987159 0.00103085   0.103238   0.896733  0.0550982  0.0721948
underflow!0.000568039
pos   0.992272 0.000568039    0.103238    0.896732   0.0550974   0.0721942
overflow!
underflow!0.000399569
pos   0.945683 0.000399569    0.103237    0.896734   0.0550986   0.0721951
overflow!
overflow!
underflow!0.0012976
pos 0.996432 0.0012976  0.103238  0.896732 0.0550974 0.0721942
underflow!0.00216546
pos  0.991645 0.00216546   0.103238   0.896732   0.055097  0.0721939
underflow!0.000421655
pos   0.985208 0.000421655    0.103238    0.896732    0.055097   0.0721938
underflow!0.000225211
pos   0.990419 0.000225211    0.103234    0.896739   0.0551034   0.0721985
underflow!0.000924032
pos   0.992674 0.000924032     0.10324     0.89673   0.0550952   0.0721926
overflow!
underflow!0.00102672
pos  0.997247 0.00102672   0.103238   0.896732  0.0550975  0.0721943
underflow!0.0016463
pos 0.987616 0.0016463  0.103235  0.896737 0.0551017 0.0721973
overflow!
underflow!0.00304492
pos  0.997624 0.00304492   0.103239   0.896731  0.0550966  0.0721936
overflow!
underflow!0.00172395
pos  0.995245 0.00172395   0.103239   0.896731  0.0550964  0.0721935
overflow!
underflow!0.000539402
pos   0.997254 0.000539402    0.103238    0.896732    0.055097   0.0721939
underflow!0.000416797
pos   0.977657 0.000416797    0.103239    0.896731   0.0550966   0.0721936
underflow!0.000659777
pos   0.979742 0.000659777    0.103238    0.896732   0.0550973   0.0721941
underflow!0.00438499
pos  0.991196 0.00438499   0.103239   0.896732  0.0550968  0.0721937
underflow!0.00182177
pos  0.993462 0.00182177   0.103239   0.896732  0.0550969  0.0721938
underflow!0.00446283
pos  0.984317 0.00446283   0.103238   0.896732  0.0550975  0.0721943
underflow!0.00309998
pos  0.985305 0.00309998   0.103238   0.896733  0.0550979  0.0721945
underflow!0.002411
pos 0.985652  0.002411  0.103239  0.896731 0.0550964 0.0721935
underflow!0.00379696
pos  0.955435 0.00379696   0.103238   0.896732  0.0550971   0.072194
underflow!0.00378807
pos  0.941548 0.00378807   0.103238   0.896733   0.055098  0.0721946
underflow!0.00247597
pos  0.994614 0.00247597   0.103238   0.896732  0.0550971  0.0721939
underflow!0.000663557
pos   0.993799 0.000663557    0.103239    0.896732   0.0550969   0.0721938
underflow!0.000361937
pos   0.978604 0.000361937    0.103239    0.896732   0.0550968   0.0721937
underflow!0.00266993
pos  0.990877 0.00266993   0.103236   0.896735  0.0551002  0.0721962
underflow!0.00424001
pos  0.994232 0.00424001   0.103237   0.896735  0.0550999   0.072196
overflow!
underflow!0.0016064
pos 0.994488 0.0016064  0.103238  0.896732 0.0550974 0.0721942
underflow!0.00418294
pos  0.983699 0.00418294   0.103235   0.896727  0.0550959  0.0721932
underflow!0.00187812
pos  0.989922 0.00187812   0.103239   0.896731  0.0550966  0.0721936
overflow!
underflow!0.000838816
pos   0.994981 0.000838816    0.103239    0.896731   0.0550966   0.0721936
overflow!
underflow!0.000737923
pos   0.996488 0.000737923    0.103238    0.896732   0.0550973   0.0721941
underflow!0.00102052
pos  0.992389 0.00102052   0.107479   0.899746  0.0516277  0.0715552
overflow!
underflow!0.00387076
pos  0.995501 0.00387076   0.105201   0.898127  0.0534916  0.0718983
overflow!
underflow!0.00130384
pos  0.996195 0.00130384   0.103864   0.897176  0.0545851  0.0720996
underflow!0.00102586
pos  0.989076 0.00102586   0.106679   0.899178  0.0522823  0.0716759
underflow!0.00164994
pos  0.991583 0.00164994   0.105598   0.898408  0.0531666  0.0718384
underflow!0.00279318
pos    0.9683 0.00279318   0.104685   0.897761  0.0539143  0.0719766
overflow!
underflow!0.00126994
pos  0.994073 0.00126994   0.105006   0.897988  0.0536508  0.0719276
underflow!0.00485937
pos  0.982514 0.00485937   0.104602   0.897706  0.0539832  0.0719907
underflow!0.00164616
pos  0.991442 0.00164616   0.106732   0.899215  0.0522387  0.0716677
underflow!0.000780218
pos   0.991525 0.000780218    0.105349    0.898233   0.0533713   0.0718768
underflow!0.0018772
pos 0.986617 0.0018772   0.10508  0.898044  0.053591 0.0719176
underflow!0.00380512
pos  0.990233 0.00380512   0.103913   0.897217  0.0545471  0.0720946
underflow!0.00164861
pos  0.991563 0.00164861   0.106553   0.899089  0.0523853   0.071695
overflow!
overflow!
underflow!0.000947195
pos   0.996626 0.000947195    0.104328    0.897507   0.0542061   0.0720303
underflow!0.00294679
pos  0.993615 0.00294679   0.104293   0.897486  0.0542361  0.0720372
underflow!0.0020359
pos 0.994371 0.0020359  0.105506  0.898343  0.053242 0.0718523
overflow!
underflow!0.00053049
pos  0.996573 0.00053049   0.104482   0.897616  0.0540795  0.0720065
overflow!
underflow!0.000818717
pos   0.995482 0.000818717    0.105607    0.898415    0.053159    0.071837
overflow!
underflow!0.00164096
pos  0.996549 0.00164096   0.104515    0.89764  0.0540524  0.0720017
overflow!
underflow!0.0019407
pos 0.993002 0.0019407  0.105841  0.898582 0.0529674 0.0718018
underflow!0.00358768
pos  0.985044 0.00358768   0.106905   0.899338  0.0520974  0.0716418
underflow!0.00140668
pos  0.973575 0.00140668   0.105801   0.898554  0.0530006  0.0718082
underflow!0.00228855
pos  0.994298 0.00228855   0.106929   0.899355  0.0520779  0.0716381
overflow!
underflow!0.000486551
pos   0.996782 0.000486551    0.106716    0.899204   0.0522523   0.0716705
underflow!0.00311313
pos  0.982063 0.00311313   0.104938   0.897938  0.0537042  0.0719372
overflow!
underflow!0.00415529
pos  0.995205 0.00415529   0.105176   0.898113  0.0535129  0.0719035
overflow!
underflow!0.000678057
pos   0.995437 0.000678057    0.106652    0.899158   0.0523044   0.0716798
overflow!
underflow!0.000864753
pos   0.996815 0.000864753    0.104713     0.89778   0.0538904   0.0719717
underflow!0.00291916
pos  0.993944 0.00291916      0.107   0.899405  0.0520197  0.0716274
underflow!0.00321673
pos  0.952614 0.00321673   0.105757   0.898522  0.0530366  0.0718147
underflow!0.00110454
pos  0.991661 0.00110454   0.107479   0.899746  0.0516277  0.0715552
underflow!0.00335316
pos  0.994117 0.00335316   0.106379   0.898964  0.0525278  0.0717209
overflow!
underflow!0.00461251
pos  0.996786 0.00461251   0.106481   0.899037  0.0524446  0.0717057
overflow!
underflow!0.00376449
pos  0.990825 0.00376449   0.106362   0.898952  0.0525413  0.0717235
overflow!
overflow!
underflow!0.00219982
pos  0.997082 0.00219982   0.106161   0.898809  0.0527061  0.0717538
overflow!
underflow!0.00135796
pos  0.994853 0.00135796   0.107254   0.899586  0.0518116  0.0715891
underflow!0.00252017
pos  0.994571 0.00252017   0.106657   0.899163  0.0523002  0.0716794
underflow!0.00475999
pos  0.994988 0.00475999   0.107081   0.899463  0.0519538  0.0716154
underflow!0.00214512
pos  0.965824 0.00214512   0.106788   0.899255  0.0521927  0.0716591
underflow!0.00351918
pos  0.988008 0.00351918   0.105775   0.898534  0.0530206  0.0718115
underflow!0.00349392
pos  0.993404 0.00349392   0.105708   0.898487  0.0530763  0.0718219
overflow!
underflow!0.00320515
pos  0.959298 0.00320515   0.106353   0.898946   0.052549  0.0717249
underflow!0.000819309
pos   0.988618 0.000819309    0.107479    0.899746   0.0516277   0.0715552
overflow!
overflow!
overflow!
overflow!
overflow!
underflow!0.00335008
pos  0.997129 0.00335008   0.144848   0.908014  0.0562854  0.0989015
overflow!
underflow!0.00386602
pos  0.997039 0.00386602    0.11601   0.901289  0.0533563  0.0784208
overflow!
underflow!0.00318807
pos  0.997441 0.00318807   0.151452   0.909182  0.0576773   0.104267
overflow!
underflow!0.00173076
pos   0.97975 0.00173076    0.13277   0.905144  0.0551612  0.0904197
underflow!0.00437742
pos  0.991864 0.00437742   0.151466   0.909132  0.0577772   0.104369
overflow!
underflow!0.00264405
pos  0.988672 0.00264405   0.133063   0.905289  0.0550428  0.0904893
underflow!0.00255115
pos  0.993293 0.00255115    0.14077    0.90717  0.0556663  0.0958136
overflow!
underflow!0.00297574
pos  0.997214 0.00297574   0.198728   0.920094  0.0626973   0.138046
overflow!
overflow!
underflow!0.00406307
pos  0.993035 0.00406307   0.160215   0.911304  0.0584141   0.110347
overflow!
overflow!
underflow!0.00198669
pos  0.998437 0.00198669   0.173821   0.914363  0.0600172   0.120217
underflow!0.00257668
pos   0.96743 0.00257668   0.164377   0.912393  0.0586094    0.11309
overflow!
underflow!0.00312945
pos  0.996682 0.00312945   0.191875   0.918528  0.0619387   0.133121
overflow!
underflow!0.00353294
pos  0.996433 0.00353294   0.141649   0.907118  0.0562516  0.0969019
underflow!0.00286425
pos  0.994164 0.00286425   0.171087   0.913714  0.0597622   0.118296
overflow!
underflow!0.00418514
pos  0.997305 0.00418514   0.145753   0.908169  0.0564872  0.0996469
underflow!0.00181289
pos  0.964134 0.00181289   0.153659   0.909878  0.0575479   0.105503
overflow!
underflow!0.0034494
pos 0.996353 0.0034494  0.162192  0.911846 0.0584581  0.111604
underflow!0.00423338
pos  0.994691 0.00423338   0.166991   0.912733  0.0593934   0.115432
underflow!0.00431309
pos  0.993378 0.00431309   0.171624   0.913767  0.0599563   0.118808
overflow!
underflow!0.00277814
pos  0.998133 0.00277814   0.166941   0.912924  0.0589982   0.115031
overflow!
underflow!0.00242391
pos  0.990766 0.00242391   0.161054   0.911693   0.058127   0.110594
underflow!0.00401587
pos   0.98911 0.00401587   0.190136    0.91815  0.0617086   0.131835
overflow!
overflow!
overflow!
underflow!0.00233326
pos  0.975127 0.00233326   0.173491   0.914436   0.059694   0.119711
overflow!
underflow!0.00233783
pos  0.997702 0.00233783   0.195092   0.919263  0.0622948   0.135433
underflow!0.00238808
pos  0.976515 0.00238808   0.166833   0.912843  0.0590956   0.115056
overflow!
underflow!0.00152973
pos  0.996649 0.00152973   0.178802   0.915495  0.0605814   0.123809
underflow!0.00452918
pos  0.985731 0.00452918   0.163921   0.912258  0.0586169   0.112816
underflow!0.00251955
pos  0.944394 0.00251955   0.157345   0.910714   0.057969   0.108164
overflow!
underflow!0.00409016
pos  0.996943 0.00409016   0.178411   0.915508  0.0603399   0.123342
overflow!
overflow!
underflow!0.00251243
pos  0.986623 0.00251243   0.181124   0.916073  0.0607445    0.12539
overflow!
underflow!0.00261194
pos  0.998355 0.00261194   0.198728   0.920094  0.0626973   0.138046
underflow!0.00382326
pos  0.988168 0.00382326   0.190269   0.918163  0.0617571   0.131963
underflow!0.00490079
pos  0.944081 0.00490079   0.192952   0.918787  0.0620327   0.133871
underflow!0.00395255
pos  0.994088 0.00395255   0.184656   0.916873    0.06115   0.127942
underflow!0.0036257
pos 0.982827 0.0036257  0.176663  0.915058 0.0602433  0.122177
overflow!
overflow!
underflow!0.00337186
pos  0.996986 0.00337186   0.192376   0.918632  0.0620138   0.133499
overflow!
underflow!0.00254418
pos  0.995016 0.00254418   0.194772   0.919207  0.0622265   0.135172
underflow!0.00224454
pos  0.987921 0.00224454   0.186327   0.917275  0.0612969   0.129107
underflow!0.00366754
pos  0.987058 0.00366754   0.171705   0.914011  0.0595295   0.118459
underflow!0.00414463
pos  0.993953 0.00414463   0.177393   0.915258  0.0602597   0.122641
overflow!
underflow!0.00334957
pos  0.997685 0.00334957   0.190072    0.91814  0.0616929   0.131782
overflow!
underflow!0.00225603
pos  0.998406 0.00225603   0.194775   0.919177  0.0622857   0.135229
overflow!
underflow!0.00458071
pos  0.995954 0.00458071   0.191337   0.918369  0.0619498     0.1328
overflow!
underflow!0.00473919
pos  0.997908 0.00473919   0.185332   0.916982  0.0613117   0.128509
overflow!
underflow!0.00205686
pos  0.959383 0.00205686    0.18267   0.916418  0.0609332   0.126517
overflow!
overflow!
underflow!0.00421363
pos  0.989526 0.00421363   0.192734   0.918738  0.0620075   0.133713
overflow!
underflow!0.00270675
pos  0.999233 0.00270675   0.190891     0.9183  0.0618356   0.132419
overflow!
underflow!0.00218995
pos  0.996329 0.00218995   0.195199   0.919282  0.0623163   0.135519
overflow!
underflow!0.00426509
pos  0.987706 0.00426509   0.196879   0.919679  0.0624772   0.136703
overflow!
underflow!0.00192422
pos  0.998502 0.00192422   0.197553   0.919825  0.0625673   0.137202
underflow!0.00257371
pos  0.986915 0.00257371   0.192033    0.91855  0.0619844   0.133261
underflow!0.00266845
pos  0.986916 0.00266845   0.178541   0.915549  0.0603329   0.123416
overflow!
overflow!
underflow!0.00309152
pos  0.997843 0.00309152   0.193835   0.918988  0.0621328   0.134508
overflow!
underflow!0.0021361
pos 0.995776 0.0021361  0.196125  0.919492 0.0624226  0.136188
overflow!
underflow!0.00194369
pos  0.998492 0.00194369   0.195623   0.919373  0.0623755   0.135835
underflow!0.00241655
pos  0.991667 0.00241655   0.193874   0.918997  0.0621362   0.134535
underflow!0.00223201
pos  0.965064 0.00223201   0.189928   0.918051  0.0617838   0.131778
overflow!
underflow!0.00167269
pos  0.998075 0.00167269   0.194946   0.919238  0.0622621   0.135313
underflow!0.00239428
pos  0.972064 0.00239428   0.195442   0.919343  0.0623328   0.135684
overflow!
underflow!0.00211752
pos  0.998893 0.00211752   0.198538    0.92005  0.0626763    0.13791
underflow!0.00145321
pos  0.994386 0.00145321   0.194572   0.919156  0.0622142   0.135037
overflow!
underflow!0.00244998
pos  0.998365 0.00244998   0.196977   0.919694  0.0625027   0.136787
underflow!0.0016287
pos 0.985913 0.0016287  0.194112  0.919037 0.0621897  0.134732
overflow!
overflow!
underflow!0.00232483
pos  0.996992 0.00232483   0.196138   0.919498  0.0624182   0.136192
overflow!
underflow!0.00193366
pos   0.99551 0.00193366   0.197833   0.919893  0.0625919   0.137397
underflow!0.0016743
pos  0.99036 0.0016743  0.197859  0.919895 0.0626011  0.137422
overflow!
underflow!0.00197855
pos  0.993572 0.00197855   0.197688   0.919854  0.0625858   0.137302
overflow!
underflow!0.0030639
pos 0.996029 0.0030639   0.18978  0.918079 0.0616499  0.131562
underflow!0.00334547
pos  0.991128 0.00334547   0.197148   0.919735  0.0625176   0.136906
overflow!
underflow!0.00231365
pos  0.997525 0.00231365   0.197768   0.919876  0.0625873   0.137353
overflow!
underflow!0.00349387
pos   0.99883 0.00349387   0.197625   0.919839  0.0625802   0.137258
overflow!
underflow!0.00342146
pos  0.998797 0.00342146   0.196762   0.919638   0.062493   0.136645
underflow!0.00233816
pos  0.993863 0.00233816   0.195285   0.919316  0.0622996   0.135556
underflow!0.00212913
pos  0.971493 0.00212913   0.192036   0.918541  0.0620024    0.13328
overflow!
underflow!0.00310762
pos  0.998317 0.00310762    0.19705   0.919714  0.0625047   0.136834
underflow!0.00339861
pos  0.990055 0.00339861   0.192531   0.918675  0.0620161   0.133597
underflow!0.00484912
pos  0.976102 0.00484912   0.192144   0.918625  0.0618997    0.13325
overflow!
underflow!0.00345211
pos  0.997442 0.00345211   0.197213   0.919748  0.0625292   0.136957
overflow!
underflow!0.00222801
pos  0.996224 0.00222801   0.194847   0.919218  0.0622464   0.135237
overflow!
overflow!
underflow!0.00130135
pos  0.998234 0.00130135   0.195486    0.91936  0.0623246   0.135703
underflow!0.00176031
pos  0.991554 0.00176031   0.196184   0.919512  0.0624174   0.136219
underflow!0.00352463
pos  0.986541 0.00352463   0.192852   0.918753  0.0620438    0.13382
overflow!
overflow!
overflow!
underflow!0.00147666
pos   0.99862 0.00147666   0.197238   0.919751  0.0625365   0.136979
overflow!
overflow!
underflow!0.00204654
pos  0.994116 0.00204654   0.191766   0.918511  0.0619113   0.133028
overflow!
overflow!
underflow!0.00248377
pos  0.995456 0.00248377   0.197183   0.919745  0.0625174   0.136927
underflow!0.00318317
pos  0.993438 0.00318317   0.197599   0.919838  0.0625691   0.137232
overflow!
underflow!0.00211997
pos  0.998298 0.00211997   0.198155   0.919964   0.062632   0.137633
overflow!
underflow!0.00486282
pos  0.999004 0.00486282   0.197689   0.919854   0.062587   0.137304
overflow!
underflow!0.00178337
pos  0.999066 0.00178337   0.197704   0.919857  0.0625902   0.137316
overflow!
underflow!0.00338274
pos  0.997888 0.00338274    0.19627   0.919536  0.0624179   0.136273
overflow!
underflow!0.00245414
pos  0.990145 0.00245414   0.195817   0.919427  0.0623772   0.135956
underflow!0.00217155
pos  0.984788 0.00217155   0.195523   0.919378  0.0623101   0.135713
overflow!
underflow!0.000723055
pos   0.999483 0.000723055    0.197223     0.91975   0.0625304    0.136965
overflow!
underflow!0.00123788
pos  0.999309 0.00123788    0.19827   0.919989  0.0626465   0.137717
overflow!
underflow!0.00195062
pos   0.99469 0.00195062   0.197062   0.919713  0.0625121   0.136848
overflow!
overflow!
underflow!0.0014054
pos 0.996452 0.0014054  0.197478  0.919808 0.0625595  0.137148
overflow!
underflow!0.00477165
pos  0.995673 0.00477165   0.196291   0.919538  0.0624264   0.136294
overflow!
underflow!0.00174568
pos  0.996447 0.00174568   0.196357   0.919549   0.062441   0.136348
overflow!
underflow!0.00173129
pos   0.99895 0.00173129   0.197815   0.919884   0.062598   0.137392
underflow!0.00373048
pos  0.987782 0.00373048   0.198122   0.919957  0.0626272   0.137608
overflow!
underflow!0.00208045
pos  0.997161 0.00208045   0.195533   0.919367  0.0623371   0.135744
overflow!
underflow!0.00167443
pos  0.997422 0.00167443   0.198151   0.919962  0.0626343   0.137632
overflow!
overflow!
underflow!0.00142297
pos  0.998994 0.00142297   0.198257   0.919986  0.0626448   0.137707
overflow!
underflow!0.000776125
pos   0.996216 0.000776125    0.197881    0.919898   0.0626078    0.137441
overflow!
underflow!0.00172999
pos  0.998736 0.00172999    0.19721   0.919749  0.0625254   0.136952
overflow!
underflow!0.00235641
pos  0.996872 0.00235641   0.197313   0.919773  0.0625353   0.137024
underflow!0.00276196
pos  0.969723 0.00276196   0.193864   0.918965  0.0621915   0.134581
overflow!
underflow!0.00125199
pos   0.99928 0.00125199   0.198136   0.919959  0.0626309    0.13762
overflow!
underflow!0.00138599
pos  0.996457 0.00138599    0.19718    0.91974  0.0625269   0.136935
underflow!0.00129348
pos  0.992043 0.00129348   0.196032   0.919492  0.0623725   0.136084
underflow!0.00309475
pos  0.991829 0.00309475   0.196874   0.919675  0.0624833   0.136706
overflow!
underflow!0.00187914
pos  0.992139 0.00187914   0.196956   0.919692  0.0624946   0.136766
overflow!
underflow!0.00222691
pos  0.995147 0.00222691   0.197698   0.919858  0.0625837   0.137307
overflow!
overflow!
underflow!0.00133426
pos  0.996656 0.00133426   0.197477   0.919807  0.0625613   0.137149
overflow!
overflow!
overflow!
underflow!0.00123474
pos  0.996073 0.00123474   0.198001   0.919928  0.0626168   0.137524
overflow!
underflow!0.00202246
pos   0.99945 0.00202246   0.196433   0.919572  0.0624389   0.136393
overflow!
underflow!0.00120576
pos  0.997613 0.00120576   0.198229    0.91998  0.0626423   0.137688
overflow!
underflow!0.0021557
pos 0.996465 0.0021557  0.197466  0.919809  0.062551  0.137133
overflow!
underflow!0.00293299
pos  0.995746 0.00293299   0.197741    0.91987  0.0625854   0.137334
overflow!
underflow!0.0012502
pos 0.999053 0.0012502  0.198269  0.919989 0.0626464  0.137716
overflow!
underflow!0.0028507
pos 0.998086 0.0028507  0.197889    0.9199 0.0626073  0.137446
underflow!0.0040933
pos 0.933621 0.0040933  0.198115  0.919953 0.0626311  0.137607
underflow!0.00229686
pos  0.989336 0.00229686   0.197951   0.919917  0.0626101   0.137487
overflow!
underflow!0.00251438
pos  0.998536 0.00251438   0.197993   0.919927  0.0626143   0.137517
underflow!0.00246433
pos  0.989279 0.00246433   0.196675   0.919619  0.0624818   0.136582
overflow!
underflow!0.00162591
pos  0.996076 0.00162591   0.197551   0.919825  0.0625676   0.137201
overflow!
overflow!
underflow!0.00257171
pos  0.999363 0.00257171    0.19827   0.919989  0.0626465   0.137717
overflow!
underflow!0.000342488
pos   0.969591 0.000342488    0.197912    0.919908   0.0626067     0.13746
overflow!
underflow!0.00394343
pos   0.99802 0.00394343    0.19681   0.919659  0.0624777   0.136661
underflow!0.0032201
pos 0.994198 0.0032201  0.198074  0.919944  0.062625  0.137576
underflow!0.00379775
pos  0.985814 0.00379775   0.197543   0.919822  0.0625683   0.137196
overflow!
underflow!0.00427864
pos  0.998415 0.00427864   0.197924    0.91991  0.0626094    0.13747
overflow!
overflow!
underflow!0.00106021
pos  0.998663 0.00106021   0.198116   0.919955  0.0626272   0.137604
overflow!
underflow!0.001125
pos0.996146 0.001125 0.198059 0.919942 0.062622 0.137564
underflow!0.00136512
pos  0.994599 0.00136512   0.196547   0.919598  0.0624516   0.136474
overflow!
underflow!0.00218441
pos  0.998469 0.00218441   0.198177   0.919968  0.0626354   0.137649
overflow!
underflow!0.00352241
pos  0.998189 0.00352241   0.197752   0.919873  0.0625845    0.13734
overflow!
underflow!0.00174655
pos  0.998946 0.00174655   0.197885   0.919903  0.0626015   0.137438
overflow!
underflow!0.00104809
pos  0.998337 0.00104809   0.198086   0.919948  0.0626246   0.137583
overflow!
underflow!0.00227409
pos  0.998727 0.00227409   0.197753   0.919873  0.0625864   0.137343
overflow!
underflow!0.00188855
pos  0.998433 0.00188855   0.198067   0.919944   0.062622   0.137569
overflow!
underflow!0.00218362
pos  0.995072 0.00218362   0.197565   0.919827  0.0625716   0.137213
overflow!
underflow!0.00114673
pos  0.997773 0.00114673   0.198124   0.919957  0.0626286   0.137611
underflow!0.000800179
pos   0.985618 0.000800179    0.196368    0.919566   0.0624135    0.136329
overflow!
underflow!0.000783603
pos   0.999322 0.000783603    0.197713    0.919862   0.0625839    0.137316
overflow!
underflow!0.00426663
pos  0.996642 0.00426663    0.19796   0.919919  0.0626116   0.137494
underflow!0.00238779
pos  0.936007 0.00238779   0.197692   0.919857  0.0625821   0.137301
underflow!0.0021425
pos 0.988346 0.0021425  0.196926  0.919685  0.062492  0.136746
overflow!
underflow!0.00161976
pos  0.998068 0.00161976   0.197744   0.919869  0.0625888    0.13734
overflow!
overflow!
underflow!0.002548
pos 0.995866  0.002548   0.19759  0.919833 0.0625722  0.137229
underflow!0.000789703
pos   0.991099 0.000789703    0.197585    0.919833   0.0625708    0.137225
overflow!
underflow!0.00208842
pos  0.997082 0.00208842   0.197761   0.919873    0.06259   0.137351
overflow!
underflow!0.00453193
pos  0.998021 0.00453193   0.197866   0.919897  0.0626007   0.137425
overflow!
underflow!0.00256583
pos  0.998924 0.00256583   0.196784   0.919651  0.0624786   0.136646
overflow!
underflow!0.00354871
pos  0.996795 0.00354871   0.197912   0.919908  0.0626063   0.137459
overflow!
underflow!0.00178972
pos  0.998354 0.00178972   0.197646   0.919848  0.0625747   0.137266
overflow!
overflow!
underflow!0.000791401
pos    0.99749 0.000791401    0.198073    0.919945   0.0626241    0.137575
overflow!
underflow!0.00127046
pos  0.998086 0.00127046   0.197897   0.919905  0.0626039   0.137448
overflow!
underflow!0.00077693
pos  0.997904 0.00077693   0.197655   0.919733   0.062735   0.137278
underflow!0.00185249
pos  0.993635 0.00185249   0.197647   0.919848   0.062576   0.137268
overflow!
underflow!0.000958513
pos   0.999037 0.000958513    0.197773    0.919876   0.0625903    0.137358
underflow!0.00482361
pos  0.991149 0.00482361   0.197661    0.91985  0.0625796    0.13728
overflow!
overflow!
underflow!0.00235247
pos  0.998756 0.00235247   0.197707   0.919861  0.0625833   0.137312
overflow!
overflow!
underflow!0.00101541
pos  0.999331 0.00101541   0.197713   0.919862  0.0625839   0.137316
overflow!
underflow!0.00117212
pos  0.997251 0.00117212   0.198085   0.919947  0.0626257   0.137584
underflow!0.00126446
pos  0.993927 0.00126446   0.195714   0.919413  0.0623485   0.135866
underflow!0.00278411
pos  0.994533 0.00278411   0.197538   0.919822  0.0625647    0.13719
overflow!
overflow!
underflow!0.00455061
pos  0.998331 0.00455061   0.197733   0.919867   0.062587   0.137331
overflow!
underflow!0.00127481
pos  0.995794 0.00127481    0.19725   0.919757  0.0625327   0.136983
overflow!
underflow!0.00235764
pos  0.997764 0.00235764   0.197677   0.919854  0.0625805    0.13729
overflow!
overflow!
underflow!0.00152276
pos  0.996516 0.00152276   0.197785   0.919878  0.0625938   0.137369
overflow!
overflow!
underflow!0.00127452
pos  0.997489 0.00127452   0.197775   0.919877  0.0625907    0.13736
overflow!
underflow!0.00115439
pos  0.998213 0.00115439   0.197335   0.919777  0.0625411   0.137043
overflow!
underflow!0.00144872
pos  0.997634 0.00144872   0.197923    0.91991  0.0626077   0.137467
underflow!0.00164255
pos  0.992691 0.00164255   0.197678   0.919855  0.0625792    0.13729
overflow!
underflow!0.00135088
pos  0.999219 0.00135088   0.197785   0.919879  0.0625913   0.137367
underflow!0.000567069
pos    0.99391 0.000567069     0.19789    0.919903   0.0626036    0.137443
overflow!
underflow!0.000635027
pos   0.989649 0.000635027    0.197689    0.919809   0.0626465      0.1373
overflow!
underflow!0.0042653
pos 0.998739 0.0042653  0.197654  0.919849  0.062577  0.137273
overflow!
underflow!0.00171511
pos   0.99552 0.00171511    0.19773   0.919866  0.0625857   0.137328
overflow!
underflow!0.000855312
pos   0.999253 0.000855312    0.197688    0.919856   0.0625818    0.137299
underflow!0.00449131
pos  0.986794 0.00449131   0.198014   0.919931  0.0626173   0.137532
overflow!
underflow!0.000912005
pos   0.998541 0.000912005    0.197576    0.919831   0.0625693    0.137218
overflow!
overflow!
underflow!0.00156391
pos  0.995434 0.00156391   0.197713   0.919862  0.0625839   0.137316
overflow!
overflow!
underflow!0.00315292
pos     0.999 0.00315292   0.197407   0.919792  0.0625501   0.137096
overflow!
underflow!0.0012159
pos  0.99808 0.0012159  0.196956  0.919692 0.0624958  0.136768
overflow!
underflow!0.000989253
pos   0.999012 0.000989253    0.197725    0.919865   0.0625857    0.137325
overflow!
underflow!0.00131987
pos  0.997129 0.00131987   0.197512   0.919817  0.0625617   0.137172
overflow!
underflow!0.00136958
pos  0.998034 0.00136958   0.197655   0.919849  0.0625784   0.137275
overflow!
underflow!0.00109817
pos  0.998145 0.00109817   0.197685   0.919856  0.0625811   0.137296
underflow!0.00179345
pos   0.99291 0.00179345    0.19775    0.91987   0.062589   0.137343
overflow!
underflow!0.00218475
pos  0.995402 0.00218475   0.191614   0.924203  0.0615574   0.152208
overflow!
overflow!
underflow!0.000831734
pos   0.997484 0.000831734     0.19761    0.919839   0.0625722    0.137241
overflow!
underflow!0.00317746
pos  0.998424 0.00317746   0.197993   0.919926  0.0626156   0.137517
overflow!
underflow!0.00387411
pos  0.999186 0.00387411   0.197687   0.919857  0.0625804   0.137297
underflow!0.00387679
pos  0.993153 0.00387679   0.197746    0.91987  0.0625873   0.137339
overflow!
underflow!0.000717403
pos   0.999343 0.000717403    0.197803    0.919883   0.0625939     0.13738
overflow!
underflow!0.000734501
pos   0.998491 0.000734501    0.197894    0.919904   0.0626037    0.137445
overflow!
underflow!0.0016851
pos 0.999311 0.0016851  0.197744  0.919837 0.0626311  0.137339
underflow!0.00223855
pos  0.988533 0.00223855   0.197629   0.919844  0.0625739   0.137255
overflow!
underflow!0.000677415
pos    0.99719 0.000677415    0.197756    0.919872    0.062589    0.137347
overflow!
underflow!0.00113052
pos  0.999352 0.00113052   0.195737   0.920817  0.0603619   0.139536
overflow!
underflow!0.00106377
pos  0.994505 0.00106377   0.196725   0.919645  0.0624592   0.136592
overflow!
underflow!0.00411467
pos  0.999471 0.00411467   0.197743   0.919869  0.0625873   0.137337
overflow!
underflow!0.00311168
pos  0.999148 0.00311168   0.197961   0.919919  0.0626117   0.137494
overflow!
overflow!
underflow!0.00218056
pos  0.996354 0.00218056   0.197173   0.919739  0.0625244   0.136928
underflow!0.00328019
pos  0.994689 0.00328019   0.197296   0.919768  0.0625352   0.137014
overflow!
underflow!0.000931949
pos   0.999159 0.000931949    0.197759    0.919873   0.0625894    0.137349
overflow!
underflow!0.00212856
pos  0.992197 0.00212856   0.197719   0.919864  0.0625851   0.137321
underflow!0.00110268
pos  0.985668 0.00110268   0.197762   0.919874  0.0625895   0.137351
overflow!
overflow!
underflow!0.00418781
pos  0.998531 0.00418781   0.196821    0.92073  0.0624188   0.140274
overflow!
underflow!0.00125405
pos  0.998471 0.00125405   0.197804   0.919883   0.062594   0.137381
overflow!
underflow!0.000688756
pos    0.99855 0.000688756    0.197664    0.919851   0.0625783    0.137281
overflow!
overflow!
underflow!0.00182601
pos  0.997858 0.00182601   0.197712   0.919863  0.0625828   0.137314
overflow!
underflow!0.0040537
pos 0.999437 0.0040537  0.197788   0.91988 0.0625921  0.137369
overflow!
underflow!0.00247743
pos  0.999342 0.00247743   0.197803   0.919883  0.0625939    0.13738
overflow!
underflow!0.00212624
pos  0.998473 0.00212624   0.197866   0.919898  0.0626007   0.137426
underflow!0.00254556
pos  0.993829 0.00254556    0.19771   0.919796   0.062672   0.137316
overflow!
overflow!
underflow!0.000966626
pos   0.999357 0.000966626    0.197789     0.91988   0.0625923     0.13737
overflow!
underflow!0.0025422
pos 0.998413 0.0025422  0.197955  0.919973  0.062532  0.137633
overflow!
underflow!0.00126308
pos  0.995196 0.00126308   0.197729   0.919866  0.0625859   0.137327
overflow!
underflow!0.00249132
pos  0.995128 0.00249132   0.196813   0.919664  0.0624701   0.136655
overflow!
overflow!
underflow!0.000715265
pos   0.998561 0.000715265    0.197985    0.919924   0.0626144    0.137511
overflow!
underflow!0.00111934
pos   0.99533 0.00111934   0.196248   0.919533  0.0624113   0.136253
underflow!0.00316996
pos  0.993521 0.00316996   0.197361   0.919782  0.0625451   0.137063
overflow!
overflow!
underflow!0.0011291
pos 0.998913 0.0011291  0.197787  0.919879 0.0625923  0.137369
underflow!0.000737324
pos   0.981769 0.000737324    0.197723    0.919865   0.0625851    0.137323
overflow!
underflow!0.00182253
pos  0.998976 0.00182253   0.197693   0.919858  0.0625823   0.137302
overflow!
underflow!0.0010512
pos 0.998804 0.0010512  0.197754  0.919872 0.0625886  0.137345
overflow!
underflow!0.00112891
pos  0.998564 0.00112891   0.197807   0.919883  0.0625956   0.137385
overflow!
underflow!0.000640331
pos   0.995062 0.000640331    0.197513    0.920177   0.0625393    0.138382
overflow!
underflow!0.00494522
pos  0.998314 0.00494522   0.197803   0.919883  0.0625939    0.13738
overflow!
underflow!0.000851731
pos   0.991786 0.000851731    0.198122    0.919955   0.0626302    0.137611
overflow!
underflow!0.000947206
pos   0.997399 0.000947206    0.197732    0.919867   0.0625853    0.137329
overflow!
underflow!0.00381949
pos  0.995044 0.00381949   0.197795   0.919881  0.0625928   0.137375
overflow!
underflow!0.00127392
pos  0.998611 0.00127392   0.197803   0.919883  0.0625939    0.13738
overflow!
overflow!
underflow!0.00071739
pos  0.998863 0.00071739   0.197738   0.919818  0.0626548   0.137335
underflow!0.00390924
pos  0.987574 0.00390924   0.197558   0.919828  0.0625656   0.137203
underflow!0.000762886
pos   0.992585 0.000762886    0.197798    0.919882   0.0625934    0.137377
overflow!
underflow!0.00052269
pos  0.999532 0.00052269   0.197752   0.919871  0.0625886   0.137344
overflow!
underflow!0.000659122
pos   0.998806 0.000659122    0.197891    0.919915   0.0625875    0.137474
underflow!0.0024282
pos 0.993424 0.0024282  0.197722  0.919864 0.0625853  0.137323
overflow!
underflow!0.000953003
pos   0.999299 0.000953003    0.197368    0.919787   0.0625402    0.137063
underflow!0.0024738
pos 0.993252 0.0024738   0.19775  0.919871 0.0625882  0.137343
overflow!
underflow!0.000799158
pos   0.997365 0.000799158    0.197009    0.919704    0.062501    0.136805
overflow!
underflow!0.00059524
pos  0.999316 0.00059524   0.197624   0.919842  0.0625743   0.137252
overflow!
underflow!0.000692547
pos   0.996509 0.000692547     0.19745    0.919803   0.0625533    0.137125
overflow!
underflow!0.000752504
pos    0.99826 0.000752504    0.197756    0.919872    0.062589    0.137347
overflow!
underflow!0.00093626
pos  0.998297 0.00093626   0.197641   0.919846  0.0625761   0.137264
overflow!
underflow!0.00430764
pos  0.999197 0.00430764   0.197753   0.919871  0.0625886   0.137345
overflow!
underflow!0.000788442
pos   0.996476 0.000788442    0.197777    0.919877   0.0625917    0.137363
overflow!
underflow!0.00218128
pos  0.997265 0.00218128   0.197737   0.919933  0.0625827   0.137552
overflow!
underflow!0.00153902
pos  0.995089 0.00153902   0.197768   0.919875  0.0625903   0.137356
overflow!
underflow!0.000378064
pos   0.999231 0.000378064    0.197735    0.919867   0.0625865    0.137332
overflow!
underflow!0.00190253
pos  0.998247 0.00190253    0.19799   0.919925  0.0626153   0.137516
overflow!
underflow!0.00114122
pos  0.997149 0.00114122   0.197734   0.919867   0.062586   0.137331
overflow!
underflow!0.00234033
pos  0.996964 0.00234033   0.197756   0.919872  0.0625886   0.137346
overflow!
underflow!0.000358726
pos   0.997045 0.000358726    0.197758    0.919873    0.062589    0.137348
underflow!0.00379571
pos   0.98818 0.00379571   0.197736   0.919841  0.0626231   0.137334
overflow!
underflow!0.000577775
pos   0.999315 0.000577775    0.197566    0.919829   0.0625668    0.137209
overflow!
underflow!0.000731555
pos   0.999363 0.000731555    0.197763    0.919874   0.0625895    0.137352
overflow!
overflow!
underflow!0.000403579
pos   0.999329 0.000403579      0.1978    0.919884   0.0625907    0.137384
overflow!
underflow!0.00268567
pos   0.99749 0.00268567   0.197698   0.919859  0.0625825   0.137305
overflow!
underflow!0.00206526
pos  0.999429 0.00206526   0.197731   0.919867   0.062586   0.137329
overflow!
underflow!0.00065905
pos   0.99841 0.00065905   0.197841   0.919892  0.0625984   0.137408
overflow!
underflow!0.00368552
pos  0.998751 0.00368552   0.197397   0.919791  0.0625468   0.137087
overflow!
underflow!0.00113156
pos  0.999392 0.00113156   0.197664   0.919851  0.0625787   0.137281
overflow!
overflow!
underflow!0.000435981
pos   0.998582 0.000435981     0.19772    0.919864    0.062585    0.137321
overflow!
underflow!0.000444298
pos   0.999022 0.000444298    0.197736    0.919868   0.0625866    0.137332
overflow!
underflow!0.00198092
pos  0.999273 0.00198092   0.197753   0.919871  0.0625888   0.137345
overflow!
underflow!0.00203442
pos   0.99715 0.00203442   0.197892   0.919909   0.062603   0.137461
overflow!
underflow!0.003696
pos 0.998071  0.003696  0.197746   0.91987 0.0625877  0.137339
overflow!
underflow!0.000607629
pos   0.996708 0.000607629    0.197898    0.919904   0.0626049    0.137449
overflow!
underflow!0.000978791
pos    0.99848 0.000978791    0.197734    0.919867    0.062586    0.137331
overflow!
overflow!
overflow!
underflow!0.00105635
pos  0.997647 0.00105635    0.19775   0.919871  0.0625881   0.137342
overflow!
overflow!
underflow!0.000743073
pos   0.998773 0.000743073     0.19762    0.919842   0.0625731    0.137249
overflow!
underflow!0.00203601
pos  0.998392 0.00203601   0.197741   0.919869  0.0625872   0.137336
overflow!
underflow!0.000366288
pos   0.995753 0.000366288    0.197739    0.919868   0.0625871    0.137335
underflow!0.0013346
pos 0.982818 0.0013346  0.197692  0.919857 0.0625819  0.137301
overflow!
underflow!0.000613972
pos   0.997238 0.000613972    0.197536    0.919823   0.0625614    0.137186
overflow!
underflow!0.0019395
pos 0.999286 0.0019395  0.197731  0.919866  0.062586  0.137329
overflow!
underflow!0.00240219
pos   0.99348 0.00240219     0.1977   0.919859  0.0625827   0.137307
overflow!
overflow!
underflow!0.000423207
pos   0.999281 0.000423207    0.197737    0.919868   0.0625867    0.137333
overflow!
underflow!0.00180554
pos  0.998795 0.00180554   0.197687   0.919856  0.0625813   0.137298
overflow!
overflow!
underflow!0.000500555
pos   0.997497 0.000500555    0.197735    0.919867   0.0625866    0.137332
overflow!
underflow!0.00323855
pos  0.998961 0.00323855   0.197763   0.919873    0.06259   0.137352
overflow!
underflow!0.00388155
pos  0.997942 0.00388155   0.198002   0.919929   0.062615   0.137525
overflow!
underflow!0.00097171
pos   0.99892 0.00097171   0.197763   0.919874  0.0625896   0.137352
overflow!
underflow!0.00370351
pos  0.998716 0.00370351   0.197735   0.919867  0.0625865   0.137332
overflow!
underflow!0.00366792
pos  0.998111 0.00366792   0.197734   0.919867  0.0625863   0.137331
overflow!
underflow!0.00115568
pos  0.998078 0.00115568   0.197753   0.919872  0.0625882   0.137344
overflow!
underflow!0.00228684
pos  0.998655 0.00228684   0.197762   0.919874  0.0625895   0.137351
overflow!
underflow!0.000287563
pos   0.998726 0.000287563    0.197782    0.919878   0.0625916    0.137365
overflow!
underflow!0.000344008
pos   0.997998 0.000344008    0.197764     0.91986   0.0626087    0.137353
overflow!
underflow!0.000562309
pos   0.995783 0.000562309    0.197752    0.919871   0.0625881    0.137343
overflow!
underflow!0.00255606
pos  0.996905 0.00255606    0.19777   0.919875  0.0625903   0.137357
overflow!
underflow!0.00087329
pos  0.998507 0.00087329   0.201782   0.916174  0.0622425    0.14303
overflow!
overflow!
underflow!0.000369576
pos   0.997895 0.000369576    0.197748     0.91987   0.0625879    0.137341
overflow!
underflow!0.00144264
pos  0.998929 0.00144264   0.197604   0.919839  0.0625694   0.137235
overflow!
underflow!0.00483202
pos   0.99912 0.00483202   0.197737   0.919868  0.0625865   0.137333
overflow!
underflow!0.00044875
pos  0.996499 0.00044875   0.197879     0.9199  0.0626025   0.137435
underflow!0.00282225
pos  0.992966 0.00282225   0.197451   0.919804  0.0625529   0.137126
overflow!
underflow!0.00164599
pos  0.999434 0.00164599   0.197667   0.919852  0.0625791   0.137283
overflow!
underflow!0.000454201
pos   0.997939 0.000454201    0.197679    0.919855   0.0625798    0.137291
underflow!0.0013744
pos 0.991983 0.0013744  0.197755  0.919872 0.0625887  0.137346
overflow!
underflow!0.000918586
pos   0.998726 0.000918586    0.197718    0.919863   0.0625845    0.137319
overflow!
underflow!0.000706375
pos   0.997266 0.000706375    0.197746     0.91987   0.0625878     0.13734
overflow!
underflow!0.000394972
pos   0.998807 0.000394972    0.197745     0.91987   0.0625876    0.137339
overflow!
underflow!0.000530961
pos   0.997478 0.000530961    0.197788    0.919879   0.0625927     0.13737
overflow!
underflow!0.00404903
pos  0.997674 0.00404903   0.201697   0.918023   0.065262   0.122722
underflow!0.00101766
pos  0.988601 0.00101766   0.197775   0.919877  0.0625909   0.137361
underflow!0.00163035
pos  0.991653 0.00163035   0.197768   0.919875  0.0625901   0.137355
underflow!0.000190881
pos   0.986847 0.000190881    0.197807    0.919884   0.0625945    0.137383
underflow!0.00143653
pos  0.994284 0.00143653   0.197764   0.919874  0.0625895   0.137353
overflow!
underflow!0.0018284
pos 0.998092 0.0018284  0.197779  0.919878  0.062591  0.137363
underflow!0.00169168
pos  0.992441 0.00169168   0.197783   0.919878  0.0625918   0.137366
overflow!
underflow!0.000266495
pos   0.998452 0.000266495    0.197782    0.919878   0.0625916    0.137365
overflow!
underflow!0.00416956
pos  0.998177 0.00416956   0.197772   0.919869  0.0626006   0.137359
overflow!
underflow!0.00150917
pos  0.998527 0.00150917   0.197741   0.919869  0.0625869   0.137336
overflow!
underflow!0.00219502
pos  0.998142 0.00219502   0.197773   0.919876  0.0625907   0.137359
overflow!
underflow!0.00264241
pos  0.996079 0.00264241   0.199064   0.918673  0.0624769   0.139192
overflow!
underflow!0.000519861
pos   0.998911 0.000519861    0.197788     0.91988   0.0625912    0.137372
overflow!
underflow!0.000350142
pos   0.998645 0.000350142    0.197769    0.919875     0.06259    0.137356
overflow!
underflow!0.0031235
pos 0.997656 0.0031235  0.197749  0.919871  0.062588  0.137342
overflow!
underflow!0.000499352
pos   0.998489 0.000499352    0.197884    0.919901    0.062603    0.137439
overflow!
underflow!0.00229629
pos  0.998068 0.00229629   0.197265   0.919762   0.062531   0.136991
overflow!
underflow!0.00252899
pos  0.999097 0.00252899   0.197705    0.91986  0.0625832    0.13731
overflow!
underflow!0.000719285
pos   0.998598 0.000719285    0.197738    0.919868   0.0625865    0.137333
overflow!
underflow!0.00208642
pos  0.999016 0.00208642   0.197762   0.919874  0.0625895   0.137351
overflow!
underflow!0.000381185
pos   0.998716 0.000381185    0.197774    0.919876   0.0625907    0.137359
overflow!
overflow!
underflow!0.000394217
pos   0.998688 0.000394217    0.197771    0.919876   0.0625905    0.137358
overflow!
underflow!0.00378204
pos  0.997657 0.00378204   0.197783   0.919878  0.0625918   0.137366
overflow!
underflow!0.00127909
pos  0.998789 0.00127909   0.198139   0.919779  0.0627778   0.136473
overflow!
underflow!0.00373699
pos  0.996829 0.00373699   0.198042   0.919804  0.0627289   0.136704
overflow!
overflow!
underflow!0.00204742
pos  0.997947 0.00204742   0.198005   0.919839  0.0626894   0.136956
overflow!
overflow!
overflow!
overflow!
underflow!0.000512184
pos   0.998536 0.000512184    0.197821    0.919867   0.0626123    0.137266
overflow!
underflow!0.0010561
pos 0.998512 0.0010561  0.197968  0.919817 0.0626991  0.136878
overflow!
underflow!0.00349984
pos  0.997735 0.00349984   0.198075   0.919787  0.0627526   0.136568
overflow!
underflow!0.00186149
pos  0.999437 0.00186149   0.197881   0.919847  0.0626467   0.137092
overflow!
underflow!0.00487339
pos  0.995193 0.00487339   0.198225   0.919606  0.0626898   0.137109
overflow!
underflow!0.00320188
pos  0.998782 0.00320188   0.197962   0.919822  0.0626904   0.136877
overflow!
underflow!0.00189699
pos  0.998782 0.00189699   0.197891   0.919843  0.0626521   0.137064
overflow!
underflow!0.00332618
pos  0.998275 0.00332618   0.197993   0.919809  0.0627102   0.136771
overflow!
underflow!0.00130329
pos  0.998712 0.00130329   0.197992   0.919849  0.0626774   0.137028
overflow!
underflow!0.00252118
pos  0.997263 0.00252118   0.197371   0.919731  0.0625873   0.136717
overflow!
underflow!0.000918774
pos   0.998829 0.000918774    0.197909    0.919809   0.0626852    0.136835
underflow!0.000905873
pos    0.98925 0.000905873    0.198005    0.919807   0.0627153     0.13675
underflow!0.00313448
pos   0.99442 0.00313448   0.197961   0.919822  0.0626905   0.136874
underflow!0.000880069
pos   0.994638 0.000880069    0.197981    0.919821   0.0626968    0.136857
overflow!
overflow!
underflow!0.00102586
pos  0.995714 0.00102586   0.197888   0.919839  0.0626552   0.137036
underflow!0.00193298
pos  0.993805 0.00193298   0.197982   0.919823  0.0626954   0.136871
overflow!
underflow!0.00153178
pos   0.99859 0.00153178   0.198139   0.919779  0.0627778   0.136473
overflow!
underflow!0.00484312
pos  0.998015 0.00484312   0.198099   0.919789  0.0627579   0.136567
overflow!
overflow!
underflow!0.00261311
pos  0.995472 0.00261311   0.198092     0.9198  0.0627465   0.136644
overflow!
overflow!
underflow!0.00388432
pos   0.99801 0.00388432    0.19806   0.919801  0.0627368   0.136669
overflow!
overflow!
underflow!0.00495353
pos  0.995569 0.00495353   0.198124   0.919781   0.062772   0.136495
overflow!
underflow!0.00169617
pos  0.998295 0.00169617   0.198065   0.919798  0.0627403    0.13665
overflow!
underflow!0.00160265
pos  0.996483 0.00160265   0.198145   0.919767  0.0627715   0.136518
overflow!
underflow!0.0043271
pos 0.995523 0.0043271  0.197985  0.919826 0.0626936  0.136882
overflow!
underflow!0.00328277
pos  0.998771 0.00328277   0.198017   0.919808  0.0627179    0.13675
overflow!
underflow!0.00401055
pos  0.995209 0.00401055    0.19809   0.919789  0.0627551   0.136573
overflow!
underflow!0.00100346
pos  0.998952 0.00100346   0.198022   0.919835  0.0626977   0.136916
overflow!
underflow!0.00232291
pos  0.997875 0.00232291   0.197943   0.919767  0.0627292   0.136535
overflow!
underflow!0.00112147
pos  0.995253 0.00112147   0.198108   0.919785  0.0627635   0.136536
GBMAT from blind PSO:

   0.929835    0.057593    0.103199    0.896801     0.05516   0.0722394     206.554
   0.929835    0.057593    0.103199    0.896801     0.05516   0.0722394     206.554
   0.929835    0.057593    0.103199    0.896801     0.05516   0.0722394     206.554
   0.929835    0.057593    0.103199    0.896801     0.05516   0.0722394     206.554
   0.929835    0.057593    0.103199    0.896801     0.05516   0.0722394     206.554
   0.929835    0.057593    0.103199    0.896801     0.05516   0.0722394     206.554
   0.929835    0.057593    0.103199    0.896801     0.05516   0.0722394     206.554
   0.929835    0.057593    0.103199    0.896801     0.05516   0.0722394     206.554
    0.95322   0.0443545    0.103199    0.896801     0.05516   0.0722394      202.02
   0.943769   0.0173489    0.103199    0.896801     0.05516   0.0722394     195.375
    0.96528   0.0186153    0.103199    0.896801     0.05516   0.0722394     194.997
   0.924844  0.00863976    0.103199    0.896801     0.05516   0.0722394      193.73
   0.949928  0.00510287    0.103199    0.896801     0.05516   0.0722394     192.056
   0.920278  0.00274544    0.103256    0.896701   0.0550684   0.0721732     189.961
   0.920278  0.00274544    0.103256    0.896701   0.0550684   0.0721732     189.961
   0.920278  0.00274544    0.103256    0.896701   0.0550684   0.0721732     189.961
   0.957237  0.00186258    0.103234    0.896739   0.0551033   0.0721985     189.572
   0.967968  0.00140754    0.103243    0.896725   0.0550905   0.0721892     188.838
   0.967968  0.00140754    0.103243    0.896725   0.0550905   0.0721892     188.838
   0.989306  0.00191261    0.103238    0.896733   0.0550977   0.0721944     188.584
   0.989306  0.00191261    0.103238    0.896733   0.0550977   0.0721944     188.584
   0.991315  0.00130388    0.103239     0.89673   0.0550957    0.072193     188.338
   0.996757 0.000601691    0.103238    0.896734   0.0550985    0.072195     188.104
   0.996731 0.000508623    0.103239    0.896731   0.0550966   0.0721936     188.033
   0.996731 0.000508623    0.103239    0.896731   0.0550966   0.0721936     188.033
   0.992389  0.00102052    0.107479    0.899746   0.0516277   0.0715552     114.647
   0.992389  0.00102052    0.107479    0.899746   0.0516277   0.0715552     114.647
   0.992389  0.00102052    0.107479    0.899746   0.0516277   0.0715552     114.647
   0.995669  0.00519592    0.198728    0.920094   0.0626973    0.138046     61.1129
   0.997214  0.00297574    0.198728    0.920094   0.0626973    0.138046     60.8956
   0.997214  0.00297574    0.198728    0.920094   0.0626973    0.138046     60.8956
   0.998355  0.00261194    0.198728    0.920094   0.0626973    0.138046      60.845
   0.998355  0.00261194    0.198728    0.920094   0.0626973    0.138046      60.845
   0.998893  0.00211752    0.198538     0.92005   0.0626763     0.13791     60.8031
   0.998893  0.00211752    0.198538     0.92005   0.0626763     0.13791     60.8031
   0.999309  0.00123788     0.19827    0.919989   0.0626465    0.137717     60.7346
   0.999309  0.00123788     0.19827    0.919989   0.0626465    0.137717     60.7346
   0.999309  0.00123788     0.19827    0.919989   0.0626465    0.137717     60.7346
   0.999322 0.000783603    0.197713    0.919862   0.0625839    0.137316     60.7207
   0.999322 0.000783603    0.197713    0.919862   0.0625839    0.137316     60.7207
   0.999322 0.000783603    0.197713    0.919862   0.0625839    0.137316     60.7207
   0.999343 0.000717403    0.197803    0.919883   0.0625939     0.13738     60.7105
   0.999343 0.000717403    0.197803    0.919883   0.0625939     0.13738     60.7105
   0.999532  0.00052269    0.197752    0.919871   0.0625886    0.137344     60.6947
   0.999231 0.000378064    0.197735    0.919867   0.0625865    0.137332     60.6878
   0.999231 0.000378064    0.197735    0.919867   0.0625865    0.137332     60.6878
   0.998726 0.000287563    0.197782    0.919878   0.0625916    0.137365     60.6857
   0.998726 0.000287563    0.197782    0.919878   0.0625916    0.137365     60.6857
   0.998789  0.00127909    0.198139    0.919779   0.0627778    0.136473      56.096
   0.998789  0.00127909    0.198139    0.919779   0.0627778    0.136473      56.096
   0.998789  0.00127909    0.198139    0.919779   0.0627778    0.136473      56.096

truk:  0.515996 0.0603199  0.103199  0.896801   0.05516 0.0722394
total difference b/w truk and final GBVEC0.2503

blind PSO FINISHED RUNNING IN 597 s TIME!
targeted PSO has started!
Updating Weight Matrix!
GBVEC AND COST:  0.998789 0.00127909   0.198139   0.919779  0.0627778   0.136473     56.096
New PBMAT:
   0.999986  2.8952e-12    0.174689    0.894325   0.0887798    0.189268     1.24664
          1 4.39896e-44    0.287378    0.843225   0.0175653    0.268442     3.25398
          1 2.10953e-06    0.242177    0.961657   0.0226862     0.14093     1.23217
   0.999801   0.0196545    0.214178    0.970075   0.0475168    0.222336    0.681104
          1 1.99192e-08    0.247608    0.900051   0.0719706     0.11021     9.27236
   0.999727  0.00011201    0.180377     0.95816   0.0290998    0.125594    0.336941
          1 2.57967e-07    0.240683    0.972127   0.0430008    0.119829     2.67744
          1 3.77716e-33    0.221998    0.974509   0.0451355    0.106096     2.39234
          1 5.38707e-28    0.192379    0.971656   0.0253405    0.207396    0.248673
          1 4.91803e-31    0.232361    0.937123   0.0821969    0.124528     6.28211

overflow!
underflow!2.8952e-12
pos  0.999986 2.8952e-12   0.174689   0.894325  0.0887798   0.189268
overflow!
underflow!4.39896e-44
pos          1 4.39896e-44    0.287378    0.843225   0.0175653    0.268442
overflow!
underflow!2.10953e-06
pos          1 2.10953e-06    0.242177    0.961657   0.0226862     0.14093
overflow!
overflow!
underflow!1.99192e-08
pos          1 1.99192e-08    0.247608    0.900051   0.0719706     0.11021
overflow!
underflow!0.00011201
pos  0.999727 0.00011201   0.180377    0.95816  0.0290998   0.125594
overflow!
underflow!2.57967e-07
pos          1 2.57967e-07    0.240683    0.972127   0.0430008    0.119829
overflow!
underflow!3.77716e-33
pos          1 3.77716e-33    0.221998    0.974509   0.0451355    0.106096
overflow!
underflow!5.38707e-28
pos          1 5.38707e-28    0.192379    0.971656   0.0253405    0.207396
overflow!
underflow!4.91803e-31
pos          1 4.91803e-31    0.232361    0.937123   0.0821969    0.124528
underflow!0.000683858
pos   0.977429 0.000683858    0.181522    0.901743   0.0812025    0.173883
overflow!
underflow!0.00462584
pos  0.995001 0.00462584    0.23362    0.95352  0.0304765   0.140064
overflow!
overflow!
overflow!
overflow!
overflow!
underflow!0.00322391
pos  0.978133 0.00322391   0.181887   0.909517  0.0748263    0.17594
overflow!
underflow!0.00138717
pos  0.987122 0.00138717   0.228716   0.956337  0.0290007   0.145552
underflow!0.00360176
pos  0.980778 0.00360176   0.237889   0.909223  0.0659873   0.120132
overflow!
overflow!
underflow!0.00281819
pos  0.972819 0.00281819   0.223794   0.942958  0.0713652   0.135481
overflow!
underflow!0.00282953
pos  0.974484 0.00282953   0.233268    0.91463  0.0623176   0.125789
underflow!0.00256371
pos  0.987183 0.00256371   0.215047   0.959952  0.0282518    0.15746
overflow!
underflow!0.00396176
pos  0.995258 0.00396176   0.211134   0.967525  0.0348467   0.142095
underflow!0.00457476
pos  0.983215 0.00457476   0.183083   0.919832  0.0662027   0.176767
underflow!0.00324372
pos  0.993695 0.00324372   0.216894   0.947657  0.0626409   0.144303
overflow!
underflow!0.00368701
pos  0.997677 0.00368701    0.20423   0.970376  0.0355113   0.144499
overflow!
overflow!
underflow!0.00303556
pos  0.998292 0.00303556   0.188546   0.966961     0.0268   0.180546
overflow!
underflow!0.0038416
pos 0.966535 0.0038416  0.185931  0.963758 0.0277958  0.162226
overflow!
overflow!
underflow!0.00182065
pos  0.978404 0.00182065   0.216203   0.934598   0.048765   0.146683
overflow!
overflow!
overflow!
overflow!
overflow!
overflow!
overflow!
overflow!
overflow!
overflow!
overflow!
overflow!
overflow!
overflow!
overflow!
overflow!
overflow!
overflow!
overflow!
overflow!
overflow!
overflow!
overflow!
overflow!
overflow!
overflow!
overflow!
overflow!
overflow!
overflow!
overflow!
overflow!
overflow!
overflow!
overflow!
overflow!
overflow!
overflow!
overflow!
overflow!
overflow!
overflow!
overflow!
overflow!
overflow!
overflow!
overflow!
Updating Weight Matrix!
GBVEC AND COST: 0.956144  0.119998  0.163136  0.976392 0.0249593  0.139177 0.0140792
Updating Weight Matrix!
GBVEC AND COST:  0.928133   0.120278   0.166944   0.980315  0.0198132   0.124791 0.00143367
overflow!
Updating Weight Matrix!
GBVEC AND COST:  0.969359    0.13333   0.167114   0.981183  0.0195228   0.124008 0.00133573
slurmstepd: error: *** JOB 2107185 ON r1pl-hpcf-n21 CANCELLED AT 2021-09-17T19:38:36 ***
Job Statistics for 2107185:
           JobID       User               Start                 End    Elapsed     MaxRSS   TotalCPU      State Exit        NodeList                                  ReqTRES 
---------------- ---------- ------------------- ------------------- ---------- ---------- ---------- ---------- ---- --------------- ---------------------------------------- 
         2107185   rsjxw007 2021-09-17T18:32:04 2021-09-17T19:38:36   01:06:32              01:06:20 CANCELLED+  0:0   r1pl-hpcf-n21         billing=1,cpu=1,mem=7812M,node=1 
   2107185.batch            2021-09-17T18:32:04 2021-09-17T19:38:37   01:06:33      8.28M   01:06:20  CANCELLED 0:15   r1pl-hpcf-n21                                          
  2107185.extern            2021-09-17T18:32:04 2021-09-17T19:38:36   01:06:32          0  00:00.001  COMPLETED  0:0   r1pl-hpcf-n21                                          
CPU Efficiency: 99.70% of 01:06:32 core-walltime
