Using two part PSO Sample Size:5000 with:27 moments.
Using Times:0.5   2  10  20  30
Bounds for Uniform Distribution (0,1)
Blind PSO --> nParts:25 Nsteps:50
Targeted PSO --> nParts:10 Nsteps:1000
sdbeta:0.1
Reading in data!
Using starting row of data:0 and 5000 data pts!
first row X0:260.559 2143.24 4.86708 4.95832 65.2493 4.94309
final row X0:123.826 1849.08 5.06107  6.0168   161.9  5.1619



using truk: 0.1  0.1 0.95 0.17 0.05 0.18
rate:        0.1       0.259        0.95           0           0        0.18 2.33513e+07
rate:        0.1       0.259        0.95           0        0.02        0.18 2.33513e+07
rate:        0.1       0.259        0.95           0        0.04        0.18 2.33513e+07
rate:        0.1       0.259        0.95           0        0.06        0.18 2.33513e+07
rate:        0.1       0.259        0.95           0        0.08        0.18 2.33513e+07
rate:        0.1       0.259        0.95           0         0.1        0.18 2.33513e+07
rate:        0.1       0.259        0.95           0        0.12        0.18 2.33513e+07
rate:        0.1       0.259        0.95           0        0.14        0.18 2.33513e+07
rate:        0.1       0.259        0.95           0        0.16        0.18 2.33513e+07
rate:        0.1       0.259        0.95           0        0.18        0.18 2.33513e+07
rate:        0.1       0.259        0.95           0         0.2        0.18 2.33513e+07
rate:        0.1       0.259        0.95           0        0.22        0.18 2.33513e+07
rate:        0.1       0.259        0.95           0        0.24        0.18 2.33513e+07
rate:        0.1       0.259        0.95           0        0.26        0.18 2.33513e+07
rate:        0.1       0.259        0.95           0        0.28        0.18 2.33513e+07
rate:        0.1       0.259        0.95           0         0.3        0.18 2.33513e+07
rate:        0.1       0.259        0.95           0        0.32        0.18 2.33513e+07
rate:        0.1       0.259        0.95           0        0.34        0.18 2.33513e+07
rate:        0.1       0.259        0.95           0        0.36        0.18 2.33513e+07
rate:        0.1       0.259        0.95           0        0.38        0.18 2.33513e+07
rate:        0.1       0.259        0.95           0         0.4        0.18 2.33513e+07
rate:        0.1       0.259        0.95           0        0.42        0.18 2.33513e+07
rate:        0.1       0.259        0.95           0        0.44        0.18 2.33513e+07
rate:        0.1       0.259        0.95           0        0.46        0.18 2.33513e+07
rate:        0.1       0.259        0.95           0        0.48        0.18 2.33513e+07
rate:        0.1       0.259        0.95           0         0.5        0.18 2.33513e+07
rate:        0.1       0.259        0.95           0        0.52        0.18 2.33513e+07
rate:        0.1       0.259        0.95           0        0.54        0.18 2.33513e+07
rate:        0.1       0.259        0.95           0        0.56        0.18 2.33513e+07
rate:        0.1       0.259        0.95           0        0.58        0.18 2.33513e+07
rate:        0.1       0.259        0.95           0         0.6        0.18 2.33513e+07
rate:        0.1       0.259        0.95           0        0.62        0.18 2.33513e+07
rate:        0.1       0.259        0.95           0        0.64        0.18 2.33513e+07
rate:        0.1       0.259        0.95           0        0.66        0.18 2.33513e+07
rate:        0.1       0.259        0.95           0        0.68        0.18 2.33513e+07
rate:        0.1       0.259        0.95           0         0.7        0.18 2.33513e+07
rate:        0.1       0.259        0.95           0        0.72        0.18 2.33513e+07
rate:        0.1       0.259        0.95           0        0.74        0.18 2.33513e+07
rate:        0.1       0.259        0.95           0        0.76        0.18 2.33513e+07
rate:        0.1       0.259        0.95           0        0.78        0.18 2.33513e+07
rate:        0.1       0.259        0.95           0         0.8        0.18 2.33513e+07
rate:        0.1       0.259        0.95           0        0.82        0.18 2.33513e+07
rate:        0.1       0.259        0.95           0        0.84        0.18 2.33513e+07
rate:        0.1       0.259        0.95           0        0.86        0.18 2.33513e+07
rate:        0.1       0.259        0.95           0        0.88        0.18 2.33513e+07
rate:        0.1       0.259        0.95           0         0.9        0.18 2.33513e+07
rate:        0.1       0.259        0.95           0        0.92        0.18 2.33513e+07
rate:        0.1       0.259        0.95           0        0.94        0.18 2.33513e+07
rate:        0.1       0.259        0.95           0        0.96        0.18 2.33513e+07
rate:        0.1       0.259        0.95           0        0.98        0.18 2.33513e+07
rate:    0.1   0.259    0.95    0.02       0    0.18 577.595
rate:    0.1   0.259    0.95    0.02    0.02    0.18 683.026
rate:    0.1   0.259    0.95    0.02    0.04    0.18 800.302
rate:    0.1   0.259    0.95    0.02    0.06    0.18 929.364
rate:    0.1   0.259    0.95    0.02    0.08    0.18 1070.15
rate:    0.1   0.259    0.95    0.02     0.1    0.18 1222.61
rate:    0.1   0.259    0.95    0.02    0.12    0.18 1386.68
rate:    0.1   0.259    0.95    0.02    0.14    0.18 1562.31
rate:    0.1   0.259    0.95    0.02    0.16    0.18 1749.43
rate:    0.1   0.259    0.95    0.02    0.18    0.18 1948.01
rate:    0.1   0.259    0.95    0.02     0.2    0.18 2157.97
rate:    0.1   0.259    0.95    0.02    0.22    0.18 2379.26
rate:    0.1   0.259    0.95    0.02    0.24    0.18 2611.84
rate:    0.1   0.259    0.95    0.02    0.26    0.18 2855.65
rate:    0.1   0.259    0.95    0.02    0.28    0.18 3110.63
rate:    0.1   0.259    0.95    0.02     0.3    0.18 3376.74
rate:    0.1   0.259    0.95    0.02    0.32    0.18 3653.92
rate:    0.1   0.259    0.95    0.02    0.34    0.18 3942.12
rate:   0.1  0.259   0.95   0.02   0.36   0.18 4241.3
rate:    0.1   0.259    0.95    0.02    0.38    0.18 4551.39
rate:    0.1   0.259    0.95    0.02     0.4    0.18 4872.36
rate:    0.1   0.259    0.95    0.02    0.42    0.18 5204.16
rate:    0.1   0.259    0.95    0.02    0.44    0.18 5546.72
rate:    0.1   0.259    0.95    0.02    0.46    0.18 5900.01
rate:    0.1   0.259    0.95    0.02    0.48    0.18 6263.98
rate:    0.1   0.259    0.95    0.02     0.5    0.18 6638.58
rate:    0.1   0.259    0.95    0.02    0.52    0.18 7023.77
rate:    0.1   0.259    0.95    0.02    0.54    0.18 7419.49
rate:   0.1  0.259   0.95   0.02   0.56   0.18 7825.7
rate:    0.1   0.259    0.95    0.02    0.58    0.18 8242.35
rate:   0.1  0.259   0.95   0.02    0.6   0.18 8669.4
rate:    0.1   0.259    0.95    0.02    0.62    0.18 9106.81
rate:    0.1   0.259    0.95    0.02    0.64    0.18 9554.52
rate:    0.1   0.259    0.95    0.02    0.66    0.18 10012.5
rate:    0.1   0.259    0.95    0.02    0.68    0.18 10480.7
rate:    0.1   0.259    0.95    0.02     0.7    0.18 10959.1
rate:    0.1   0.259    0.95    0.02    0.72    0.18 11447.6
rate:    0.1   0.259    0.95    0.02    0.74    0.18 11946.2
rate:    0.1   0.259    0.95    0.02    0.76    0.18 12454.8
rate:    0.1   0.259    0.95    0.02    0.78    0.18 12973.5
rate:    0.1   0.259    0.95    0.02     0.8    0.18 13502.1
rate:    0.1   0.259    0.95    0.02    0.82    0.18 14040.6
rate:  0.1 0.259  0.95  0.02  0.84  0.18 14589
rate:    0.1   0.259    0.95    0.02    0.86    0.18 15147.2
rate:    0.1   0.259    0.95    0.02    0.88    0.18 15715.3
rate:  0.1 0.259  0.95  0.02   0.9  0.18 16293
rate:    0.1   0.259    0.95    0.02    0.92    0.18 16880.5
rate:    0.1   0.259    0.95    0.02    0.94    0.18 17477.7
rate:    0.1   0.259    0.95    0.02    0.96    0.18 18084.5
rate:    0.1   0.259    0.95    0.02    0.98    0.18 18700.9
rate:    0.1   0.259    0.95    0.04       0    0.18 109.435
rate:   0.1  0.259   0.95   0.04   0.02   0.18 131.98
rate:    0.1   0.259    0.95    0.04    0.04    0.18 157.583
rate:    0.1   0.259    0.95    0.04    0.06    0.18 186.236
rate:    0.1   0.259    0.95    0.04    0.08    0.18 217.931
rate:    0.1   0.259    0.95    0.04     0.1    0.18 252.657
rate:    0.1   0.259    0.95    0.04    0.12    0.18 290.408
rate:    0.1   0.259    0.95    0.04    0.14    0.18 331.175
rate:    0.1   0.259    0.95    0.04    0.16    0.18 374.948
rate:    0.1   0.259    0.95    0.04    0.18    0.18 421.721
rate:    0.1   0.259    0.95    0.04     0.2    0.18 471.485
rate:    0.1   0.259    0.95    0.04    0.22    0.18 524.232
rate:    0.1   0.259    0.95    0.04    0.24    0.18 579.953
rate:    0.1   0.259    0.95    0.04    0.26    0.18 638.642
rate:    0.1   0.259    0.95    0.04    0.28    0.18 700.289
rate:    0.1   0.259    0.95    0.04     0.3    0.18 764.888
rate:    0.1   0.259    0.95    0.04    0.32    0.18 832.431
rate:   0.1  0.259   0.95   0.04   0.34   0.18 902.91
rate:    0.1   0.259    0.95    0.04    0.36    0.18 976.317
rate:    0.1   0.259    0.95    0.04    0.38    0.18 1052.64
rate:    0.1   0.259    0.95    0.04     0.4    0.18 1131.89
rate:    0.1   0.259    0.95    0.04    0.42    0.18 1214.03
rate:    0.1   0.259    0.95    0.04    0.44    0.18 1299.08
rate:    0.1   0.259    0.95    0.04    0.46    0.18 1387.02
rate:    0.1   0.259    0.95    0.04    0.48    0.18 1477.84
rate:    0.1   0.259    0.95    0.04     0.5    0.18 1571.53
rate:   0.1  0.259   0.95   0.04   0.52   0.18 1668.1
rate:    0.1   0.259    0.95    0.04    0.54    0.18 1767.53
rate:    0.1   0.259    0.95    0.04    0.56    0.18 1869.82
rate:    0.1   0.259    0.95    0.04    0.58    0.18 1974.95
rate:    0.1   0.259    0.95    0.04     0.6    0.18 2082.93
rate:    0.1   0.259    0.95    0.04    0.62    0.18 2193.74
rate:    0.1   0.259    0.95    0.04    0.64    0.18 2307.38
rate:    0.1   0.259    0.95    0.04    0.66    0.18 2423.84
rate:    0.1   0.259    0.95    0.04    0.68    0.18 2543.11
rate:    0.1   0.259    0.95    0.04     0.7    0.18 2665.19
rate:    0.1   0.259    0.95    0.04    0.72    0.18 2790.07
rate:    0.1   0.259    0.95    0.04    0.74    0.18 2917.75
rate:    0.1   0.259    0.95    0.04    0.76    0.18 3048.21
rate:    0.1   0.259    0.95    0.04    0.78    0.18 3181.45
rate:    0.1   0.259    0.95    0.04     0.8    0.18 3317.47
rate:    0.1   0.259    0.95    0.04    0.82    0.18 3456.26
rate:   0.1  0.259   0.95   0.04   0.84   0.18 3597.8
rate:    0.1   0.259    0.95    0.04    0.86    0.18 3742.11
rate:    0.1   0.259    0.95    0.04    0.88    0.18 3889.16
rate:    0.1   0.259    0.95    0.04     0.9    0.18 4038.95
rate:    0.1   0.259    0.95    0.04    0.92    0.18 4191.47
rate:    0.1   0.259    0.95    0.04    0.94    0.18 4346.73
rate:    0.1   0.259    0.95    0.04    0.96    0.18 4504.71
rate:    0.1   0.259    0.95    0.04    0.98    0.18 4665.41
rate:    0.1   0.259    0.95    0.06       0    0.18 33.0637
rate:    0.1   0.259    0.95    0.06    0.02    0.18 41.2015
rate:    0.1   0.259    0.95    0.06    0.04    0.18 50.7153
rate:    0.1   0.259    0.95    0.06    0.06    0.18 61.6023
rate:    0.1   0.259    0.95    0.06    0.08    0.18 73.8598
rate:    0.1   0.259    0.95    0.06     0.1    0.18 87.4848
rate:    0.1   0.259    0.95    0.06    0.12    0.18 102.475
rate:    0.1   0.259    0.95    0.06    0.14    0.18 118.827
rate:    0.1   0.259    0.95    0.06    0.16    0.18 136.538
rate:    0.1   0.259    0.95    0.06    0.18    0.18 155.606
rate:    0.1   0.259    0.95    0.06     0.2    0.18 176.028
rate:    0.1   0.259    0.95    0.06    0.22    0.18 197.801
rate:    0.1   0.259    0.95    0.06    0.24    0.18 220.924
rate:    0.1   0.259    0.95    0.06    0.26    0.18 245.392
rate:    0.1   0.259    0.95    0.06    0.28    0.18 271.204
rate:    0.1   0.259    0.95    0.06     0.3    0.18 298.357
rate:    0.1   0.259    0.95    0.06    0.32    0.18 326.849
rate:    0.1   0.259    0.95    0.06    0.34    0.18 356.677
rate:    0.1   0.259    0.95    0.06    0.36    0.18 387.838
rate:   0.1  0.259   0.95   0.06   0.38   0.18 420.33
rate:    0.1   0.259    0.95    0.06     0.4    0.18 454.151
rate:    0.1   0.259    0.95    0.06    0.42    0.18 489.299
rate:   0.1  0.259   0.95   0.06   0.44   0.18 525.77
rate:    0.1   0.259    0.95    0.06    0.46    0.18 563.563
rate:    0.1   0.259    0.95    0.06    0.48    0.18 602.674
rate:    0.1   0.259    0.95    0.06     0.5    0.18 643.103
rate:    0.1   0.259    0.95    0.06    0.52    0.18 684.845
rate:  0.1 0.259  0.95  0.06  0.54  0.18 727.9
rate:    0.1   0.259    0.95    0.06    0.56    0.18 772.264
rate:    0.1   0.259    0.95    0.06    0.58    0.18 817.936
rate:    0.1   0.259    0.95    0.06     0.6    0.18 864.913
rate:    0.1   0.259    0.95    0.06    0.62    0.18 913.193
rate:    0.1   0.259    0.95    0.06    0.64    0.18 962.773
rate:    0.1   0.259    0.95    0.06    0.66    0.18 1013.65
rate:    0.1   0.259    0.95    0.06    0.68    0.18 1065.83
rate:   0.1  0.259   0.95   0.06    0.7   0.18 1119.3
rate:    0.1   0.259    0.95    0.06    0.72    0.18 1174.06
rate:    0.1   0.259    0.95    0.06    0.74    0.18 1230.11
rate:    0.1   0.259    0.95    0.06    0.76    0.18 1287.44
rate:    0.1   0.259    0.95    0.06    0.78    0.18 1346.06
rate:    0.1   0.259    0.95    0.06     0.8    0.18 1405.97
rate:    0.1   0.259    0.95    0.06    0.82    0.18 1467.16
rate:    0.1   0.259    0.95    0.06    0.84    0.18 1529.62
rate:    0.1   0.259    0.95    0.06    0.86    0.18 1593.36
rate:    0.1   0.259    0.95    0.06    0.88    0.18 1658.38
rate:    0.1   0.259    0.95    0.06     0.9    0.18 1724.66
rate:    0.1   0.259    0.95    0.06    0.92    0.18 1792.22
rate:    0.1   0.259    0.95    0.06    0.94    0.18 1861.05
rate:    0.1   0.259    0.95    0.06    0.96    0.18 1931.14
rate:    0.1   0.259    0.95    0.06    0.98    0.18 2002.49
rate:    0.1   0.259    0.95    0.08       0    0.18 11.4013
rate:   0.1  0.259   0.95   0.08   0.02   0.18 14.884
rate:   0.1  0.259   0.95   0.08   0.04   0.18 19.146
rate:    0.1   0.259    0.95    0.08    0.06    0.18 24.1859
rate:    0.1   0.259    0.95    0.08    0.08    0.18 30.0025
rate:    0.1   0.259    0.95    0.08     0.1    0.18 36.5945
rate:    0.1   0.259    0.95    0.08    0.12    0.18 43.9606
rate:    0.1   0.259    0.95    0.08    0.14    0.18 52.0997
rate:    0.1   0.259    0.95    0.08    0.16    0.18 61.0104
rate:    0.1   0.259    0.95    0.08    0.18    0.18 70.6916
rate:   0.1  0.259   0.95   0.08    0.2   0.18 81.142
