Using two part PSO Sample Size:5000 with:27 moments.
Using Times:0.5   2  10  20  30
Bounds for Uniform Distribution (0,1)
Blind PSO --> nParts:25 Nsteps:50
Targeted PSO --> nParts:10 Nsteps:1000
sdbeta:0.1
Reading in data!
Using starting row of data:0 and 5000 data pts!
first row X0:260.559 2143.24 4.86708 4.95832 65.2493 4.94309
final row X0:123.826 1849.08 5.06107  6.0168   161.9  5.1619



using truk: 0.1  0.1 0.95 0.17 0.05 0.18
rate:        0.1           0        0.95        0.17        0.05        0.18 9.54007e+09
rate:        0.1        0.02        0.95        0.17        0.05        0.18 9.34451e+09
rate:        0.1        0.04        0.95        0.17        0.05        0.18 9.15192e+09
rate:        0.1        0.06        0.95        0.17        0.05        0.18 8.96229e+09
rate:        0.1        0.08        0.95        0.17        0.05        0.18 8.77559e+09
rate:        0.1         0.1        0.95        0.17        0.05        0.18 8.59181e+09
rate:        0.1        0.12        0.95        0.17        0.05        0.18 8.41092e+09
rate:        0.1        0.14        0.95        0.17        0.05        0.18 8.23292e+09
rate:        0.1        0.16        0.95        0.17        0.05        0.18 8.05778e+09
rate:        0.1        0.18        0.95        0.17        0.05        0.18 7.88548e+09
rate:        0.1         0.2        0.95        0.17        0.05        0.18 7.71601e+09
rate:        0.1        0.22        0.95        0.17        0.05        0.18 7.54935e+09
rate:        0.1        0.24        0.95        0.17        0.05        0.18 7.38549e+09
rate:        0.1        0.26        0.95        0.17        0.05        0.18 7.22441e+09
rate:        0.1        0.28        0.95        0.17        0.05        0.18 7.06611e+09
rate:        0.1         0.3        0.95        0.17        0.05        0.18 6.91055e+09
rate:        0.1        0.32        0.95        0.17        0.05        0.18 6.75774e+09
rate:        0.1        0.34        0.95        0.17        0.05        0.18 6.60765e+09
rate:        0.1        0.36        0.95        0.17        0.05        0.18 6.46028e+09
rate:        0.1        0.38        0.95        0.17        0.05        0.18 6.31562e+09
rate:        0.1         0.4        0.95        0.17        0.05        0.18 6.17364e+09
rate:        0.1        0.42        0.95        0.17        0.05        0.18 6.03434e+09
rate:        0.1        0.44        0.95        0.17        0.05        0.18 5.89771e+09
rate:        0.1        0.46        0.95        0.17        0.05        0.18 5.76373e+09
rate:       0.1       0.48       0.95       0.17       0.05       0.18 5.6324e+09
rate:       0.1        0.5       0.95       0.17       0.05       0.18 5.5037e+09
rate:        0.1        0.52        0.95        0.17        0.05        0.18 5.37762e+09
rate:        0.1        0.54        0.95        0.17        0.05        0.18 5.25416e+09
rate:       0.1       0.56       0.95       0.17       0.05       0.18 5.1333e+09
rate:        0.1        0.58        0.95        0.17        0.05        0.18 5.01504e+09
rate:        0.1         0.6        0.95        0.17        0.05        0.18 4.89935e+09
rate:        0.1        0.62        0.95        0.17        0.05        0.18 4.78625e+09
rate:       0.1       0.64       0.95       0.17       0.05       0.18 4.6757e+09
rate:        0.1        0.66        0.95        0.17        0.05        0.18 4.56771e+09
rate:        0.1        0.68        0.95        0.17        0.05        0.18 4.46227e+09
rate:        0.1         0.7        0.95        0.17        0.05        0.18 4.35937e+09
rate:      0.1      0.72      0.95      0.17      0.05      0.18 4.259e+09
rate:        0.1        0.74        0.95        0.17        0.05        0.18 4.16114e+09
rate:        0.1        0.76        0.95        0.17        0.05        0.18 4.06581e+09
rate:        0.1        0.78        0.95        0.17        0.05        0.18 3.97297e+09
rate:        0.1         0.8        0.95        0.17        0.05        0.18 3.88263e+09
rate:        0.1        0.82        0.95        0.17        0.05        0.18 3.79478e+09
rate:        0.1        0.84        0.95        0.17        0.05        0.18 3.70941e+09
rate:        0.1        0.86        0.95        0.17        0.05        0.18 3.62652e+09
rate:        0.1        0.88        0.95        0.17        0.05        0.18 3.54609e+09
rate:        0.1         0.9        0.95        0.17        0.05        0.18 3.46812e+09
rate:       0.1       0.92       0.95       0.17       0.05       0.18 3.3926e+09
rate:        0.1        0.94        0.95        0.17        0.05        0.18 3.31953e+09
rate:        0.1        0.96        0.95        0.17        0.05        0.18 3.24889e+09
rate:        0.1        0.98        0.95        0.17        0.05        0.18 3.18069e+09
eqwts
        0.1           0        0.95        0.17        0.05        0.18 9.54007e+09
        0.1        0.02        0.95        0.17        0.05        0.18 9.34451e+09
        0.1        0.04        0.95        0.17        0.05        0.18 9.15192e+09
        0.1        0.06        0.95        0.17        0.05        0.18 8.96229e+09
        0.1        0.08        0.95        0.17        0.05        0.18 8.77559e+09
        0.1         0.1        0.95        0.17        0.05        0.18 8.59181e+09
        0.1        0.12        0.95        0.17        0.05        0.18 8.41092e+09
        0.1        0.14        0.95        0.17        0.05        0.18 8.23292e+09
        0.1        0.16        0.95        0.17        0.05        0.18 8.05778e+09
        0.1        0.18        0.95        0.17        0.05        0.18 7.88548e+09
        0.1         0.2        0.95        0.17        0.05        0.18 7.71601e+09
        0.1        0.22        0.95        0.17        0.05        0.18 7.54935e+09
        0.1        0.24        0.95        0.17        0.05        0.18 7.38549e+09
        0.1        0.26        0.95        0.17        0.05        0.18 7.22441e+09
        0.1        0.28        0.95        0.17        0.05        0.18 7.06611e+09
        0.1         0.3        0.95        0.17        0.05        0.18 6.91055e+09
        0.1        0.32        0.95        0.17        0.05        0.18 6.75774e+09
        0.1        0.34        0.95        0.17        0.05        0.18 6.60765e+09
        0.1        0.36        0.95        0.17        0.05        0.18 6.46028e+09
        0.1        0.38        0.95        0.17        0.05        0.18 6.31562e+09
        0.1         0.4        0.95        0.17        0.05        0.18 6.17364e+09
        0.1        0.42        0.95        0.17        0.05        0.18 6.03434e+09
        0.1        0.44        0.95        0.17        0.05        0.18 5.89771e+09
        0.1        0.46        0.95        0.17        0.05        0.18 5.76373e+09
        0.1        0.48        0.95        0.17        0.05        0.18  5.6324e+09
        0.1         0.5        0.95        0.17        0.05        0.18  5.5037e+09
        0.1        0.52        0.95        0.17        0.05        0.18 5.37762e+09
        0.1        0.54        0.95        0.17        0.05        0.18 5.25416e+09
        0.1        0.56        0.95        0.17        0.05        0.18  5.1333e+09
        0.1        0.58        0.95        0.17        0.05        0.18 5.01504e+09
        0.1         0.6        0.95        0.17        0.05        0.18 4.89935e+09
        0.1        0.62        0.95        0.17        0.05        0.18 4.78625e+09
        0.1        0.64        0.95        0.17        0.05        0.18  4.6757e+09
        0.1        0.66        0.95        0.17        0.05        0.18 4.56771e+09
        0.1        0.68        0.95        0.17        0.05        0.18 4.46227e+09
        0.1         0.7        0.95        0.17        0.05        0.18 4.35937e+09
        0.1        0.72        0.95        0.17        0.05        0.18   4.259e+09
        0.1        0.74        0.95        0.17        0.05        0.18 4.16114e+09
        0.1        0.76        0.95        0.17        0.05        0.18 4.06581e+09
        0.1        0.78        0.95        0.17        0.05        0.18 3.97297e+09
        0.1         0.8        0.95        0.17        0.05        0.18 3.88263e+09
        0.1        0.82        0.95        0.17        0.05        0.18 3.79478e+09
        0.1        0.84        0.95        0.17        0.05        0.18 3.70941e+09
        0.1        0.86        0.95        0.17        0.05        0.18 3.62652e+09
        0.1        0.88        0.95        0.17        0.05        0.18 3.54609e+09
        0.1         0.9        0.95        0.17        0.05        0.18 3.46812e+09
        0.1        0.92        0.95        0.17        0.05        0.18  3.3926e+09
        0.1        0.94        0.95        0.17        0.05        0.18 3.31953e+09
        0.1        0.96        0.95        0.17        0.05        0.18 3.24889e+09
        0.1        0.98        0.95        0.17        0.05        0.18 3.18069e+09CODE FINISHED RUNNING IN 349 s TIME!
mv: cannot stat 'uneqwts_contour.csv': No such file or directory
Job Statistics for 2353324:
           JobID       User               Start                 End    Elapsed     MaxRSS   TotalCPU      State Exit        NodeList                                  ReqTRES 
---------------- ---------- ------------------- ------------------- ---------- ---------- ---------- ---------- ---- --------------- ---------------------------------------- 
         2353324   rsjxw007 2021-11-22T10:50:15 2021-11-22T10:56:06   00:05:51             05:47.802     FAILED  1:0   r1pl-hpcf-n21         billing=1,cpu=1,mem=7812M,node=1 
   2353324.batch            2021-11-22T10:50:15 2021-11-22T10:56:06   00:05:51      4.02M  05:47.801     FAILED  1:0   r1pl-hpcf-n21                                          
  2353324.extern            2021-11-22T10:50:15 2021-11-22T10:56:06   00:05:51          0  00:00.001  COMPLETED  0:0   r1pl-hpcf-n21                                          
CPU Efficiency: 99.15% of 00:05:51 core-walltime
