Using two part PSO Sample Size:5000 with:27 moments.
Using Times:0.5   2  10  20  30
Bounds for Uniform Distribution (0,1)
Blind PSO --> nParts:25 Nsteps:50
Targeted PSO --> nParts:10 Nsteps:1000
sdbeta:0.1
Reading in data!
Using starting row of data:0 and 5000 data pts!
first row X0:260.559 2143.24 4.86708 4.95832 65.2493 4.94309
final row X0:123.826 1849.08 5.06107  6.0168   161.9  5.1619



using truk: 0.1  0.1 0.95 0.17 0.05 0.18
rate:        0.1       0.358        0.95           0           0        0.18 2.33404e+07
rate:        0.1       0.358        0.95           0        0.02        0.18 2.33404e+07
rate:        0.1       0.358        0.95           0        0.04        0.18 2.33404e+07
rate:        0.1       0.358        0.95           0        0.06        0.18 2.33404e+07
rate:        0.1       0.358        0.95           0        0.08        0.18 2.33404e+07
rate:        0.1       0.358        0.95           0         0.1        0.18 2.33404e+07
rate:        0.1       0.358        0.95           0        0.12        0.18 2.33404e+07
rate:        0.1       0.358        0.95           0        0.14        0.18 2.33404e+07
rate:        0.1       0.358        0.95           0        0.16        0.18 2.33404e+07
rate:        0.1       0.358        0.95           0        0.18        0.18 2.33404e+07
rate:        0.1       0.358        0.95           0         0.2        0.18 2.33404e+07
rate:        0.1       0.358        0.95           0        0.22        0.18 2.33404e+07
rate:        0.1       0.358        0.95           0        0.24        0.18 2.33404e+07
rate:        0.1       0.358        0.95           0        0.26        0.18 2.33404e+07
rate:        0.1       0.358        0.95           0        0.28        0.18 2.33404e+07
rate:        0.1       0.358        0.95           0         0.3        0.18 2.33404e+07
rate:        0.1       0.358        0.95           0        0.32        0.18 2.33404e+07
rate:        0.1       0.358        0.95           0        0.34        0.18 2.33404e+07
rate:        0.1       0.358        0.95           0        0.36        0.18 2.33404e+07
rate:        0.1       0.358        0.95           0        0.38        0.18 2.33404e+07
rate:        0.1       0.358        0.95           0         0.4        0.18 2.33404e+07
rate:        0.1       0.358        0.95           0        0.42        0.18 2.33404e+07
rate:        0.1       0.358        0.95           0        0.44        0.18 2.33404e+07
rate:        0.1       0.358        0.95           0        0.46        0.18 2.33404e+07
rate:        0.1       0.358        0.95           0        0.48        0.18 2.33404e+07
rate:        0.1       0.358        0.95           0         0.5        0.18 2.33404e+07
rate:        0.1       0.358        0.95           0        0.52        0.18 2.33404e+07
rate:        0.1       0.358        0.95           0        0.54        0.18 2.33404e+07
rate:        0.1       0.358        0.95           0        0.56        0.18 2.33404e+07
rate:        0.1       0.358        0.95           0        0.58        0.18 2.33404e+07
rate:        0.1       0.358        0.95           0         0.6        0.18 2.33404e+07
rate:        0.1       0.358        0.95           0        0.62        0.18 2.33404e+07
rate:        0.1       0.358        0.95           0        0.64        0.18 2.33404e+07
rate:        0.1       0.358        0.95           0        0.66        0.18 2.33404e+07
rate:        0.1       0.358        0.95           0        0.68        0.18 2.33404e+07
rate:        0.1       0.358        0.95           0         0.7        0.18 2.33404e+07
rate:        0.1       0.358        0.95           0        0.72        0.18 2.33404e+07
rate:        0.1       0.358        0.95           0        0.74        0.18 2.33404e+07
rate:        0.1       0.358        0.95           0        0.76        0.18 2.33404e+07
rate:        0.1       0.358        0.95           0        0.78        0.18 2.33404e+07
rate:        0.1       0.358        0.95           0         0.8        0.18 2.33404e+07
rate:        0.1       0.358        0.95           0        0.82        0.18 2.33404e+07
rate:        0.1       0.358        0.95           0        0.84        0.18 2.33404e+07
rate:        0.1       0.358        0.95           0        0.86        0.18 2.33404e+07
rate:        0.1       0.358        0.95           0        0.88        0.18 2.33404e+07
rate:        0.1       0.358        0.95           0         0.9        0.18 2.33404e+07
rate:        0.1       0.358        0.95           0        0.92        0.18 2.33404e+07
rate:        0.1       0.358        0.95           0        0.94        0.18 2.33404e+07
rate:        0.1       0.358        0.95           0        0.96        0.18 2.33404e+07
rate:        0.1       0.358        0.95           0        0.98        0.18 2.33404e+07
rate:    0.1   0.358    0.95    0.02       0    0.18 578.359
rate:    0.1   0.358    0.95    0.02    0.02    0.18 683.802
rate:    0.1   0.358    0.95    0.02    0.04    0.18 801.091
rate:    0.1   0.358    0.95    0.02    0.06    0.18 930.166
rate:    0.1   0.358    0.95    0.02    0.08    0.18 1070.97
rate:    0.1   0.358    0.95    0.02     0.1    0.18 1223.44
rate:    0.1   0.358    0.95    0.02    0.12    0.18 1387.52
rate:    0.1   0.358    0.95    0.02    0.14    0.18 1563.16
rate:   0.1  0.358   0.95   0.02   0.16   0.18 1750.3
rate:    0.1   0.358    0.95    0.02    0.18    0.18 1948.89
rate:    0.1   0.358    0.95    0.02     0.2    0.18 2158.86
rate:    0.1   0.358    0.95    0.02    0.22    0.18 2380.17
rate:    0.1   0.358    0.95    0.02    0.24    0.18 2612.76
rate:    0.1   0.358    0.95    0.02    0.26    0.18 2856.58
rate:    0.1   0.358    0.95    0.02    0.28    0.18 3111.57
rate:    0.1   0.358    0.95    0.02     0.3    0.18 3377.69
rate:    0.1   0.358    0.95    0.02    0.32    0.18 3654.89
rate:   0.1  0.358   0.95   0.02   0.34   0.18 3943.1
rate:    0.1   0.358    0.95    0.02    0.36    0.18 4242.29
rate:   0.1  0.358   0.95   0.02   0.38   0.18 4552.4
rate:    0.1   0.358    0.95    0.02     0.4    0.18 4873.38
rate:    0.1   0.358    0.95    0.02    0.42    0.18 5205.18
rate:    0.1   0.358    0.95    0.02    0.44    0.18 5547.75
rate:    0.1   0.358    0.95    0.02    0.46    0.18 5901.05
rate:    0.1   0.358    0.95    0.02    0.48    0.18 6265.03
rate:    0.1   0.358    0.95    0.02     0.5    0.18 6639.64
rate:    0.1   0.358    0.95    0.02    0.52    0.18 7024.83
rate:    0.1   0.358    0.95    0.02    0.54    0.18 7420.56
rate:    0.1   0.358    0.95    0.02    0.56    0.18 7826.77
