PSO_S_ODE_Linear
line 314
line 363
line 383
line 431
ln 482
ln 547
ln 559
ln 576
ln 626
ln 628
ln 633
ln 635
PSO:1
ln 695
ln 701
ln 705
h:0
Nparts:3000
ln 705
h:500
Nparts:3000
ln 705
h:1000
Nparts:3000
ln 705
h:1500
Nparts:3000
ln 705
h:2000
Nparts:3000
ln 705
h:2500
Nparts:3000
ln 692
ln 1194
ln 1114 - before computing moment diffs
ln 1158 - after computing differences
ln 1270
blindpso+cost.est:
0.348061
0.372218
0.499359
0.300541
0.792214
0.818973

PSO:2
ln 652
ln 695
ln 701
ln 705
h:0
Nparts:5
ln 692
line 804
ln 961
ln 961
ln 961
ln 961
ln 961
line 804
ln 961
ln 961
ln 961
ln 961
ln 961
line 804
ln 961
ln 961
ln 961
ln 961
ln 961
line 804
ln 961
ln 961
ln 961
ln 961
ln 961
igmme + cost.est:
 0.47672
0.312786
0.380054
0.337413
0.999163
0.0680495

w.mat    2.58142    -6.11081     1.25226   -0.209503   -0.367107   0.0458908    0.649722 0.000450476    -0.16041
   -6.11081     14.7255    -3.12629    0.463442    0.737735   -0.110853    -1.41211  -0.0121126    0.409451
    1.25226    -3.12629    0.718184  -0.0947905   -0.192066   0.0174868    0.308424  -0.0112129   -0.047573
  -0.209503    0.463442  -0.0947905    0.354122      2.4106    0.138597    -1.85488    0.457793    -1.17334
  -0.367107    0.737735   -0.192066      2.4106     18.2836     1.20342    -13.4227     3.68489    -9.68923
  0.0458908   -0.110853   0.0174868    0.138597     1.20342   0.0912867   -0.836356    0.260455   -0.700742
   0.649722    -1.41211    0.308424    -1.85488    -13.4227   -0.836356     10.0546    -2.64048     6.86985
0.000450475  -0.0121126  -0.0112129    0.457793     3.68489    0.260455    -2.64048    0.772393    -2.04877
   -0.16041    0.409451   -0.047573    -1.17334    -9.68923   -0.700742     6.86985    -2.04877     5.46578

GBMAT: 
 0.478681  0.352417  0.762081  0.533952  0.449944   27266.2
 0.155492  0.331363  0.500844  0.343104  0.575414   3915.13
 0.217349  0.643531  0.804547  0.398991  0.771506   3857.85
 0.337171  0.383633  0.495872  0.294836  0.750429   3852.35
 0.308074  0.341081  0.515225  0.333869  0.785624   3847.45
 0.348061  0.372218  0.499359  0.300541  0.792214   3846.88
 0.348061  0.372218  0.499359  0.300541  0.792214  0.818973
 0.348061  0.372218  0.499359  0.300541  0.792214  0.818973
 0.284333   0.31588  0.495393  0.455325  0.892716  0.304211
 0.279077    0.3049  0.494715  0.455148  0.897101  0.303343
  0.27966  0.305564  0.494766  0.456258  0.897393  0.303039
 0.312541   0.29531  0.468571  0.464856  0.911825  0.298598
   0.3114  0.202579  0.420735  0.484311  0.915373  0.295149
   0.3114  0.202579  0.420735  0.484311  0.915373  0.295149
  0.55988  0.277655  0.308762    0.3156  0.952618  0.247578
  0.55988  0.277655  0.308762    0.3156  0.952618  0.247578
 0.499278   0.26846  0.314916  0.314681  0.957008  0.238932
 0.491449   0.19774  0.290401  0.327378  0.970686  0.196262
 0.475148   0.24673  0.317929  0.278201  0.971018  0.191991
 0.447973   0.16449  0.298956  0.320692  0.956879  0.165392
  0.49848  0.187193  0.293065   0.32531  0.975807  0.130374
 0.500915  0.187193  0.292652  0.314852  0.969973  0.130143
 0.503047  0.199869  0.296216  0.316399  0.970667  0.126613
 0.499905   0.19769  0.295884   0.31676  0.971222  0.126398
 0.502387  0.198852  0.295846  0.316518  0.970931  0.126324
 0.502265  0.199179  0.295846  0.316478   0.97094  0.126266
 0.497589  0.193678  0.293665  0.312349  0.971481   0.12505
 0.500697  0.196611   0.29566  0.309621  0.971863  0.124947
 0.499341  0.198099  0.296443  0.311463  0.971376  0.124805
 0.499344  0.198119  0.296439  0.311333  0.971375  0.124783
  0.50396  0.202087  0.293072  0.304938  0.972042  0.122795
  0.50396  0.202087  0.293072  0.304938  0.972042   0.28935
 0.455115  0.164958  0.254935  0.310235  0.930147  0.229563
 0.455115  0.181385  0.282873  0.310235  0.930147  0.185382
 0.452534  0.187285   0.28351  0.310303  0.921441  0.164361
 0.450492   0.18643  0.285548  0.310713  0.928445  0.161624
 0.517041  0.259522  0.294825  0.307532  0.955243  0.152931
 0.514947  0.264291  0.306967  0.321899  0.955243  0.141296
 0.514947  0.262788  0.306967  0.301544  0.977306  0.111209
 0.514947  0.262788  0.306967  0.301544  0.977306  0.111209
 0.491147  0.216592  0.294816  0.319295  0.960411  0.105884
 0.498953  0.218964  0.290555  0.310312  0.966739  0.105205
 0.510858   0.24166  0.299077  0.305767  0.973571  0.100165
 0.510378  0.237886  0.299191  0.305492  0.973652 0.0995593
 0.511177  0.237385  0.298767  0.307522  0.974215 0.0994048
 0.511177  0.237385  0.298767  0.307522  0.974215 0.0994048
 0.510705  0.237055  0.298418  0.306014  0.974885 0.0993214
 0.510705  0.237055  0.298418  0.306014  0.974885  0.138421
 0.513419  0.235092  0.298362  0.315752  0.974895  0.133982
 0.511015  0.236985  0.297155  0.308502  0.973163  0.126705
 0.482168   0.22393  0.295676  0.302998  0.974396  0.114748
 0.492042  0.227312  0.292264  0.298341  0.974029  0.110966
 0.498583  0.243974  0.298206  0.297488  0.975423   0.10768
 0.502337  0.240198   0.29793  0.302875  0.975191  0.098053
 0.500354  0.235294  0.298796  0.304989  0.980931 0.0968939
 0.500354  0.235294  0.298796  0.304989  0.980931 0.0968939
 0.498941  0.228057  0.300347  0.314764   0.98331 0.0928981
 0.494522  0.230083  0.303777  0.314423  0.983588 0.0893042
 0.484116  0.226169  0.316402   0.33782  0.983588 0.0854236
 0.491844   0.24875  0.324713  0.331341  0.984677 0.0823878
 0.491844   0.24875  0.324713  0.331341  0.984677 0.0823878
 0.492437  0.241057  0.317905  0.327653   0.98399 0.0819741
 0.502095  0.260796  0.321314  0.316274  0.987586 0.0816532
 0.502095  0.260796  0.321314  0.316274  0.987586 0.0816532
 0.503229  0.256309  0.319251    0.3198  0.986605 0.0816334
 0.501938  0.259481  0.322497  0.315133  0.987379 0.0785336
 0.502949   0.26122  0.322567    0.3157   0.98885 0.0784014
 0.502822  0.258132  0.321549  0.316192  0.988535 0.0783972
 0.504811  0.271657  0.327753  0.309541  0.988691 0.0780524
 0.504049  0.271657  0.327753  0.309541  0.988691 0.0775233
 0.505107  0.269378  0.325398    0.3103  0.988887 0.0770321
 0.504608  0.270639  0.326446  0.309978  0.988798 0.0770086
 0.504596  0.270631  0.326488  0.310164  0.988826 0.0769713
 0.504596  0.270631  0.326488  0.310164  0.988826  0.116573
 0.503729  0.266163  0.323369  0.310143  0.989218  0.115598
 0.440445  0.242585  0.360068  0.342656  0.994849  0.108364
 0.476782  0.252556  0.335569   0.32641  0.992568 0.0819853
 0.481931  0.256416  0.335569  0.326875  0.992924 0.0812914
 0.471433  0.257409  0.341992  0.325994  0.992978 0.0807549
 0.472091  0.258054  0.343035  0.326876  0.993127  0.080192
 0.472091  0.258054  0.343035  0.326876  0.994232 0.0801159
 0.474014  0.257926  0.342126  0.328671  0.994106 0.0791355
 0.475434  0.257926  0.342126  0.328671  0.994473 0.0789697
  0.47521  0.257924  0.342102  0.328561  0.994349 0.0789645
 0.475374  0.257819  0.341905  0.328578  0.994357 0.0789432
 0.475386  0.257776  0.341891  0.329153  0.994358 0.0786893
 0.478193  0.261746  0.342549   0.32923  0.994468 0.0776724
 0.478272  0.261449  0.342558   0.32908  0.994468 0.0776046
 0.482665  0.276321  0.348857  0.329064  0.994476 0.0757618
 0.483067  0.275574  0.349126  0.329061  0.995583 0.0747655
 0.483067  0.275574  0.349126  0.329061  0.995583    0.1089
 0.482704  0.276094  0.348316  0.329169  0.995583  0.103411
 0.480634  0.275607   0.34821  0.329043  0.995599  0.103117
 0.481873  0.275738  0.356038  0.351788  0.995593 0.0904437
 0.481808  0.277208  0.354472  0.344292  0.995611  0.090272
 0.473288  0.276881  0.361902  0.345554  0.996059 0.0857327
 0.475063   0.27652  0.358507  0.344117   0.99596 0.0820259
 0.475064  0.276599  0.358468  0.344109  0.995966 0.0819633
 0.474419  0.276738  0.359351  0.344815  0.996026 0.0810829
 0.474419  0.276738  0.359351  0.344815  0.996026 0.0810829
 0.468355  0.277041  0.365413  0.351464  0.996328 0.0759627
 0.468484  0.278978  0.365413  0.350156   0.99634 0.0758657
 0.468484  0.278978  0.365413  0.350156   0.99634 0.0758657
 0.468565  0.278959  0.364746  0.346531  0.996339 0.0752952
 0.468565  0.278959  0.364746  0.346531  0.996339 0.0752952
  0.46811  0.278965  0.366174  0.348905   0.99634 0.0752361
 0.468375  0.279044  0.365541  0.348004  0.996339 0.0751051
 0.468501  0.280075  0.366016  0.348591  0.996347  0.074808
 0.468815   0.28071  0.366571  0.348572  0.996363 0.0747106
 0.468705  0.280554  0.366291  0.348617  0.996358 0.0746878
 0.467924  0.279677   0.36656  0.349244  0.997263 0.0745667
 0.467966  0.279675  0.366885  0.349193  0.997218 0.0744054
 0.466794  0.287636  0.371324  0.342927   0.99728 0.0728507
 0.463958  0.286559  0.372349  0.343344   0.99728 0.0724603
 0.464004  0.286137  0.372097  0.344865  0.997296 0.0717625
 0.463972  0.286211  0.372222   0.34582  0.997349 0.0716859
 0.463972  0.286211  0.372222   0.34582  0.997349 0.0716859
 0.464164  0.286298  0.372354  0.346084  0.997408 0.0716397
 0.464175  0.286404  0.372355  0.346053  0.997405 0.0716342
  0.46367  0.286402  0.372741  0.346036  0.997418 0.0715844
 0.463665  0.286565  0.372743  0.345929  0.997467 0.0715732
 0.462434  0.288808  0.375014   0.34582   0.99745 0.0711843
 0.462615  0.289131  0.375666  0.347591  0.997449 0.0711804
 0.463535  0.289669  0.375398  0.347593  0.997453  0.071086
 0.463401   0.28968  0.375513  0.347488  0.997459 0.0710782
 0.464797  0.289678  0.374195  0.345984   0.99746 0.0710298
 0.464588  0.289534  0.374312  0.345787  0.997984  0.071013
 0.464657  0.290118  0.374737  0.345884  0.997729 0.0709525
 0.465328  0.290277  0.374767  0.346808  0.998105 0.0709339
 0.465316  0.290278  0.374792   0.34662  0.998106 0.0709309
 0.464728   0.29013  0.374741    0.3457  0.998025 0.0709191
 0.464736  0.290126  0.374746  0.345943  0.998029 0.0709104
 0.464194  0.290489  0.374659  0.344327  0.997924 0.0708829
 0.464363  0.290405   0.37471  0.344829  0.997957 0.0708703
 0.464881  0.291619  0.375406  0.344896   0.99797 0.0707181
 0.464881  0.291619  0.375406  0.344896  0.998343 0.0706478
 0.464881  0.291619  0.375406  0.344896  0.998343 0.0706478
 0.464881  0.291648  0.375403  0.344874  0.998343 0.0706435
 0.466739  0.293548  0.375491  0.344862  0.998343 0.0703777
 0.466739  0.293548  0.375492  0.344862  0.998343 0.0703775
  0.46675  0.293548  0.375492  0.344862  0.998363 0.0703767
 0.466687  0.294285   0.37658   0.34627  0.998358 0.0703676
 0.466535   0.29418  0.376497  0.346064  0.998356 0.0703439
    0.466   0.29393  0.376335  0.344781  0.998347 0.0703419
 0.466171  0.294745  0.376318  0.342672  0.998627 0.0703294
 0.466302  0.294348  0.376012    0.3435   0.99853 0.0702302
 0.466163  0.294316  0.376067  0.343871  0.998476 0.0702206
 0.466199  0.300174  0.379752  0.344163  0.998593 0.0695855
 0.466199  0.299891  0.379752   0.34384  0.998593 0.0695323
 0.466198  0.299892  0.379751  0.343858  0.998594 0.0695308
 0.467505  0.303502  0.379681  0.339782  0.998746 0.0691615
 0.468497  0.303528  0.379642  0.339734   0.99875 0.0690547
 0.468497  0.305016  0.379799  0.338035  0.998846 0.0688526
 0.468485  0.304983  0.379818  0.338167  0.998846  0.068846
 0.468581  0.304842  0.379839  0.338443  0.998843 0.0688324
 0.468577  0.304847  0.379839  0.338443  0.998866 0.0688304
 0.471803  0.306839  0.379816  0.341468  0.998871 0.0687238
 0.471803  0.306839  0.379816  0.341468  0.998871 0.0687238
 0.470636  0.306215  0.379717  0.340256  0.998862  0.068706
 0.471062  0.306519  0.379444    0.3393  0.999029 0.0686372
 0.470971  0.306182  0.379465  0.339249  0.999018 0.0685276
 0.470961  0.306157  0.379444  0.338964  0.999046 0.0685209
 0.470904  0.306167  0.379493   0.33899  0.999013 0.0685175
 0.470886  0.306212   0.37949  0.338976  0.999013 0.0685166
 0.470944  0.306165  0.379485  0.339027  0.999018 0.0685165
 0.471131  0.306244  0.379466  0.339078  0.999019 0.0685056
   0.4711  0.306382  0.379478   0.33907  0.999019  0.068498
 0.472394  0.307307  0.379412  0.339483  0.999056  0.068423
 0.477147  0.313132  0.380347  0.339272  0.999048 0.0681362
 0.477147  0.313132  0.380347  0.339272  0.999048 0.0681362
   0.4771  0.313082  0.380329  0.339237  0.999048 0.0681315
   0.4771  0.313082  0.380329  0.339237  0.999048 0.0681315
 0.476648  0.312601   0.38039  0.339305  0.999048 0.0681212
  0.47672  0.312786  0.380054  0.337413  0.999163 0.0680495
CODE FINISHED RUNNING IN 935 s TIME!
Job Statistics for 1417466:
           JobID       User               Start                 End    Elapsed     MaxRSS   TotalCPU      State Exit        NodeList                                  ReqTRES 
---------------- ---------- ------------------- ------------------- ---------- ---------- ---------- ---------- ---- --------------- ---------------------------------------- 
         1417466   rsjxw007 2021-07-07T12:59:51 2021-07-07T13:15:27   00:15:36             15:33.928  COMPLETED  0:0   r1pl-hpcf-n21        billing=8,cpu=8,mem=62496M,node=1 
   1417466.batch            2021-07-07T12:59:51 2021-07-07T13:15:27   00:15:36      2.47M  15:33.926  COMPLETED  0:0   r1pl-hpcf-n21                                          
  1417466.extern            2021-07-07T12:59:51 2021-07-07T13:15:27   00:15:36          0  00:00.001  COMPLETED  0:0   r1pl-hpcf-n21                                          
CPU Efficiency: 12.47% of 02:04:48 core-walltime
