PSO_S_ODE_NonLinear
note: this run is using beta distribution of updating and is ran in srl and is init rand!
sample size:5000 Nparts:900 Nsteps:40
mu: 80 120  85
covarMat:
 50   0   0
  0 100   0
  0   0  50

Yt: 31.3087 0.537512  48.7443  1.32217  15.3569  69.5459  1041.52 0.331674  2389.71  7.69753  304.023  4864.22  15.4351  1513.64  39.4818  497.092  2159.85  26.6001 0.768168   7.7555  37.9408  66.2695  732.051  3409.41  9.88433  94.2758  1044.91
seedk: 0.743233  0.553118  0.482191 0.0987379  0.823665  0.880699| cost:3.4233e+07
Xt:15.3558 7.56147 64.4952 12.4885 49.9006 35.3118 283.441   78.54 4179.39 160.652 2538.88 1252.85 89.8407 982.201 190.367 765.975 537.765  491.56 94.8661 378.357 269.134 810.676 3212.65 2288.26 609.535 443.854 1758.96
PSO begins!
underflow!0.000996023
pos   0.995678 0.000996023    0.762509   0.0843828   0.0577156    0.519185
underflow!0.000560251
pos   0.850091 0.000560251    0.525132    0.410186    0.565621    0.254327
underflow!0.000581652
pos0.000581652     0.64239    0.529349    0.462532    0.892032    0.234025
underflow!0.000584643
pos   0.383949    0.992139    0.124497    0.296092    0.114778 0.000584643
GBMAT from first PSO:

   0.743233    0.553118    0.482191   0.0987379    0.823665    0.880699  3.4233e+07
   0.414644    0.874326    0.881591    0.174294    0.898215    0.610235 8.37982e+06
   0.655956    0.724489    0.765145    0.791939    0.365249    0.336368 7.41225e+06
   0.719348    0.728983    0.674286    0.572199    0.135412     0.59619 3.20995e+06
   0.248249    0.576124    0.541933    0.604026    0.713288    0.378853 1.94914e+06
   0.363064    0.268209    0.521271     0.80448    0.643928    0.365425      826900
   0.784858    0.749244     0.66122    0.959715    0.180237    0.466937      380806
   0.967116    0.150228    0.208824    0.988899     0.89283    0.146577      352195
   0.551525   0.0760878    0.336378     0.92927    0.317142    0.219268      303761
   0.472895    0.427572   0.0966154    0.858009    0.582728   0.0675739      288331
   0.764116    0.386831   0.0985952    0.495342    0.238053   0.0689124      154333
   0.510806    0.322798    0.183258    0.941483    0.231759    0.131693      149668
   0.861349    0.180371     0.34013    0.965887    0.174498    0.229644      104569
    0.60678    0.283804    0.226207    0.948164    0.216082     0.15851     87705.9
    0.71779      0.2225    0.268154      0.7503   0.0879159    0.190666     83220.8
   0.560131    0.322769    0.180321    0.833456    0.131498    0.123781     65396.3
   0.665713     0.26731    0.150589     0.78702    0.192482    0.104262       59538
   0.713721    0.317503    0.209725    0.873123    0.124306    0.146113     48447.9
   0.718601    0.261089    0.241854    0.901829    0.117389    0.167714       47014
   0.703315    0.310374    0.213785     0.87675   0.0802123    0.148843     36436.1
   0.852455    0.280148       0.231    0.892131    0.103012    0.160416     34429.4
   0.696367    0.295573    0.120675    0.815658    0.071438   0.0847871     17714.7
   0.795379    0.277688   0.0628857     0.78095   0.0781369   0.0430921     6115.01
   0.655547    0.130768   0.0587551    0.966273    0.150219   0.0398944     5824.62
   0.624317    0.181226   0.0540748    0.827033   0.0911171   0.0354736     5222.15
   0.627982    0.206136   0.0492344    0.860414    0.096421   0.0319832     4245.35
   0.630876    0.213111   0.0492353    0.858252   0.0986491   0.0319383     4100.14
   0.657057    0.218008   0.0684103    0.869384   0.0690343   0.0467489     3266.92
   0.642642    0.150603   0.0748592    0.854333   0.0811337   0.0517093     2150.62
   0.718883    0.152526   0.0622059    0.847865   0.0502195   0.0422755     1911.06
   0.690106    0.160337   0.0682843    0.847711     0.06199   0.0468799     1370.48
   0.690106    0.160337   0.0682843    0.845506     0.06199   0.0468799     1369.43
   0.685433     0.13895    0.067805    0.854643   0.0739202   0.0465906     1281.69
   0.680141    0.109199    0.091175    0.894446   0.0553157   0.0635013     1179.37
   0.686733    0.105309   0.0690847    0.882315   0.0849559   0.0474984     1150.77
   0.670585    0.104285   0.0716845    0.877164   0.0734794    0.049448     1105.46
   0.670408    0.096725   0.0718985    0.876764   0.0733121   0.0495981     1100.54
     0.6707   0.0982178   0.0715984    0.873908   0.0743028   0.0493835     1099.52
   0.670549   0.0974441   0.0717539    0.875388   0.0737894   0.0494947     1099.28
   0.669412   0.0973698    0.071965     0.87496   0.0737389   0.0496541     1099.28
   0.671272    0.096281   0.0726454    0.876115   0.0731084   0.0501543     1098.95
   0.679939   0.0977154   0.0741765    0.879939   0.0725144   0.0512784      1098.7
   0.654368   0.0898525    0.073575     0.83977   0.0675525   0.0508312     1098.67
   0.663111   0.0924265   0.0736722    0.855603   0.0694856    0.050906     1098.45
    0.66315   0.0924439   0.0736694    0.855625   0.0694989   0.0509039     1098.44
   0.657634   0.0918412   0.0735606    0.850474   0.0690943   0.0508252     1098.41

truk 0.515996 0.0603199  0.103199  0.896801   0.05516 0.0722394
total difference b/w truk and final GBVEC0.0247322
CODE FINISHED RUNNING IN 27623 s TIME!
Job Statistics for 1463218:
           JobID       User               Start                 End    Elapsed     MaxRSS   TotalCPU      State Exit        NodeList                                  ReqTRES 
---------------- ---------- ------------------- ------------------- ---------- ---------- ---------- ---------- ---- --------------- ---------------------------------------- 
         1463218   rsjxw007 2021-07-28T10:42:00 2021-07-28T18:22:24   07:40:24              07:37:59  COMPLETED  0:0   r1pl-hpcf-n21         billing=1,cpu=1,mem=7812M,node=1 
   1463218.batch            2021-07-28T10:42:00 2021-07-28T18:22:24   07:40:24      1.70M   07:37:59  COMPLETED  0:0   r1pl-hpcf-n21                                          
  1463218.extern            2021-07-28T10:42:00 2021-07-28T18:22:24   07:40:24          0  00:00.001  COMPLETED  0:0   r1pl-hpcf-n21                                          
CPU Efficiency: 99.48% of 07:40:24 core-walltime
