PSO_S_ODE_NonLinear
sample size:500 Nparts:300 Nsteps:40
mu: 80 250  85
covarMat:20  0  0
 0  5  0
 0  0 10

seedk:0.997185 0.932557 0.128124 0.999041 0.236089 0.396581| cost:7.35785e+08
Xt: 0.587308   144.655   79.5463  0.275606   59.2988   25.6992  0.348179   20963.5   6346.82 0.0765992   3527.08   662.456   84.6115   46.9643  0.163028   34.7617   15.1729   11481.4   39.7486   8584.48   3709.31   22.0142   4711.88   2050.48   16.2747   7.11218   1522.28
PSO begins!
underflow!0.000791604
pos   0.690906   0.0140753 0.000791604  0.00305922    0.745487    0.482054
underflow!0.000880171
pos   0.821753   0.0167298 0.000880171  0.00321968    0.869814      0.4807
underflow!0.000972635
pos   0.985336   0.0196537 0.000972635  0.00339086    0.709259    0.479209
underflow!0.000906144
pos   0.993497   0.0251831 0.000906144  0.00409445     0.71381    0.475556
POSMAT:
 0.759751  0.343653  0.135382  0.416463   0.27199   0.10677
  0.77263  0.367458  0.139357  0.196814  0.280575  0.125067
 0.765355  0.313774  0.120474  0.439514   0.26748 0.0878603
 0.426655  0.591417  0.102039  0.451337  0.362689  0.078056
 0.758478  0.326327  0.120754  0.458343  0.258172 0.0916193
 0.453299  0.573771  0.274945  0.714204  0.234505  0.214199
 0.772427  0.329766  0.133378  0.357694  0.324709  0.109072
 0.748351  0.326258  0.123113  0.452154  0.263958 0.0941869
 0.758448  0.326109  0.119553  0.457092  0.256598 0.0910447
 0.497245  0.798576 0.0570756  0.952968  0.106993 0.0620991
 0.707976  0.516188  0.107567  0.526279  0.335812 0.0867804
 0.346772  0.531318  0.257261  0.753377  0.200356   0.17362
 0.496749   0.78488 0.0919888   0.68229  0.335597 0.0375513
 0.688066  0.482103  0.329857  0.429303  0.398627  0.272281
 0.759986  0.326536  0.127502  0.404826  0.266904 0.0987014
 0.560341  0.390256  0.131013  0.298367  0.648058 0.0676556
 0.741241  0.276593  0.120573   0.45901   0.25816 0.0914352
 0.769361  0.327373  0.125918  0.421555  0.263812 0.0972316
 0.533688  0.383956  0.236825  0.584523  0.287578  0.194337
 0.767187  0.326324  0.121214   0.45169    0.2584 0.0921042
 0.758891  0.325843  0.121107  0.435408  0.260434 0.0920618
 0.772695  0.461182  0.114699  0.900312  0.417347  0.132987
 0.792815  0.327808   0.12223  0.406883   0.22816 0.0932385
 0.764718  0.279961  0.113767  0.452072  0.263387 0.0953929
 0.758418  0.290677  0.120379  0.427312  0.258137 0.0912337
 0.713054  0.406325  0.104455  0.185899  0.191051  0.152587
 0.831272  0.365125  0.271808  0.412294  0.252062   0.21801
 0.738397  0.377419   0.13454  0.415966  0.264643  0.209436
 0.688451  0.325486  0.123059  0.416655  0.264084 0.0757383
 0.758494  0.326268  0.120795  0.456082  0.258192 0.0916669
 0.758964  0.325835  0.122103   0.43434  0.260793 0.0930885
  0.75948  0.326638  0.123106  0.441969  0.268569 0.0951493
 0.654412  0.413476  0.204002  0.458014  0.392742  0.160404
 0.755772  0.456071  0.158143  0.418538  0.357774  0.113776
 0.758672  0.326195  0.120814  0.440109  0.296876 0.0834204
 0.741872  0.537098   0.21304  0.219877  0.513653  0.346142
 0.765378  0.330094  0.132211  0.429501  0.272234  0.102327
 0.714366  0.405535   0.17629  0.428442  0.286178  0.141849
 0.758996  0.363764  0.122952  0.434128  0.260658 0.0939458
 0.759414  0.331696   0.12398   0.41523   0.26425 0.0950505
 0.770132   0.32436  0.127702  0.420781  0.261569 0.0805011
   0.7495  0.368758  0.186702  0.400857  0.264291  0.238713
 0.789053  0.326053  0.121001  0.457596  0.258192 0.0918717
 0.758847  0.335684 0.0728568  0.530704  0.359035 0.0791469
 0.768796   0.34119  0.115257  0.465893  0.302129 0.0931977
 0.765964  0.293286  0.147452  0.397163  0.277335  0.119263
 0.711607  0.396219  0.176068  0.422649  0.303142  0.142403
 0.792118  0.537307  0.374759  0.434941  0.518769  0.440928
 0.758447  0.326316  0.120258  0.457918  0.258093 0.0825302
 0.759344  0.333348  0.135242  0.340403  0.274292  0.106096
 0.758083  0.326713  0.116777  0.485917  0.249929 0.0887691
 0.779481  0.336893  0.142203  0.449366  0.276413  0.109948
 0.800624  0.303233  0.140618  0.502854  0.380381  0.243853
 0.684531  0.816274 0.0316074  0.751583  0.690445  0.415217
 0.758196   0.32715  0.127388  0.469925  0.260455 0.0928939
 0.835686  0.742529  0.225006  0.802264  0.574678  0.162748
 0.433958  0.575668    0.3019  0.472521  0.250846  0.217021
 0.787345  0.390722  0.266261  0.556308  0.324078  0.211365
 0.758897  0.333893  0.122465  0.438096  0.260012  0.093432
 0.746836  0.417155  0.306769  0.517987  0.424329  0.236547
 0.762062    0.3898  0.205618  0.512635  0.428785   0.20763
 0.763622  0.433132  0.121075  0.430506  0.388864 0.0919396
 0.683568  0.375178  0.315071   0.55207  0.475972  0.157845
 0.759619  0.325615   0.12556  0.403823  0.268134 0.0975414
 0.758694  0.351467  0.121518  0.446182  0.258962 0.0924352
 0.513893  0.636081  0.316263   0.46727  0.364862  0.327774
 0.767655  0.338436  0.109215  0.434529  0.305163 0.0921033
 0.759623  0.326379  0.126387  0.419665  0.263521 0.0974665
 0.487662  0.589051  0.163233  0.676344  0.236356  0.122678
 0.640673  0.346622 0.0776535  0.564075  0.491203 0.0608115
 0.760123  0.325707  0.126868  0.399771  0.270988 0.0981575
 0.758428  0.326378  0.120351  0.460272  0.306684  0.091206
 0.781855  0.346833  0.135196  0.856607  0.260967   0.15884
 0.568071  0.444915  0.148822  0.455059    0.2595 0.0783854
 0.529901  0.760992  0.738678  0.496903  0.557295  0.607877
 0.583996   0.24911  0.128673  0.618902  0.313291  0.100089
 0.786376  0.326193  0.151621  0.499664   0.25961  0.109056
 0.788852  0.270723  0.132901  0.358901  0.282569  0.119094
 0.760092  0.272516  0.127178  0.413517  0.271341 0.0985628
 0.774145  0.366463  0.148734  0.436938  0.354856   0.13408
 0.860914  0.562281  0.130923  0.574928  0.276703  0.104533
 0.759053  0.322646  0.123206  0.431357  0.261093 0.0942242
 0.758413  0.327664  0.120252  0.460136  0.257977 0.0891566
 0.758867  0.305105  0.122549  0.440894  0.259576 0.0935028
 0.758795  0.327365  0.124527  0.555607  0.265994 0.0955875
 0.788814  0.386228  0.127954  0.428232  0.359269  0.232827
 0.959405  0.871235  0.394919  0.765878  0.682386  0.248676
 0.759254  0.326701  0.124817  0.466199   0.26785 0.0959617
 0.759963  0.326582  0.129435  0.450093   0.27168  0.100758
 0.591662  0.442566  0.150177   0.53493  0.276946  0.172526
 0.760885  0.220684  0.102547  0.660606  0.275768 0.0597508
 0.789598  0.346908  0.151741  0.537812  0.291654  0.153723
 0.758958  0.326873  0.123819   0.47403  0.265645 0.0948854
 0.761611  0.329362   0.14075  0.363478  0.285731  0.113592
 0.747579   0.32665  0.266886  0.590351  0.195863  0.300434
 0.760255  0.349312  0.125253  0.423507   0.27739 0.0960677
 0.516047  0.811311 0.0265861  0.655833  0.543207  0.422773
 0.764326  0.350236   0.14187  0.356998  0.287305  0.114723
 0.621568  0.326785  0.151391  0.469855  0.266761 0.0954462
 0.787929  0.328232  0.133354  0.366198   0.27557 0.0960899
 0.768427  0.426675  0.129911  0.430194  0.221404   0.10131
 0.759396   0.32736  0.126782  0.463657  0.268569 0.0979801
 0.746391  0.325675  0.105944  0.405991  0.277633 0.0791288
 0.316591  0.753931 0.0558473  0.856392  0.438063  0.110036
 0.769211  0.335721  0.138838  0.435149  0.260721 0.0981306
 0.739062  0.394656  0.151165   0.44689  0.302827  0.125985
 0.743667  0.269809  0.127772  0.455984  0.233707 0.0990917
 0.940915  0.490908 0.0867241  0.802913  0.359923 0.0223955
 0.794633  0.277227  0.159618   0.42953  0.269851 0.0963758
 0.759507  0.326735  0.124607  0.456575  0.270211 0.0958078
 0.758902  0.326895  0.123208  0.475094  0.265477  0.094253
 0.758569  0.332513  0.124245  0.469757  0.260659 0.0923957
 0.765969  0.326945  0.161023   0.45807  0.277468  0.210639
 0.764684  0.333942  0.122594  0.474003  0.262754 0.0935524
 0.734258   0.36279   0.13727  0.349334  0.246895  0.123683
 0.759067  0.335831   0.12399  0.471157  0.266593 0.0880602
 0.760181  0.258229  0.133406  0.436004  0.274641  0.104946
  0.75984  0.326479  0.125394  0.380074  0.272787 0.0967333
 0.770846  0.363371   0.12472  0.473097  0.266013 0.0958134
 0.712397  0.395229  0.136285  0.237744  0.385986  0.135736
 0.760195  0.328173  0.133544  0.477306  0.375014   0.10503
 0.755177  0.297013  0.124822  0.473013  0.286518 0.0796148
 0.756101   0.36856   0.28316  0.435564  0.348512  0.235774
 0.759152  0.327402  0.113314  0.378016  0.273608 0.0956257
 0.759715  0.328578  0.155903  0.386669  0.273435  0.104658
 0.760254  0.323477  0.154896  0.444757  0.297056 0.0986914
 0.844256  0.109586  0.133813  0.399255  0.726599 0.0519076
  0.54028  0.412038  0.295826  0.637636  0.186933  0.177285
 0.760949  0.334799  0.133673  0.423399   0.27771  0.105228
 0.759677    0.3272  0.128133  0.457497  0.270031 0.0993885
 0.759345  0.326517   0.12318  0.452874  0.263667 0.0943199
 0.758963  0.326864  0.123355  0.473384  0.265829 0.0944167
 0.745307  0.327048  0.119831  0.473145  0.266097 0.0917626
 0.721707  0.497127   0.33393  0.474925  0.485598  0.250569
 0.744094  0.394073  0.160615  0.427046   0.28572  0.125602
 0.757377  0.327486   0.11391  0.398609  0.271622 0.0957385
 0.865134  0.231692  0.119428   0.59772  0.723177  0.255257
 0.792085  0.260244  0.121437  0.474563  0.268247  0.108732
 0.759157  0.327044  0.123747  0.467297  0.267572   0.09486
 0.687178  0.354955  0.145992  0.456515  0.255531  0.139254
 0.655632  0.462879  0.202847  0.494492  0.435728  0.184755
 0.612014  0.343585  0.185346  0.573633  0.323466  0.138687
 0.758884  0.326773  0.112686  0.467247  0.257627 0.0939161
 0.759548  0.332897  0.129217  0.456981  0.270069  0.100448
 0.750524  0.306348  0.126852   0.41961  0.220797 0.0984527
 0.762576  0.326244  0.118387   0.47566  0.263476 0.0912511
 0.729274  0.483268  0.419516  0.631438  0.425206   0.33052
 0.535748  0.570377   0.35993  0.603192  0.223782  0.244969
 0.759314  0.328488  0.108613  0.400813  0.242821  0.132103
 0.759227  0.326731   0.12331  0.464044  0.268057 0.0949566
 0.760105  0.327549  0.129301  0.441261  0.273569  0.100745
 0.787026  0.647433   0.24311  0.348918  0.413001  0.190454
 0.759806  0.328546 0.0778727  0.398564  0.281148 0.0578794
 0.775828  0.337567  0.160707  0.483325  0.286048  0.101132
 0.741465  0.428718  0.228699  0.520025   0.22735  0.174928
 0.807026  0.270483  0.129224  0.395746  0.340832  0.101051
 0.850699  0.386329  0.120951  0.520019  0.479612  0.488222
 0.741245  0.360692  0.136952  0.396152  0.279353  0.106495
 0.613246  0.452136  0.271242  0.305177  0.346843   0.22495
 0.476568  0.447446  0.454963  0.581249  0.270329  0.280887
 0.759494  0.326584  0.125313  0.458203  0.269875  0.096522
 0.767719  0.335802  0.122506  0.480319  0.261903  0.093454
 0.759274  0.325014  0.234868  0.431105  0.314073  0.232113
 0.650958  0.314274  0.114863  0.200332  0.232227  0.240187
 0.758158  0.336588  0.121331  0.480424  0.263381 0.0961208
  0.83338  0.491072 0.0727653  0.312069  0.276192 0.0557127
 0.759781  0.366992  0.113426  0.437599  0.312089 0.0841904
 0.759492  0.520077  0.132916  0.405564  0.180986 0.0860643
 0.758629  0.336505  0.122233  0.470245  0.260336 0.0932252
  0.48174  0.500288  0.284134  0.633857  0.535636  0.216981
 0.758621  0.326911  0.114394  0.475761  0.277917 0.0944026
 0.724351  0.388309  0.198338  0.595916  0.331513  0.219185
 0.382165  0.524583  0.251613  0.714745  0.488709   0.16279
 0.527748  0.363307  0.235756  0.546661  0.366922  0.152644
 0.683891  0.655291  0.251362  0.368409  0.335214   0.18845
 0.684522  0.395364  0.281503  0.514583  0.311522  0.219527
 0.802806  0.390315  0.177938  0.521307  0.309203  0.113725
 0.759356  0.326524  0.123468  0.454488  0.268669 0.0946163
 0.655308  0.346372  0.189048  0.524505  0.381392  0.147162
 0.760018  0.329385  0.129253  0.443996  0.272732  0.100503
 0.786277  0.326889 0.0940441  0.474858  0.225244  0.142463
 0.762312  0.313552  0.118933  0.446862  0.262402  0.096903
 0.705465  0.473027  0.156887  0.349811  0.241335  0.143968
 0.880801  0.326983  0.129851  0.265582  0.581941  0.101303
 0.714716  0.320258  0.233079   0.48186  0.363132  0.173493
  0.76415   0.50047  0.354761  0.547952  0.417684  0.336982
 0.510884  0.284183  0.147334  0.320756  0.244528  0.201385
 0.717387  0.464391  0.123475  0.382504  0.342842  0.776791
 0.758882  0.327086  0.123923  0.476015  0.265003 0.0949749
 0.759742  0.326227  0.123237  0.434915  0.275497 0.0960629
 0.810547   0.35204   0.13154  0.431192  0.248756  0.100006
 0.760534  0.327264  0.131256   0.42636   0.27653  0.102673
 0.759473   0.32409   0.12661  0.443787   0.26861 0.0978363
 0.758969  0.318796  0.123799  0.473951  0.279423 0.0948671
 0.784374  0.370667  0.126954   0.40822  0.272345 0.0982599
  0.79975  0.326734  0.139209  0.457309  0.266985 0.0727231
 0.716038  0.324867  0.125893  0.400955  0.272606  0.100597
 0.759478  0.326992  0.126761  0.460429  0.269334 0.0979782
 0.760096  0.327542  0.129319  0.436633  0.274543  0.100936
  0.75904   0.32683   0.12395  0.471928  0.266363  0.095037
 0.695818  0.457967  0.166869  0.438574  0.274398 0.0704445
 0.759519  0.325128  0.125552  0.456856  0.270177 0.0967751
 0.733262  0.332843  0.130085  0.427814  0.272653  0.101411
 0.925793  0.641218  0.383431  0.819299   0.71981  0.247805
 0.760548  0.330441  0.133365  0.410182  0.276651  0.104936
 0.482653  0.354529  0.245936  0.677079  0.406447  0.224851
 0.759531  0.326628  0.125517  0.490434  0.270163 0.0967379
 0.759571  0.327758  0.127874  0.461866  0.268971 0.0990847
  0.78073  0.382751  0.116101  0.440413  0.255389 0.0953637
  0.75894  0.326878  0.123484  0.474281  0.265585 0.0945418
 0.612836  0.612276  0.290369  0.266411  0.371505  0.345955
 0.698251  0.392045  0.214923   0.47523  0.292824  0.173075
 0.759947  0.326159 0.0993436  0.434931   0.38428 0.0982034
 0.760372  0.331991  0.135135   0.36003  0.444493  0.110278
 0.761793  0.606247  0.132608  0.373132  0.285266  0.104843
 0.746769  0.260877  0.100687   0.37027   0.30347  0.122949
 0.778913  0.327942  0.124502  0.421956  0.296148 0.0987336
 0.758312  0.330322   0.12608  0.473922  0.265637  0.095992
 0.900077  0.502946  0.170898  0.740005  0.319874  0.228472
 0.476719  0.627558  0.285337  0.522484  0.475444  0.419678
 0.760415  0.278779  0.130777  0.419315  0.278115  0.102455
 0.758982  0.325577  0.123958  0.474199  0.265698 0.0950266
 0.651778  0.335043  0.287608  0.533044  0.363388  0.231413
 0.759389  0.287349   0.12503  0.404176  0.281418 0.0962121
 0.725253  0.383977  0.168839  0.399546  0.278009  0.151825
 0.742327   0.32696  0.123044  0.478798  0.263782 0.0940471
 0.758689     0.336   0.11873   0.47469  0.262993 0.0935954
 0.759815  0.413437  0.129285  0.448276  0.311631  0.100673
 0.759196  0.321181  0.117631  0.454158  0.266898  0.094158
 0.760263   0.32666  0.127242  0.432577  0.420662 0.0986237
 0.757938  0.326394  0.123155  0.447212  0.265543 0.0967029
 0.760508  0.326624  0.128992  0.416965  0.278595  0.101013
 0.761741  0.474596  0.343972  0.472574  0.401237  0.276698
 0.759396  0.291591  0.126508  0.461827  0.268988 0.0977192
 0.726869  0.305523  0.172409  0.493287  0.347738  0.180757
 0.759448  0.326524   0.12637  0.454636  0.268626 0.0975774
 0.747225   0.28001  0.101048  0.436056  0.237938 0.0773767
 0.760205  0.326624  0.128419  0.434908  0.274859 0.0997858
 0.759745  0.326688  0.126433   0.26695    0.2725 0.0980623
 0.979842  0.197213 0.0102396  0.955279  0.687231  0.276701
 0.762665  0.400443 0.0731462  0.491975  0.114491  0.122226
 0.758712  0.326967   0.12298  0.479238   0.26355 0.0939768
 0.725083  0.295367  0.135236  0.482377  0.272692  0.103555
 0.759621  0.312101  0.126171  0.454323  0.270741 0.0974135
 0.723987  0.241832 0.0576239  0.768429  0.329577  0.134694
 0.801174  0.483559  0.225249  0.493044  0.278732  0.252907
 0.757855  0.300071  0.139916  0.466174  0.309262 0.0917353
  0.77464  0.331245  0.126121  0.468882  0.268571 0.0888839
 0.759896  0.326578  0.128883  0.437924  0.271319  0.100221
 0.753348  0.333821  0.127681  0.476975  0.265449 0.0968777
 0.796601  0.326771  0.124974  0.461816  0.268993 0.0961527
 0.826716  0.326412 0.0816946  0.447172  0.383219 0.0616173
 0.751194  0.327276  0.125756  0.438267  0.241287 0.0827886
 0.759444   0.31907  0.125292  0.459977  0.269457 0.0964894
 0.760603  0.326969  0.130595  0.417345  0.278547  0.102051
   0.7507  0.326418  0.117189  0.446341  0.288906 0.0905154
 0.759805  0.326744  0.128098  0.450906  0.320316 0.0993993
 0.748438   0.33295  0.130659  0.462249  0.261206  0.101258
   0.7586  0.325508  0.122711  0.483061  0.262764 0.0936759
 0.665707  0.299977  0.139168  0.341415  0.276949 0.0994433
 0.759104   0.33881  0.116838  0.454207  0.272668 0.0918106
  0.75929  0.326869  0.124753  0.465004  0.268194 0.0959035
  0.76007   0.33216  0.131344  0.442575  0.273301  0.101404
 0.698988  0.457666  0.135382  0.470411  0.279538  0.109859
 0.759664  0.326521  0.126008   0.45315  0.270986 0.0972661
 0.758918  0.326643  0.127146  0.461367  0.270821 0.0960706
 0.759234  0.453427  0.392992  0.535162  0.370901  0.264398
 0.768487   0.32611  0.100226  0.566569  0.202815 0.0703472
 0.766265  0.326298  0.105122  0.529139  0.215806 0.0754233
 0.671426  0.625487   0.31621  0.465673  0.233101  0.258249
 0.590223  0.501682 0.0903832  0.574326  0.296708 0.0629301
 0.572884  0.516663  0.195099  0.355196  0.213174  0.146934
 0.762417  0.317921  0.120306  0.444039  0.249042 0.0913668
 0.772015   0.32608  0.118487  0.526018  0.233709 0.0701323
  0.85945  0.474863 0.0889896  0.475957  0.263648 0.0667496
 0.764328   0.35057  0.109761  0.505422  0.228852 0.0802733
 0.739025  0.333634  0.105483   0.48474  0.246004 0.0911276
 0.767877  0.326032  0.100151  0.557059  0.205222 0.0709679
 0.760492  0.325373   0.14089  0.521441  0.232699 0.0939104
 0.769633  0.319654  0.104813  0.512175  0.217294  0.075117
 0.766003  0.346313  0.117055   0.48187  0.234672 0.0785035
 0.543921  0.488771  0.313986  0.278903  0.606205  0.261721
 0.774527  0.319944  0.105321  0.508651  0.218739 0.0757343
 0.765199  0.321967   0.11241   0.45501  0.237369 0.0830601
 0.592095  0.372262  0.116264  0.294259  0.154423 0.0871645
 0.779726  0.315653  0.108391  0.492672   0.22464 0.0882027
 0.800319  0.562248   0.20252  0.606263  0.294137  0.175903
 0.765593  0.295084  0.110887  0.484921  0.233182  0.081426
 0.670614  0.353353  0.125888  0.387507  0.145375  0.184406
 0.747012  0.327967  0.129201  0.410906  0.255576  0.101696
 0.598874  0.322446  0.113025  0.470463  0.238607 0.0836777
 0.766414  0.350364 0.0967466  0.484836   0.23417  0.071443
 0.765365  0.306142  0.117845  0.460267  0.244399 0.0887273
 0.431975  0.375726  0.477201  0.454221  0.442794  0.341912
 0.722255  0.327976  0.103766  0.444978  0.213446  0.085143
 0.730838  0.409351 0.0804394  0.448139  0.187206  0.142509
 0.765142  0.322408  0.113228  0.501648  0.238646 0.0838902
 0.621544  0.524463  0.284626  0.308614  0.553144  0.356258
 0.669284  0.497145  0.244993  0.470697  0.214037  0.186375
 0.771283  0.476824  0.141256  0.515023  0.346242  0.148663

PBMAT:
   0.759751    0.343653    0.135382    0.416463     0.27199     0.10677      257048
    0.77263    0.367458    0.139357    0.196814    0.280575    0.125067 1.90262e+07
   0.765355    0.313774    0.120474    0.439514     0.26748   0.0878603   2.611e+06
   0.332921     0.66559   0.0995461     0.43004    0.391543    0.073883 9.13715e+06
   0.758417    0.324268    0.115865    0.392021    0.248132   0.0865206      152909
   0.191888    0.785222    0.405456    0.916737    0.210949     0.32173  7.3219e+06
   0.772427    0.329766    0.133378    0.357694    0.324709    0.109072 2.70543e+06
   0.748351    0.326258    0.123113    0.452154    0.263958   0.0941869      209068
   0.758448    0.326109    0.119553    0.457092    0.256598   0.0910447     94928.3
   0.497245    0.798576   0.0570756    0.952968    0.106993   0.0620991 2.29609e+08
   0.619687    0.788826   0.0979706     0.55356    0.478718   0.0735969 1.04094e+07
   0.108907    0.651246    0.323183    0.909386    0.165937    0.226123 1.98295e+07
   0.446222    0.873387   0.0864343    0.723602    0.350478   0.0339642 9.79748e+07
   0.545234    0.797611    0.753508    0.340326    0.681508    0.638143 1.18985e+07
    0.76105    0.326237    0.131256    0.352198    0.270955    0.102648      151777
   0.560341    0.390256    0.131013    0.298367    0.648058   0.0676556 1.69735e+08
   0.741241    0.276593    0.120573     0.45901     0.25816   0.0914352      127955
   0.769361    0.327373    0.125918    0.421555    0.263812   0.0972316      173823
   0.285052    0.454457    0.350593    0.703814    0.317633    0.298148 3.14232e+06
   0.769532    0.324784    0.118703    0.386171    0.251497    0.089498      138448
   0.759462    0.324232    0.119461    0.372909    0.259282   0.0904526      120377
   0.772695    0.461182    0.114699    0.900312    0.417347    0.132987 2.22168e+08
   0.795268    0.328879    0.122213    0.342535    0.219488   0.0933215      105701
   0.820364    0.244983    0.152831    0.311475    0.302458    0.125992      331310
   0.758418    0.290677    0.120379    0.427312    0.258137   0.0912337     92610.3
   0.713054    0.406325    0.104455    0.185899    0.191051    0.152587 3.18873e+08
   0.953236    0.507855     0.68456    0.213671    0.228789    0.677961 1.20595e+07
   0.747269    0.420239    0.148404    0.349191    0.267499    0.222923 3.32621e+08
   0.688451    0.325486    0.123059    0.416655    0.264084   0.0757383 6.93774e+07
   0.758494    0.326268    0.120795    0.456082    0.258192   0.0916669      107999
    0.75963    0.324237    0.121903    0.371303    0.260169   0.0929688      145391
    0.75948    0.326638    0.123106    0.441969    0.268569   0.0951493      195665
   0.494589     0.54828    0.299486    0.428372    0.571264    0.264126 1.51738e+06
   0.748746    0.708925    0.257682    0.274942     0.63394    0.210965 2.81181e+07
   0.758672    0.326195    0.120814    0.440109    0.296876   0.0834204   1.761e+07
    0.67342     0.68656     0.27852   0.0427538    0.694732    0.526836 2.48495e+08
   0.765378    0.330094    0.132211    0.429501    0.272234    0.102327      619367
   0.589836    0.627671    0.329922    0.291291    0.362786    0.293544 1.58073e+06
   0.758996    0.363764    0.122952    0.434128    0.260658   0.0939458      180965
   0.759414    0.331696     0.12398     0.41523     0.26425   0.0950505      140960
   0.846514    0.297005    0.121782    0.248022    0.298834   0.0967281      678215
   0.740998    0.408743    0.323841    0.350593    0.416596    0.295642 2.00882e+06
   0.795986    0.323199    0.117067    0.391249    0.248571    0.087752      109120
   0.759199    0.381006   0.0649492    0.473307    0.239097   0.0481862  5.9102e+07
   0.768796     0.34119    0.115257    0.465893    0.302129   0.0931977  1.0008e+07
   0.765964    0.293286    0.147452    0.397163    0.277335    0.119263      342026
   0.609337    0.578174    0.318582    0.282161    0.415717    0.287265 1.62766e+06
   0.851757    0.909671    0.823431    0.372063     0.97826    0.933157  1.0319e+08
   0.758447    0.326316    0.120258    0.457918    0.258093   0.0825302 1.90792e+07
   0.759687    0.335937    0.140506    0.305379    0.279583    0.111331      393989
   0.765817     0.32436    0.104414    0.400724    0.227864   0.0758649      188925
    0.80998    0.373344     0.21683    0.339434    0.329896    0.188555      831763
   0.742893    0.301453    0.253948     0.61617    0.737406    0.218745 3.88316e+06
   0.684531    0.816274   0.0316074    0.751583    0.690445    0.415217 1.20472e+09
   0.758196     0.32715    0.127388    0.469925    0.260455   0.0928939 5.52436e+06
   0.911803    0.948087    0.276571    0.968729     0.73096    0.220301 2.21346e+07
   0.118587    0.817435    0.476784    0.483313    0.250888    0.337683 1.78888e+07
   0.851637    0.575175    0.702534    0.694721     0.49892    0.625605 1.57817e+06
   0.758897    0.333893    0.122465    0.438096    0.260012    0.093432      113037
   0.712193    0.773131    0.739572    0.665472     0.80735    0.670625 3.62536e+06
   0.768298    0.413757    0.349136    0.474053    0.606349    0.328117  7.4328e+06
   0.763622    0.433132    0.121075    0.430506    0.388864   0.0919396      214323
   0.542301    0.466883    0.451699    0.709124    0.886414    0.282825 1.17855e+08
   0.759619    0.325615     0.12556    0.403823    0.268134   0.0975414      253267
   0.759089    0.356628    0.120063    0.381191    0.254406   0.0909546      146787
   0.262086    0.882135    0.660089    0.452535    0.482363    0.573221 1.40556e+07
   0.767655    0.338436    0.109215    0.434529    0.305163   0.0921033 3.13632e+07
   0.759623    0.326379    0.126387    0.419665    0.263521   0.0974665      201062
   0.402075    0.644873    0.179048    0.714495    0.228025    0.144498 2.55741e+06
   0.640673    0.346622   0.0776535    0.564075    0.491203   0.0608115 4.33231e+07
   0.760123    0.325707    0.126868    0.399771    0.270988   0.0981575      199656
   0.758178    0.324287    0.113496    0.394066    0.306038   0.0840815      246653
   0.781855    0.346833    0.135196    0.856607    0.260967     0.15884 2.20937e+08
   0.568071    0.444915    0.148822    0.455059      0.2595   0.0783854 1.67787e+08
   0.477327    0.860937    0.840896    0.503117    0.625994     0.72664 4.07209e+06
   0.554835    0.235386    0.132691    0.606965    0.328956    0.104411      397255
   0.889157    0.533606    0.305104    0.522918    0.306612    0.266646      961688
   0.788852    0.270723    0.132901    0.358901    0.282569    0.119094 3.58543e+07
   0.760092    0.272516    0.127178    0.413517    0.271341   0.0985628     80493.5
    0.80436    0.503261    0.243013     0.30903    0.590609    0.234039 2.06627e+07
   0.860914    0.562281    0.130923    0.574928    0.276703    0.104533 2.30504e+06
   0.759053    0.322646    0.123206    0.431357    0.261093   0.0942242      151082
   0.758413    0.327664    0.120252    0.460136    0.257977   0.0891566      775780
   0.758867    0.305105    0.122549    0.440894    0.259576   0.0935028      123342
   0.759063    0.327733    0.126578    0.521904     0.27027   0.0977553     89201.9
   0.788814    0.386228    0.127954    0.428232    0.359269    0.232827 4.40258e+08
   0.991572    0.951456    0.361407    0.763845    0.782763    0.304149 1.05509e+07
   0.759254    0.326701    0.124817    0.466199     0.26785   0.0959617     97557.9
   0.759963    0.326582    0.129435    0.450093     0.27168    0.100758      186778
   0.591662    0.442566    0.150177     0.53493    0.276946    0.172526 2.08104e+08
    0.76791    0.137965   0.0847348    0.729183    0.311977   0.0473598 1.64017e+07
   0.830471     0.37313    0.252564    0.615698    0.331637    0.233298 2.05158e+07
   0.758958    0.326873    0.123819     0.47403    0.265645   0.0948854      176501
   0.761611    0.329362     0.14075    0.363478    0.285731    0.113592      234001
   0.772656    0.429453    0.527316    0.627291    0.155445    0.565742 1.48013e+08
   0.761365    0.351553    0.129642    0.389624    0.287597    0.101582      176690
   0.516047    0.811311   0.0265861    0.655833    0.543207    0.422773 1.24816e+09
   0.764326    0.350236     0.14187    0.356998    0.287305    0.114723      269545
   0.390025    0.313947    0.170279    0.304446    0.299089    0.151833 1.44731e+07
   0.780206    0.330371    0.151664     0.25011    0.298055    0.125374      461655
   0.774877    0.458366    0.147229     0.30662    0.229294    0.119654      345997
   0.759396     0.32736    0.126782    0.463657    0.268569   0.0979801      122889
   0.762596    0.323958    0.114299    0.308677    0.297102   0.0860464      162072
   0.259094    0.809469   0.0538934    0.895176    0.480972   0.0887231 4.26878e+08
   0.769211    0.335721    0.138838    0.435149    0.260721   0.0981306  2.8315e+07
   0.707586    0.495771    0.200176    0.397124    0.364115    0.174644 2.79821e+06
   0.743667    0.269809    0.127772    0.455984    0.233707   0.0990917      222879
   0.991058     0.53621   0.0765045    0.895825    0.385346   0.0172797 2.17769e+08
   0.794633    0.277227    0.159618     0.42953    0.269851   0.0963758 1.25626e+08
   0.760855     0.32644    0.127765    0.427226    0.282208    0.099328      160247
   0.758902    0.326895    0.123208    0.475094    0.265477    0.094253      163407
   0.758569    0.332513    0.124245    0.469757    0.260659   0.0923957 1.50763e+06
   0.763037    0.326719    0.286644    0.340272    0.355467    0.287654 6.08921e+07
   0.764684    0.333942    0.122594    0.474003    0.262754   0.0935524     77287.5
   0.734258     0.36279     0.13727    0.349334    0.246895    0.123683 3.89156e+07
   0.759067    0.335831     0.12399    0.471157    0.266593   0.0880602 1.06203e+07
   0.760181    0.258229    0.133406    0.436004    0.274641    0.104946      156383
    0.75984    0.326479    0.125394    0.380074    0.272787   0.0967333      143614
   0.770846    0.363371     0.12472    0.473097    0.266013   0.0958134      130385
   0.712397    0.395229    0.136285    0.237744    0.385986    0.135736 7.72812e+07
   0.761853    0.332381    0.144581    0.457231    0.421396    0.116611      276327
   0.755177    0.297013    0.124822    0.473013    0.286518   0.0796148 5.40665e+07
   0.747529    0.509364    0.741679    0.284103     0.63883    0.716878 5.35742e+06
   0.760755    0.328708    0.141636    0.260179    0.307267     0.12749 2.37289e+07
   0.759715    0.328578    0.155903    0.386669    0.273435    0.104658 6.62746e+07
    0.77301    0.135669     0.16016    0.233515     0.79001    0.138187 4.32574e+06
   0.963203   0.0175861    0.145556    0.329324    0.886046   0.0878927 1.36654e+08
  0.0550137    0.594532    0.690353    0.987887    0.017803    0.374529 6.05152e+07
   0.760949    0.334799    0.133673    0.423399     0.27771    0.105228      183679
   0.759677      0.3272    0.128133    0.457497    0.270031   0.0993885      213789
   0.759345    0.326517     0.12318    0.452874    0.263667   0.0943199      125526
   0.758963    0.326864    0.123355    0.473384    0.265829   0.0944167      114895
   0.743457    0.327281    0.121632    0.459624    0.278282   0.0940918      298527
   0.616434     0.82727    0.742877    0.465029    0.909782    0.571028 4.19711e+07
    0.71154    0.545434    0.223737    0.307944    0.316399    0.198369 2.31855e+06
   0.754664      0.3286    0.122367    0.268572    0.294427    0.100979 6.51271e+06
   0.944082    0.299153    0.115901    0.678397     0.95827    0.172941 3.29109e+08
   0.759656    0.185908    0.198789    0.461219     0.28121    0.181855 2.36547e+07
   0.760439    0.327217    0.126671    0.445441    0.279897   0.0981392     92150.8
    0.33325    0.489693    0.258988    0.341428    0.224337    0.233182 1.75687e+07
   0.571464    0.590997    0.283421    0.492675    0.599943    0.248039 1.49432e+06
   0.237235    0.400568    0.400644    0.776661    0.533209    0.325238 7.60681e+06
   0.758884    0.326773    0.112686    0.467247    0.257627   0.0939161  2.8451e+07
    0.76098    0.340987    0.138713     0.42762    0.282104    0.110355      343702
   0.750524    0.306348    0.126852     0.41961    0.220797   0.0984527     93320.3
   0.767824    0.323111    0.121752    0.314152    0.297253   0.0959355      790444
    0.67633     0.71171    0.827696    0.827621    0.538221    0.694771 6.96327e+06
   0.192236    0.938251     0.67164    0.772365    0.188477    0.457422 3.24534e+07
   0.759314    0.328488    0.108613    0.400813    0.242821    0.132103 2.33127e+08
   0.759227    0.326731     0.12331    0.464044    0.268057   0.0949566      115791
   0.760105    0.327549    0.129301    0.441261    0.273569    0.100745      141186
    0.79474    0.777298    0.262905    0.297267    0.465913    0.228703 2.35935e+06
   0.759806    0.328546   0.0778727    0.398564    0.281148   0.0578794 2.94193e+07
   0.673929    0.411174    0.309511    0.511489    0.442473    0.287721 1.62352e+07
   0.694239    0.572608    0.425262    0.495282    0.199468    0.372291  1.3414e+06
   0.807026    0.270483    0.129224    0.395746    0.340832    0.101051      381093
   0.901163    0.419176    0.119432    0.549167    0.596533    0.357007 7.01124e+08
    0.73795    0.367136    0.139761    0.380415    0.282814    0.109039      871663
   0.572927    0.505584    0.302268     0.24303    0.370387    0.271048  1.4789e+06
   0.111193    0.493163    0.766054    0.720046    0.357216    0.538317 1.94096e+07
   0.760878    0.326069    0.129576    0.429958    0.281877    0.101173      101702
   0.767719    0.335802    0.122506    0.480319    0.261903    0.093454       94778
   0.762205    0.315717    0.764289    0.112531    0.555313    0.885617 3.71621e+07
   0.650958    0.314274    0.114863    0.200332    0.232227    0.240187 5.14593e+08
   0.750487    0.538603    0.182506    0.330226    0.300983    0.154653      801956
    0.83338    0.491072   0.0727653    0.312069    0.276192   0.0557127 4.47215e+07
   0.759781    0.366992    0.113426    0.437599    0.312089   0.0841904      111418
   0.763388    0.865425    0.197663    0.256048   0.0733701    0.165753 1.00068e+06
   0.758629    0.336505    0.122233    0.470245    0.260336   0.0932252      138071
   0.111342    0.732234    0.500654    0.855588     0.90256    0.380131 1.53739e+07
   0.761905    0.386972    0.125723    0.322824    0.416571   0.0977778      596690
   0.668237    0.488509    0.409264    0.786252    0.395225    0.442797 1.60016e+08
   0.184634    0.628293    0.315331    0.846683    0.620192    0.205243 6.77815e+07
  0.0245508    0.435267    0.481634    0.693647     0.59413    0.281431 5.66916e+07
   0.627599     0.90253    0.348202    0.284197    0.389695    0.274827 3.14495e+07
   0.474274    0.589579    0.733148    0.612068    0.452573    0.577656 2.35918e+07
    0.82603    0.402241    0.275554    0.545579    0.436595    0.204889 5.92778e+07
   0.763014    0.323901    0.126055    0.307957    0.297244   0.0980531      158494
   0.255363    0.416366    0.447131    0.642923    0.886147    0.374282 4.79255e+06
   0.760018    0.329385    0.129253    0.443996    0.272732    0.100503      158870
   0.601058     0.32669    0.094329    0.463739    0.244371    0.073008 1.98051e+07
   0.762312    0.313552    0.118933    0.446862    0.262402    0.096903 1.13842e+07
   0.700634    0.651288    0.186159    0.246478     0.21563    0.157537      907216
   0.880801    0.326983    0.129851    0.265582    0.581941    0.101303  5.8863e+06
   0.474274    0.293656     0.56936    0.487432    0.762504    0.489553 8.39451e+06
   0.774493     0.82434    0.787972    0.673967    0.707278    0.715034 4.38152e+06
  0.0509399    0.200686    0.200097   0.0106989    0.194474    0.412254 2.37754e+08
   0.717387    0.464391    0.123475    0.382504    0.342842    0.776791 1.01882e+09
   0.758882    0.327086    0.123923    0.476015    0.265003   0.0949749      139054
   0.763213    0.324098    0.129596    0.307603    0.303587    0.103824      587523
   0.834942    0.388917    0.163056    0.352847    0.265182    0.136372      903079
   0.760534    0.327264    0.131256     0.42636     0.27653    0.102673      121608
   0.759473     0.32409     0.12661    0.443787     0.26861   0.0978363      179938
   0.760235    0.317103    0.127971    0.461629     0.29421   0.0994118      116482
   0.784374    0.370667    0.126954     0.40822    0.272345   0.0982599      109136
    0.79975    0.326734    0.139209    0.457309    0.266985   0.0727231 1.68322e+08
   0.673505    0.319984    0.142776    0.262215     0.29756    0.117166      378135
   0.759478    0.326992    0.126761    0.460429    0.269334   0.0979782      108788
   0.761441    0.328036    0.135268      0.4014    0.285734    0.107463      195505
   0.760332    0.326532    0.128006    0.456201    0.278561   0.0994679      117895
   0.634158    0.541962    0.110374    0.309877    0.300961    0.065377 5.47288e+07
   0.760886    0.324628    0.129975    0.427868    0.282135     0.10159      209830
   0.733262    0.332843    0.130085    0.427814    0.272653    0.101411      178626
   0.944995    0.708734    0.507578    0.972376    0.817594    0.334717 9.97666e+07
   0.760548    0.330441    0.133365    0.410182    0.276651    0.104936      161524
   0.267596    0.375991     0.38145    0.830268    0.518746     0.30856 7.54559e+06
   0.760921    0.326188    0.129917    0.462488    0.282168    0.101529      144506
   0.759571    0.327758    0.127874    0.461866    0.268971   0.0990847      182934
   0.888406    0.820053    0.238894    0.309401    0.264517    0.207041 1.01777e+06
   0.760181    0.326662    0.126959    0.462338    0.277782   0.0983764      155081
   0.467892     0.89837    0.457193   0.0534787    0.480149    0.596939 7.68805e+07
   0.504917    0.600832    0.511368    0.454975    0.393561    0.429132 9.34366e+06
   0.759947    0.326159   0.0993436    0.434931     0.38428   0.0982034 1.18303e+08
   0.760372    0.331991    0.135135     0.36003    0.444493    0.110278      760136
   0.763647    0.635856    0.138206    0.308288    0.298339    0.111173      565108
   0.746769    0.260877    0.100687     0.37027     0.30347    0.122949 2.29783e+08
   0.786508    0.329856    0.133807    0.305648    0.329368    0.109386      916868
   0.757758    0.340418    0.135351    0.463133    0.278851    0.105528      315246
    0.93233    0.611695    0.194469    0.869277    0.353468    0.226935 2.21898e+08
   0.476719    0.627558    0.285337    0.522484    0.475444    0.419678 3.25577e+08
   0.760415    0.278779    0.130777    0.419315    0.278115    0.102455      165910
    0.76029    0.325254    0.128586    0.462468    0.278278    0.100031      150981
   0.305838    0.406372    0.783145    0.705846    0.693384    0.678937 5.30624e+06
   0.759389    0.287349     0.12503    0.404176    0.281418   0.0962121      159142
   0.653849    0.505944    0.306642    0.226465    0.310941    0.276231 1.81366e+06
   0.742327     0.32696    0.123044    0.478798    0.263782   0.0940471      114199
   0.763023    0.335492      0.1213    0.307942    0.297246   0.0982992 3.27314e+06
   0.759815    0.413437    0.129285    0.448276    0.311631    0.100673      225573
   0.759196    0.321181    0.117631    0.454158    0.266898    0.094158 8.45604e+06
   0.760263     0.32666    0.127242    0.432577    0.420662   0.0986237      298940
   0.761299    0.323899     0.12694    0.307902    0.294127    0.101957 1.22571e+06
   0.760508    0.326624    0.128992    0.416965    0.278595    0.101013      127169
   0.764838    0.627285    0.500524     0.46631    0.543305    0.465582 5.44362e+06
   0.759396    0.291591    0.126508    0.461827    0.268988   0.0977192     90928.7
   0.482741     0.14063    0.553565    0.593957    0.999675    0.453868 2.77635e+07
   0.759448    0.326524     0.12637    0.454636    0.268626   0.0975774      126461
   0.747225     0.28001    0.101048    0.436056    0.237938   0.0773767 1.05334e+07
   0.760205    0.326624    0.128419    0.434908    0.274859   0.0997858      108018
    0.76105    0.326408    0.130815    0.256125    0.284287    0.103176      424721
   0.979842    0.197213   0.0102396    0.955279    0.687231    0.276701 1.29693e+09
   0.769507    0.698159   0.0634568    0.728772   0.0869546   0.0330245 4.09961e+06
   0.758712    0.326967     0.12298    0.479238     0.26355   0.0939768      182845
   0.703581    0.264098    0.165457    0.406879    0.298433    0.134801 1.43599e+06
   0.761021    0.311308    0.131066    0.424139    0.282593    0.102698      210910
    0.64476    0.223759   0.0763684    0.970803     0.66783    0.160364 5.23326e+08
   0.835616    0.825144    0.505808    0.527357    0.392038    0.490547 3.73523e+07
   0.757516    0.332722    0.149247    0.459642    0.395305    0.119576      433098
    0.77464    0.331245    0.126121    0.468882    0.268571   0.0888839 1.37737e+07
   0.759896    0.326578    0.128883    0.437924    0.271319    0.100221      157133
   0.753348    0.333821    0.127681    0.476975    0.265449   0.0968777      836271
   0.802921    0.326482    0.129256    0.435598     0.28116    0.100823     99847.8
   0.826716    0.326412   0.0816946    0.447172    0.383219   0.0616173 2.57168e+07
   0.751194    0.327276    0.125756    0.438267    0.241287   0.0827886 3.75429e+07
   0.760833    0.317318    0.129765    0.432735    0.281526    0.101355      175453
   0.760603    0.326969    0.130595    0.417345    0.278547    0.102051      221176
    0.75095    0.327145    0.119557    0.308209    0.325118   0.0943691      558762
    0.76132    0.326499    0.134878    0.418901    0.344922    0.106609      197748
   0.748438     0.33295    0.130659    0.462249    0.261206    0.101258      197601
     0.7586    0.325508    0.122711    0.483061    0.262764   0.0936759      101304
   0.665707    0.299977    0.139168    0.341415    0.276949   0.0994433 2.47728e+07
   0.759104     0.33881    0.116838    0.454207    0.272668   0.0918106 3.96134e+06
    0.75929    0.326869    0.124753    0.465004    0.268194   0.0959035      114356
    0.76007     0.33216    0.131344    0.442575    0.273301    0.101404      394784
   0.627743    0.614045    0.161816    0.446409    0.300949    0.129604 1.15353e+06
   0.759664    0.326521    0.126008     0.45315    0.270986   0.0972661      107772
   0.758918    0.326643    0.127146    0.461367    0.270821   0.0960706      657859
   0.723514    0.744523    0.877418    0.560596     0.75315    0.727802 1.62484e+07
   0.768487     0.32611    0.100226    0.566569    0.202815   0.0703472       49906
   0.758497    0.326955    0.122243    0.478546     0.26123   0.0931725     75598.4
   0.565477    0.866488     0.47186    0.369438    0.280274    0.408156 2.86838e+06
   0.389541    0.819913   0.0788115    0.520739    0.422742   0.0478907 2.31216e+06
   0.406698    0.686474    0.278566    0.171567    0.219468     0.22278 2.11098e+07
   0.762417    0.317921    0.120306    0.444039    0.249042   0.0913668     70895.1
   0.772015     0.32608    0.118487    0.526018    0.233709   0.0701323 7.41982e+07
   0.896369    0.534441    0.137229     0.48412    0.340238    0.112652 4.70627e+06
   0.764328     0.35057    0.109761    0.505422    0.228852   0.0802733      131555
   0.649147    0.354707    0.153918    0.274659      0.3554     0.14495 4.14275e+07
   0.757049    0.324379    0.109243     0.41215    0.236151   0.0803953     96811.8
   0.718163    0.320652     0.25159    0.303182    0.380952    0.223122 1.12619e+06
   0.769633    0.319654    0.104813    0.512175    0.217294    0.075117     34889.1
   0.751533    0.530137    0.188539    0.311988     0.31705    0.163569 3.59604e+06
   0.447845    0.570313    0.393124    0.191426    0.753406    0.351277 1.00587e+07
   0.764049    0.324379    0.109714    0.414022    0.235389    0.080149      121536
   0.759874    0.324483     0.12182    0.367146    0.262607   0.0929286      126832
   0.592095    0.372262    0.116264    0.294259    0.154423   0.0871645      253229
   0.806509    0.377093    0.214283    0.306424    0.274567    0.183532 1.52542e+06
   0.825149    0.745384    0.290928    0.684552    0.346809     0.25015 1.31386e+06
    0.75883    0.295474    0.121053    0.439306    0.259773   0.0919853      164862
   0.362741    0.154677    0.251665   0.0190839  0.00190942    0.522136 3.14503e+08
     0.7379    0.333244    0.144772    0.346241    0.279799    0.117951      374006
   0.575727     0.32561    0.122334    0.423183    0.262765   0.0933811      156343
   0.766414    0.350364   0.0967466    0.484836     0.23417    0.071443 6.30892e+06
   0.765365    0.306142    0.117845    0.460267    0.244399   0.0887273      218438
    0.22141    0.453796    0.843435    0.388819    0.919504    0.718316 7.82988e+06
   0.722255    0.327976    0.103766    0.444978    0.213446    0.085143 3.00221e+07
   0.730838    0.409351   0.0804394    0.448139    0.187206    0.142509 4.37431e+08
   0.765142    0.322408    0.113228    0.501648    0.238646   0.0838902      106936
   0.441453    0.781651    0.503717   0.0589455     0.97166    0.709052 7.78644e+07
   0.507143    0.829813    0.471418    0.405586    0.206166    0.377595 1.75903e+07
   0.776565     0.77762    0.260077    0.427287    0.631321    0.259923 6.44449e+07

GBMAT from first PSO:

   0.997185    0.932557    0.128124    0.999041    0.236089    0.396581 7.35785e+08
   0.648749    0.856473     0.75704    0.868238    0.569991    0.386068 1.90016e+08
    0.13044    0.834516    0.412562    0.965345    0.141732    0.359442 9.99007e+07
   0.540344    0.855933    0.825491    0.289601    0.671926    0.696561 1.44787e+07
   0.267697    0.722736    0.896737    0.223926    0.918408    0.792192 1.09848e+07
   0.728212    0.506217    0.980158    0.358005    0.824964    0.919987 3.69311e+06
   0.571829    0.480431     0.36203    0.616194    0.733619    0.320443 1.50375e+06
   0.700634    0.651288    0.186159    0.246478     0.21563    0.157537      907216
   0.783375    0.644333    0.193498    0.248616    0.220197    0.164801      859445
   0.703459     0.45128    0.140218      0.3053    0.433608    0.114779      680465
   0.821953     0.58569    0.169679    0.283866    0.353276    0.143939      674638
   0.793844    0.480148    0.179966    0.273627    0.288494    0.152187      655445
   0.765985     0.47008    0.173115    0.298217    0.319769    0.145173      564108
   0.767625    0.542082    0.173518     0.29677    0.289508    0.145586      525977
   0.755103    0.542637    0.178941    0.302639    0.298165    0.150955      486604
   0.758261    0.541857     0.17798    0.301054    0.296139    0.150143      481709
   0.758097    0.361416    0.178435     0.30039    0.295836    0.151438      438435
   0.771573    0.285948    0.179376    0.303366    0.299137    0.152322      353563
   0.758773    0.324086    0.110046    0.311124    0.296628   0.0818441      176403
   0.763741    0.323854    0.146893    0.306677    0.297489    0.119338      176241
   0.762596    0.323958    0.114299    0.308677    0.297102   0.0860464      162072
   0.763014    0.323901    0.126055    0.307957    0.297244   0.0980531      158494
   0.754502    0.324558    0.100383    0.492681    0.210238   0.0698518      120350
   0.756645    0.324411    0.108062    0.420442    0.231661   0.0781826     93211.7
   0.759063    0.327733    0.126578    0.521904     0.27027   0.0977553     89201.9
   0.758497    0.326955    0.122243    0.478546     0.26123   0.0931725     75598.4
   0.768487     0.32611    0.100226    0.566569    0.202815   0.0703472       49906
   0.769633    0.319654    0.104813    0.512175    0.217294    0.075117     34889.1

truk 0.515996 0.0603199  0.103199  0.896801   0.05516 0.0722394
distance b/w truk and final GBVEC1.06422
CODE FINISHED RUNNING IN 1777 s TIME!
Job Statistics for 1434534:
           JobID       User               Start                 End    Elapsed     MaxRSS   TotalCPU      State Exit        NodeList                                  ReqTRES 
---------------- ---------- ------------------- ------------------- ---------- ---------- ---------- ---------- ---- --------------- ---------------------------------------- 
         1434534   rsjxw007 2021-07-21T12:05:29 2021-07-21T12:35:08   00:29:39             29:29.844  COMPLETED  0:0   r1pl-hpcf-n21         billing=1,cpu=1,mem=7812M,node=1 
   1434534.batch            2021-07-21T12:05:29 2021-07-21T12:35:08   00:29:39      1.18M  29:29.843  COMPLETED  0:0   r1pl-hpcf-n21                                          
  1434534.extern            2021-07-21T12:05:29 2021-07-21T12:35:08   00:29:39          0  00:00.001  COMPLETED  0:0   r1pl-hpcf-n21                                          
CPU Efficiency: 99.49% of 00:29:39 core-walltime
