PSO_S_ODE_NonLinear
sample size:10000 Nparts:300 Nsteps:40
mu: 80 250  85
covarMat:20  0  0
 0  5  0
 0  0 10

seedk: 0.686685  0.100911  0.711393  0.859161 0.0340019   0.60489| cost:8.84068e+06
Xt: 8.6078 17.5849 71.4425 77.0224 1.01921 83.9432  97.268 664.742 5110.37  6348.4 2.08962 7055.06 84.5053 610.358 739.358 6.52761 717.594 1263.24 985.772 33.7469 1482.98 5482.16 72.9124 6004.48 62.4233  6442.8 85.6595
PSO begins!
underflow!0.000392009
pos   0.415216 0.000392009    0.245292    0.839363    0.543084    0.043881
