PSO_S_ODE_NonLinear
note: this run is using unif distribution of updating and is ran in serial and is ran close to truk!
sample size:5000 Nparts:300 Nsteps:40
mu: 80 120  85
covarMat:
 50   0   0
  0 100   0
  0   0  50

Yt:    73.3066   0.0272825     6.77223     28.2429    0.338453     84.7775     5424.19 0.000757691     46.0983     944.377     0.53414     7233.87     1.97891     495.833     2074.48     24.6803     6210.45    0.185999    0.756465  0.00956026     2.32875     189.282     2.33063     577.306     5.89942     2346.48     29.7866
seedk:  0.522642   0.100118  0.0682947   0.903182   0.100208 -0.0317646| cost:1.50621e+08
Xt:    112.02  -0.100848   -31.9513      67.19  0.0985886    84.7263    12612.2  0.0102489    1029.97    4622.46  0.0101805    7228.67   -11.2693   -3590.23    7510.42    11.0928    9511.55    3.23911   -6.74576 -0.0100407   -8.58894   -2129.82   -3.20059      -2728    6.42142    5663.94    8.45645
PSO begins!
particle:1 position:  0.52167 0.0238228  0.119594  0.468681 0.0944493 0.0407491 cost:2.03831e+07
XtPSO.mVec:  52.4714   0.14727   27.5969    11.639    4.3439    80.481   2808.11 0.0224081    765.14   215.953   38.6273   6507.92     7.547   1444.24    613.85    228.35   4212.08   4.09435   1.68261  0.637759     11.94   317.452   119.552   2231.46   23.2248   923.431   349.524
particle:2 position:  0.496005  0.0805221  0.0771579   0.639265   0.062065 -0.0141415 cost:2.62485e+07
XtPSO.mVec:    91.6426   -0.047066    -11.5743      46.808    0.147363     84.6775     8453.26  0.00224135     135.539      2318.9   0.0246702     7220.14    -4.29241    -1063.54     4279.29     13.5557     7768.07    0.548671    -2.17699 -0.00707627    -4.01169    -531.334    -1.75794    -988.418     6.34971     3922.68     12.7166
underflow!-0.023276
pos 0.506716 0.0348502 0.0624722  0.936032  0.029263 -0.023276
underflow!-0.0317885
pos  0.516278   0.051248  0.0614242   0.911738  0.0637365 -0.0317885
underflow!-0.0108513
pos  0.492874  0.0981808  0.0622426   0.905188   0.076745 -0.0108513
underflow!-0.0337549
pos   0.46913   0.010392  0.0706913   0.851564  0.0410796 -0.0337549
underflow!-0.0015885
pos  0.478606  0.0474999  0.0878217   0.874398  0.0578214 -0.0015885
underflow!-0.0180536
pos  0.539262   0.055359  0.0849703   0.944028   0.101677 -0.0180536
underflow!-0.0161003
pos  0.564827  0.0755138   0.091261   0.856521 0.00610673 -0.0161003
underflow!-0.0400787
pos  0.562298  0.0482217   0.125676   0.849777  0.0603496 -0.0400787
underflow!-0.035908
pos 0.470726 0.0853939  0.139879  0.936823 0.0215385 -0.035908
underflow!-0.0202184
pos  0.501282  0.0182402   0.065805   0.929692 0.00803427 -0.0202184
underflow!-0.0215481
pos  0.476171   0.105751  0.0676645   0.877257  0.0644863 -0.0215481
underflow!-0.022049
pos 0.529693 0.0714586  0.141561  0.924562 0.0397509 -0.022049
underflow!-0.00471002
pos   0.558402   0.0790285    0.128343    0.855714   0.0957763 -0.00471002
underflow!-0.0124023
pos  0.507052  0.0224337   0.132023    0.91081  0.0429414 -0.0124023
underflow!-0.0180216
pos  0.510372  0.0481992  0.0598177   0.859232  0.0990503 -0.0180216
underflow!-0.0219217
pos  0.509323  0.0464231  0.0990356    0.92056  0.0701269 -0.0219217
underflow!-0.0143091
pos  0.476619  0.0461381   0.147471   0.904526  0.0328507 -0.0143091
underflow!-0.00401009
pos   0.468465     0.07094    0.133575    0.922685   0.0158544 -0.00401009
underflow!-0.0220174
pos  0.502409  0.0904344  0.0865547   0.946458  0.0690904 -0.0220174
underflow!-0.0350823
pos  0.482014  0.0444956   0.109168   0.878642  0.0257578 -0.0350823
underflow!-0.0226335
pos  0.518581  0.0327895   0.131878   0.922073  0.0985379 -0.0226335
underflow!-0.0225567
pos  0.489301  0.0202356  0.0973929   0.926117  0.0986097 -0.0225567
underflow!-0.0126124
pos  0.482171  0.0567566   0.108605   0.946216  0.0738143 -0.0126124
underflow!-0.0113241
pos  0.551319  0.0808781   0.115288   0.897141  0.0737465 -0.0113241
underflow!-0.0368859
pos  0.515695  0.0986585   0.108427   0.906384 0.00814578 -0.0368859
underflow!-0.0133038
pos  0.521184  0.0233445  0.0825607   0.851506  0.0703104 -0.0133038
underflow!-0.0185347
pos  0.516526  0.0841358  0.0806503    0.88367  0.0941364 -0.0185347
underflow!-0.0177749
pos  0.505371  0.0949654   0.138824   0.877979  0.0304922 -0.0177749
underflow!-0.0151274
pos   0.48645   0.071633    0.13306   0.946003  0.0086709 -0.0151274
underflow!-0.0182804
pos  0.490809  0.0349479   0.121727   0.856781  0.0730321 -0.0182804
underflow!-0.0311967
pos  0.517781  0.0222969   0.067854   0.867357  0.0663835 -0.0311967
underflow!-0.039728
pos 0.548111 0.0639978  0.132369  0.876227 0.0686766 -0.039728
underflow!-0.0276093
pos  0.517934  0.0836302   0.103341   0.858153  0.0835063 -0.0276093
underflow!-0.0254188
pos  0.501339  0.0891301   0.118169   0.898463  0.0784158 -0.0254188
underflow!-0.00611456
pos   0.565298   0.0561153    0.055879    0.887635    0.103727 -0.00611456
underflow!-0.0170419
pos  0.534778  0.0361165   0.132268    0.86406  0.0210131 -0.0170419
underflow!-0.00565876
pos   0.524591   0.0113078    0.131691    0.935345   0.0749789 -0.00565876
underflow!-0.0380766
pos  0.513805  0.0392637   0.108506   0.867674  0.0827592 -0.0380766
underflow!-0.0228325
pos  0.470705  0.0216677  0.0870589   0.890439  0.0721936 -0.0228325
underflow!-0.00344152
pos   0.467513   0.0296653    0.134816    0.872475    0.104109 -0.00344152
underflow!-0.0336359
pos  0.505127  0.0695607   0.115927   0.924355  0.0541023 -0.0336359
underflow!-0.0188105
pos  0.490768  0.0682081  0.0658023   0.946662  0.0272574 -0.0188105
underflow!-0.00629897
pos   0.502396   0.0893164    0.079531    0.919227   0.0609523 -0.00629897
underflow!-0.001503
pos 0.499927 0.0545096  0.133129  0.946123 0.0327891 -0.001503
underflow!-0.0163406
pos  0.506916  0.0428799   0.137513   0.858783  0.0312057 -0.0163406
underflow!-0.0163027
pos  0.528852  0.0249538   0.105078   0.926826  0.0883716 -0.0163027
underflow!-0.00126129
pos   0.549881   0.0670721    0.102865    0.917786   0.0294871 -0.00126129
underflow!-0.0245859
pos   0.52232  0.0562895   0.101735   0.920517  0.0797189 -0.0245859
underflow!-0.0350435
pos  0.514412  0.0218351   0.142579   0.879328  0.0446106 -0.0350435
underflow!-0.0259312
pos  0.553467  0.0473712   0.149434   0.933532  0.0747291 -0.0259312
underflow!-0.0366716
pos   0.49133  0.0525251  0.0709491   0.855823 0.00875812 -0.0366716
underflow!-0.0380167
pos  0.509956  0.0836112  0.0747797   0.892193  0.0360411 -0.0380167
particle:1 position: 0.324146  0.563905  0.474055  0.470409  0.597174 0.0359063 cost:882139
XtPSO.mVec:  73.9378  0.268193   6.13053   32.5266   3.88604   80.9388   5517.86 0.0731211   37.7954   1176.18   18.5067   6588.04   19.6309   453.035    2406.2   287.012   5981.24    1.6543   8.62807   1.05974    21.841   197.317   24.2016   498.997   108.928    2605.1   319.523
underflow!-0.0141415
pos  0.496005  0.0805221  0.0771579   0.639265   0.062065 -0.0141415
particle:2 position: 0.554001 0.0785317 0.0844462  0.554709 0.0654272  0.111817 cost:1.27403e+08
XtPSO.mVec: 13.5832  2.70839  66.4851 0.496557  34.6508  50.1741   246.29  19.7808  4445.51 0.272863  1264.62  2531.75  19.5552  884.959  6.42571  483.312  668.098   182.99  1.39267  92.0378  137.943  33.4902   2285.2  3354.83  16.0392  25.2727  1724.61
underflow!-0.00953114
pos   0.546489    0.100957   0.0687418    0.873684   0.0407972 -0.00953114
underflow!-0.00917904
pos   0.508143     0.05052   0.0691746    0.943871   0.0385978 -0.00917904
underflow!-0.031904
pos 0.511965 0.0431787  0.105565  0.910114  0.143405 -0.031904
underflow!-0.000417226
pos    0.558328    0.0693393     0.547292     0.869541    0.0493796 -0.000417226
underflow!-0.0104949
pos  0.587804  0.0852669  0.0669031   0.890796  0.0940282 -0.0104949
underflow!-0.00707262
pos   0.524139   0.0706378    0.124431    0.901066   0.0181531 -0.00707262
underflow!-0.00613736
pos   0.567701    0.201568    0.101505    0.914769   0.0538705 -0.00613736
underflow!-0.0146781
pos  0.583269   0.475181  0.0615927   0.708715   0.323639 -0.0146781
underflow!-0.0180743
pos  0.694703   0.444182   0.291102   0.631542  0.0394284 -0.0180743
underflow!-0.0154002
pos  0.598093  0.0695739  0.0843534   0.888049  0.0608677 -0.0154002
underflow!-0.0266365
pos  0.502935  0.0210275   0.130336   0.853143   0.302838 -0.0266365
underflow!-0.00955147
pos   0.221135     0.36257    0.101654    0.575107   0.0705502 -0.00955147
underflow!-0.0322503
pos  0.560979    0.07087  0.0704368    0.93055  0.0362715 -0.0322503
underflow!-0.00497735
pos   0.604293    0.744189    0.103989    0.352812   0.0676185 -0.00497735
underflow!-0.0207229
pos  0.555836  0.0619529  0.0754801   0.902923  0.0817214 -0.0207229
underflow!-0.0151436
pos  0.501014   0.323759   0.238573    0.86247   0.385079 -0.0151436
underflow!0.000640102
pos   0.484516    0.334135    0.150227     0.93754   0.0393287 0.000640102
underflow!-0.014336
pos 0.579926   0.17158 0.0650389  0.891808 0.0946723 -0.014336
underflow!-0.0165667
pos  0.393679   0.435162   0.477866   0.377102  0.0699245 -0.0165667
underflow!-0.00411924
pos   0.541951   0.0355291    0.135693    0.920593   0.0630003 -0.00411924
underflow!0.000539464
pos   0.544303    0.085255   0.0793426    0.863954   0.0675275 0.000539464
underflow!-0.0248239
pos   0.31147   0.286921   0.214385   0.541973  0.0533596 -0.0248239
underflow!-0.00844775
pos   0.544677     0.34572    0.432497    0.611527    0.377192 -0.00844775
underflow!-0.00667062
pos   0.578199   0.0555339    0.138092    0.915192    0.100893 -0.00667062
underflow!-0.0331597
pos   0.61437  0.0965074    0.13661   0.931657  0.0935333 -0.0331597
underflow!-0.0113415
pos  0.398373  0.0715666   0.332499   0.795452  0.0502519 -0.0113415
underflow!-0.0339452
pos  0.392985   0.570252   0.148769   0.929317  0.0448442 -0.0339452
underflow!-0.0294753
pos    0.4283  0.0942763   0.088222   0.932273  0.0776352 -0.0294753
particle:1 position:0.418602 0.578576 0.337897 0.475437 0.521811 0.490453 cost:1.29913e+08
XtPSO.mVec:16.5191  10.164 63.5492 2.36878 41.0427 43.7822 317.298 128.783 4057.96 5.93584 1742.35 1926.12 139.133 1043.23 38.7381 680.907 718.733 650.351 24.3418 415.214 448.059 151.985 2596.08 2795.73 93.2176  104.71 1788.56
particle:2 position: 0.481157  0.389883  0.388478  0.498362  0.317296 0.0526671 cost:1.33662e+06
XtPSO.mVec:  68.9667  0.263568   11.1016   26.6126   2.93848   81.8864      4808 0.0707995   123.934   830.116   12.4794   6742.89   17.9589   764.896   1838.68    202.11   5641.95   2.94521   6.90516  0.790872   21.7242   291.346   33.2309   914.153    60.789      2149   245.114
underflow!-0.0116087
pos   0.57085  0.0917691   0.103727   0.898662  0.0901139 -0.0116087
underflow!-0.00270307
pos    0.55661   0.0326825    0.128147    0.663674    0.726441 -0.00270307
underflow!-0.0261948
pos  0.525267  0.0372842   0.136569   0.874582  0.0409678 -0.0261948
underflow!-0.0148974
pos   0.73852  0.0767186   0.158495    0.86497   0.775897 -0.0148974
underflow!-0.0115427
pos  0.596677  0.0863232   0.108245   0.910089   0.174872 -0.0115427
underflow!-0.0215244
pos  0.371194   0.344437   0.387399   0.887553   0.340016 -0.0215244
underflow!0.000106638
pos    0.58386    0.130266   0.0885771     0.90261   0.0572469 0.000106638
underflow!-0.0207076
pos  0.503264  0.0854289   0.137154   0.652791  0.0296982 -0.0207076
underflow!0.000645162
pos   0.653055   0.0778627    0.112396    0.892476   0.0642846 0.000645162
underflow!-0.00489337
pos   0.545435   0.0484496    0.114134    0.858493   0.0775506 -0.00489337
underflow!-0.0304196
pos  0.530341   0.626632  0.0833038   0.932505   0.405038 -0.0304196
underflow!-0.00523281
pos   0.224709   0.0238079    0.282529    0.624699    0.461307 -0.00523281
underflow!-0.00873245
pos   0.600464    0.342442    0.171211    0.715391    0.294195 -0.00873245
underflow!-0.00393097
pos    0.54354   0.0502778   0.0906892    0.894137    0.432558 -0.00393097
underflow!-0.0220737
pos  0.608794   0.187686   0.119179   0.633975    0.41036 -0.0220737
underflow!-0.0216116
pos  0.501617   0.199791   0.130012   0.681182   0.260146 -0.0216116
underflow!-0.00890194
pos   0.617627   0.0922249    0.094152    0.939167    0.194971 -0.00890194
underflow!-0.000438852
pos    0.559584    0.0634121    0.0761836     0.883446    0.0809177 -0.000438852
underflow!-0.00863493
pos   0.730818    0.489118    0.116694     0.46641    0.584116 -0.00863493
underflow!-0.0226018
pos  0.298024   0.370752   0.280751   0.214951    0.15686 -0.0226018
underflow!0.000700332
pos    0.48196   0.0518547    0.089781    0.662233   0.0872661 0.000700332
underflow!-0.0277229
pos  0.622108   0.282617   0.109152   0.856499  0.0325959 -0.0277229
underflow!-0.0199286
pos   0.20314    0.16182   0.469669   0.507162  0.0393337 -0.0199286
underflow!-0.0231652
pos  0.555521  0.0664969  0.0880418   0.904138   0.781508 -0.0231652
particle:1 position:0.632792 0.704409 0.321522 0.562481 0.449695 0.299503 cost:8.99844e+07
XtPSO.mVec:25.7285 3.88333 54.3399 3.30609   26.49 58.3349 722.911 18.2992 2969.15 12.9851 764.486 3421.78    88.1 1384.83 82.9426 692.457 1486.64 214.231 13.3442 100.271 229.982 182.528 1424.91 3187.44 77.6994 195.948 1529.67
particle:2 position: 0.741398  0.291458  0.288955  0.649619  0.231391 0.0366768 cost:884434
XtPSO.mVec:  69.5313  0.120057    10.537   26.1928   1.81055   83.0143   4886.15 0.0146914   111.686   818.608   5.68618   6932.16   8.24904   731.945   1824.95   125.494   5766.52   1.27375   3.08548  0.223159    10.035    271.34   19.5313     879.9   34.2562   2137.71   153.875
underflow!-0.0254238
pos  0.577126   0.492433    0.48927   0.783463  0.0484374 -0.0254238
underflow!-0.0115607
pos   0.62343   0.352311   0.455545   0.737178  0.0487557 -0.0115607
underflow!-0.00636654
pos    0.56966    0.529029    0.526631    0.809273    0.384327 -0.00636654
underflow!-0.00785597
pos   0.627072     0.42489    0.312418    0.645138   0.0813704 -0.00785597
underflow!-0.0133414
pos  0.600003  0.0882738  0.0937361   0.473511   0.641367 -0.0133414
particle:1 position: 0.231559  0.486232  0.376677  0.539272  0.495667 0.0612229 cost:2.80775e+06
XtPSO.mVec: 66.9557 0.739333  13.1126  25.3361  4.14878  80.6761  4534.87 0.557501  172.845  752.691  23.4267  6542.85  48.8645  877.003  1699.82  276.999   5395.8  9.75618  18.4769  3.12072  60.0254  328.332   55.206  1063.44  83.3118  2020.08  339.658
particle:2 position: 0.615614  0.236357  0.275196  0.717429  0.172784 0.0295082 cost:316003
XtPSO.mVec:  71.1044  0.105941   8.96395   27.1978   1.22838   83.5965    5107.2 0.0114334   80.8493    879.22   2.96122    7031.6   7.44865   636.838   1937.32   87.0862   5939.06  0.956317   2.82453  0.134061   8.91848   239.404   11.3145   753.989   23.5716   2232.64   105.517
underflow!-0.00258709
pos   0.410558    0.064328    0.297415    0.878376    0.244888 -0.00258709
underflow!-0.00322164
pos   0.609891    0.260813    0.272729     0.81733    0.060722 -0.00322164
underflow!-0.00177688
pos   0.628521    0.357944    0.113441    0.922921    0.185571 -0.00177688
underflow!-0.0150708
pos  0.798972   0.354055   0.396381   0.897921  0.0794246 -0.0150708
underflow!-0.013027
pos 0.596513  0.366457  0.668418  0.519547  0.209044 -0.013027
particle:1 position: 0.424101   0.45716  0.471523  0.566833  0.474491 0.0455804 cost:508354
XtPSO.mVec:  72.1629  0.242483   7.90545   29.9355   3.04418   81.7807    5258.7 0.0598304   62.8534   1019.21    12.281   6726.32   17.3111   570.084   2162.36   219.298   5897.44   1.92921   7.16116  0.752781   19.9574   233.683   24.5049   650.209   75.0341   2417.42   253.499
particle:2 position: 0.691475  0.151516   0.19063   0.82184  0.123817 0.0184703 cost:124216
XtPSO.mVec:   71.9139  0.0566784    8.15442    27.6139   0.785672    84.0392     5222.9 0.00327196    66.9187    907.571    1.52894    7107.82    4.03164     585.95    1989.12    56.3378    6038.83   0.465494    1.53267    0.04605    4.79739    220.882    6.60854     689.67    14.5501    2276.08    68.1257
underflow!-0.00382708
pos   0.400684   0.0807657     0.33382    0.691703    0.439571 -0.00382708
underflow!-0.00729298
pos   0.527497    0.262373    0.362125     0.66212    0.133804 -0.00729298
particle:1 position: 0.463148  0.408396  0.429971  0.607563  0.560354 0.0412571 cost:560443
XtPSO.mVec:   72.238  0.198327   7.83028   30.2305   3.21982   81.6051   5269.55 0.0400214   61.6619   1035.74   13.5251   6697.26    14.174   565.256    2185.8   232.213   5890.95   1.56284   5.91767  0.650823   16.2875   233.838   25.6585   642.624   80.8057      2437   267.407
particle:2 position:0.711704 0.172394  0.16808 0.849682  0.11076 0.015527 cost:72795.6
XtPSO.mVec:   72.2594  0.0521442    7.80892     27.856   0.677731    84.1472     5272.7 0.00276907    61.3688    922.331    1.23193    7126.53     3.7274    563.828    2015.99    48.8372    6075.83   0.410113    1.42248  0.0365742    4.41935    213.393    5.46286    661.322    12.5069    2298.49    58.9148
underflow!-0.00601983
pos   0.346933   0.0641557    0.209211    0.261274    0.292711 -0.00601983
underflow!-0.00471341
pos   0.591978    0.172334    0.247277    0.584701     0.31428 -0.00471341
particle:1 position: 0.571169   0.28871  0.315024  0.720237  0.335756 0.0292973 cost:201912
XtPSO.mVec:  72.3525  0.113937   7.71587   29.0688   1.85927   82.9656   5286.09 0.0132131   59.8931    978.12   5.25352   6924.74   8.15579   557.867   2105.69   134.245   5998.52  0.885028   3.25749  0.217096   9.51635   220.847   14.6755   644.006   42.0512   2374.68     157.8
particle:2 position: 0.714452  0.166998  0.165017  0.853464  0.108986 0.0151272 cost:66283
XtPSO.mVec:    72.312  0.0502547    7.75634     27.896   0.663271    84.1616     5280.3 0.00257198    60.5449    924.729    1.19345    7129.05    3.59501    560.439    2020.32    47.8312    6081.32   0.392591    1.37295  0.0344996    4.25995     212.27    5.31053    656.983    12.2393    2302.14    57.6777
particle:1 position:0.508205 0.161504 0.245912 0.836056 0.266798 0.239743 cost:9.59575e+07
XtPSO.mVec:22.8707 2.42934 57.1976 1.56795 26.1556 58.6693 588.184 8.43233    3291 3.12065 751.392 3462.53 45.8539 1291.27 34.4119 613.465 1324.49 141.718 4.03784 61.1268 145.365  91.446 1477.81 3375.67  35.546 93.7989 1515.84
particle:2 position: 0.728515 0.0928355   0.14934  0.877562 0.0999091  0.013081 cost:36388.7
XtPSO.mVec:   72.6026  0.0343024     7.4657    28.1267   0.587434    84.2375    5322.42 0.00119817    56.0896    938.467   0.998449    7142.24    2.46397    541.607    2044.97    42.5399    6111.45   0.257926   0.945058  0.0208652    2.91034    206.099    4.52651    632.932    10.8464    2323.03    51.1779
particle:1 position: 0.628945  0.202293  0.239138  0.799709  0.241792 0.0444325 cost:4.03282e+06
XtPSO.mVec:  64.7073  0.169005    15.361   21.6652   2.15595   82.6689   4239.29 0.0291901   237.279   594.332   9.33955   6872.35   10.7809   992.575   1407.09    138.88   5341.78   2.61424   3.58225  0.373471   14.0692    326.77   33.8088   1276.97   29.5881   1758.57   181.954
particle:2 position:0.544006 0.382171 0.140295 0.456659 0.597902  0.52971 cost:2.07417e+08
XtPSO.mVec: 4.19351  23.1158  75.8748 0.777945  64.7293  20.0956  25.5573  648.263  5789.54 0.619033  4242.48  406.117  72.8706  323.311  3.33607  269.719  85.6296  1728.34  17.6294  1503.85  457.754  59.4648  4902.73  1533.37  49.6213  15.7494   1298.5
particle:1 position: 0.641343  0.138252  0.248079  0.857249  0.151145 0.0234104 cost:98560.5
XtPSO.mVec:   72.1464    0.06686    7.92195    27.9348   0.884275    83.9406    5256.36 0.00455233    63.1566    924.148    1.74089    7090.88    4.77174    571.104    2018.52    63.6234     6051.4   0.533431     1.8301  0.0610609    5.65221    217.169     7.2183    669.206    17.0923    2301.09    76.4861
particle:2 position:  0.65842  0.148982  0.180803   0.70355  0.199229 0.0906163 cost:4.10231e+07
XtPSO.mVec: 42.2681 0.466343  37.8002  6.18205   9.4093  75.4156  1844.65 0.229894  1435.72   70.873  132.878  5714.82  18.9323  1590.68  259.973  403.135  3173.59  17.7959  2.91243  4.25986  35.5047  234.775  350.316  2864.41  31.0696  468.362   698.95
particle:1 position:0.803508 0.137316 0.247736   0.8581 0.149973  0.26698 cost:1.06238e+08
XtPSO.mVec:19.5017 2.02424 60.5666 1.07239 28.6239  56.201 446.991 7.74235 3690.41 1.39168 886.637 3177.58 29.0244 1162.16 19.9165 574.394 1078.39 125.385 2.30943 55.7052 116.347 66.1667 1714.25 3424.41 27.3082 61.3974 1590.69
particle:2 position: 0.687809    0.2943  0.181991  0.832541  0.125315 0.0404492 cost:7.14798e+06
XtPSO.mVec: 61.6189 0.210653  18.4494   18.256  1.87678  82.9481  3849.74 0.045454  342.259  456.956  9.82528  6918.45  12.7723  1134.86  1131.25  115.046  5102.32  3.91466  3.74332 0.404682  17.6003  329.685  35.2791   1538.8  16.5157  1481.98   158.66
particle:1 position:0.732785  0.11929 0.241137 0.874486 0.127396 0.147385 cost:5.58261e+07
XtPSO.mVec: 36.0687 0.638648  43.9996  3.23821  12.8372  71.9877  1362.55 0.447572  1946.48   23.828  224.817  5210.38  21.6416  1576.34   114.26  474.489  2579.06  28.4642  2.15257  7.81322  46.5703  144.982  553.266  3184.64    22.62  237.205  905.199
particle:2 position: 0.684427  0.208188  0.485307  0.440399  0.103323 0.0314943 cost:196589
XtPSO.mVec:   74.6342  0.0745067    5.43412    30.6193    1.08863    83.7363    5621.29 0.00564611    29.7176    1078.66    1.97944    7056.39    5.50614    405.359    2286.98    81.1238    6246.32   0.407661    2.24216  0.0833988     6.2818    163.646     6.0751    457.929    25.6337    2521.68    93.6134
particle:1 position:0.577574 0.114078 0.289788 0.706097 0.120869 0.299753 cost:1.01747e+08
XtPSO.mVec:21.0829 2.47239 58.9855 1.38178 27.8003 57.0246 509.662 9.51617  3499.9 2.32901 839.715 3271.07 41.2452 1226.08 27.9128 601.272 1185.32 148.836  3.6172 66.2429 143.888 83.0215 1621.31 3383.55 33.9695 80.2615 1567.41
particle:2 position:0.693501 0.696513 0.576821 0.556464 0.226563 0.317438 cost:4.63985e+07
XtPSO.mVec:40.7402 1.85052 39.3281 7.22196 13.3613 71.4636 1717.52 3.63316  1554.1 75.4172 225.912 5131.46 72.2102 1595.05 291.952 549.524 2898.39 73.4733 13.5964 24.2056 133.509 286.724 519.568 2823.96  69.863 521.009 944.113
particle:1 position: 0.53118 0.165776 0.272269 0.920693 0.392142 0.188598 cost:6.50412e+07
XtPSO.mVec:32.9828 1.27258 47.0855 3.53128   16.85 67.9748 1150.41 1.83102 2229.31 20.2915 345.891 4646.15 38.8297    1541 113.433 567.937 2224.66 60.7782 4.70718 20.5871 87.7422 169.508 780.507 3218.34 42.8761  244.71 1126.78
particle:2 position:0.701679 0.506065 0.446392 0.659243 0.185078 0.222264 cost:4.01374e+07
XtPSO.mVec: 43.001 1.21543 37.0673 7.13576 10.3792 74.4456 1906.34 1.55597 1380.44  82.931 150.878 5568.18 50.3152 1587.47 305.528 450.691 3188.26 45.4582 8.75954 12.3337 91.2978 265.941 380.041 2772.46 45.9994 534.113 763.271
particle:1 position: 0.577294  0.122653  0.247499  0.903582  0.206674 0.0814499 cost:1.8624e+07
XtPSO.mVec: 53.5554 0.324611  26.5129  12.4638  4.26205  80.5628  2922.58 0.108696  706.279  240.165  36.5473  6521.27  16.9996  1416.43  671.606  228.144  4304.01  8.66896  3.96532  1.38558  26.3417  325.749  113.172  2146.12   25.689  989.823  343.891
particle:2 position: 0.642619  0.274214  0.223355  0.821751  0.066219 0.0747444 cost:1.97575e+07
XtPSO.mVec:   52.89 0.407193  27.1783  11.0665  3.61267  81.2122  2851.98 0.171226  742.255  209.601  32.3184  6627.54  21.0433  1433.74   590.13  191.273  4284.21    11.15  4.39074  1.46596  33.3178  295.377  98.0073  2217.96  13.9312  882.601  292.866
particle:1 position: 0.608406  0.280264  0.380435  0.893072  0.167337 0.0365129 cost:123194
XtPSO.mVec:  72.0213  0.122661     8.047   27.8514  0.981745   83.8431   5238.34 0.0153221   65.1634   918.276   2.03308   7074.08   8.73867    579.11   2009.06   70.5131   6033.85   0.99404   3.34827   0.12426   10.3571   219.995     8.133   678.949   19.1378   2292.17   84.7392
particle:2 position: 0.677933  0.171229  0.196206   0.85572 0.0781573  0.448855 cost:1.74992e+08
XtPSO.mVec: 5.64451  12.5153  74.4238 0.392605  52.2924  32.5324  53.7311  235.407  5566.39 0.159457  2789.92  1063.61  40.3372  420.802  2.22659  294.322  183.943  919.512  4.80982  660.011  401.941  29.4549  3879.98   2433.2  20.0358  12.8754  1696.03
particle:1 position: 0.426392   0.17429  0.295244  0.869978 0.0804738 0.0270741 cost:60979.6
XtPSO.mVec:  72.3432   0.11886   7.72508   27.7791  0.583722   84.2412   5284.79 0.0143882   60.0656   919.554   1.04262    7142.8   8.50665   558.434   2012.91   42.1044   6089.67   0.92487   3.23122 0.0719503   10.0856   210.343   4.66532   655.009    10.414   2293.77    50.875
particle:2 position: 0.688775  0.145299  0.187791  0.865885 0.0818686   0.31611 cost:1.49265e+08
XtPSO.mVec: 9.35347  6.67063  70.7149 0.469181  42.8154  42.0095  129.824  82.1442  5025.41 0.232307  1891.81  1773.56  34.1975  653.242  4.29107  404.627  388.071  471.699  3.12659  285.833  280.222  33.5068  3013.31  2985.44  19.3084  19.9053  1790.11
particle:1 position:  0.59235   0.14716  0.404039  0.887881 0.0745172 0.0238597 cost:222535
XtPSO.mVec:    75.085  0.0623619     4.9833    30.4316   0.437959    84.3869    5688.75 0.00395593    24.9988    1075.08   0.514454    7168.62    4.63713    373.985    2286.72    32.8249    6333.04    0.31299    1.86136  0.0282901    5.30015    148.847    2.25767    423.328    9.35005    2520.58    38.2312
particle:2 position:0.677675 0.107296 0.319264 0.673307 0.217962 0.210479 cost:6.09247e+07
XtPSO.mVec: 34.4094 0.895835  45.6589  4.05183  15.5673  69.2576  1246.06 0.893731     2096  27.0798  301.776  4822.53  28.7399  1559.83  136.211  546.866  2366.03  41.4563  3.78501  13.4038  62.8829  188.286  699.242  3179.31  44.0702  285.601  1060.64
particle:1 position: 0.613415  0.114195  0.313338  0.901085 0.0701237 0.0214888 cost:75030.1
XtPSO.mVec:   74.2805  0.0548543    5.78786    29.6264   0.429819    84.3951    5568.65 0.00306192    33.7221    1027.21   0.564858     7169.9    4.03398    429.677    2202.89    31.8576     6265.3   0.319779    1.59262  0.0244571    4.66283    168.205    2.57636    491.715    8.58037    2452.67     37.567
particle:2 position: 0.685716 0.0792848  0.218053  0.815755 0.0926464  0.120056 cost:4.81465e+07
XtPSO.mVec: 39.1064 0.477467  40.9619  4.02779  10.4279   74.397  1589.19 0.244694  1686.53  38.2631  162.452  5563.47  17.7617     1593  155.632  416.643  2893.29  19.7769   1.9676  4.76353  35.9197  166.711  418.353  3063.16  19.3985  302.784  759.837
particle:1 position: 0.639126 0.0928276  0.269427  0.910215  0.491635 0.0557305 cost:5.55521e+06
XtPSO.mVec: 63.2061 0.153502  16.8622  21.3294   3.3058  81.5191  4047.47 0.024095  285.827  567.603  17.8729  6680.25  9.55741  1064.21  1352.62  208.152  5144.86  2.60583  3.21562 0.517215  12.5977  354.363  56.6223  1381.81  49.0222  1713.14  273.737
particle:2 position: 0.459322  0.263747  0.122679  0.700665 0.0892383 0.0623788 cost:4.28998e+07
XtPSO.mVec: 41.4206 0.818895  38.6477  4.52751  8.95484  75.8701  1774.31 0.711843  1501.15  49.0783  129.196  5784.98  32.4963  1593.13   186.36  378.037  3127.73  31.9707  3.75502  7.03477  62.7548  176.155  338.804  2946.87  16.4219  345.112  665.711
particle:1 position: 0.545752  0.198384   0.26629  0.894067  0.146271 0.0289871 cost:337888
XtPSO.mVec:  70.9355  0.110869   9.13285   26.7245  0.928946   83.8959   5083.24 0.0125248   83.9345   857.381   2.07661   7082.89   7.77592   647.276   1899.48   65.6794   5945.99   1.01981   2.90008  0.106434   9.36813   239.359   8.74313   771.037   16.4456   2198.79   80.3166
particle:2 position: 0.649505 0.0929226  0.242148  0.892202 0.0686971 0.0229392 cost:89383.3
XtPSO.mVec:   72.0802  0.0577927    7.98814    27.5049   0.511566    84.3133    5246.83 0.00340217     64.228    905.497   0.937871    7155.28    4.12064    575.333    1986.01    36.7599    6072.54   0.465037    1.55468  0.0307072    4.90838    215.258    4.23408    677.915    8.65967    2271.98    44.6911
particle:1 position: 0.545103  0.108015  0.299203   0.90538 0.0761617 0.0213487 cost:49357.1
XtPSO.mVec:   74.0486  0.0613474    6.01974    29.4171   0.458934     84.366    5534.27 0.00383004    36.4775    1014.53   0.629319     7164.8    4.49702    445.488    2180.65     33.907    6243.45    0.37196    1.76836  0.0291974    5.21297    173.701    2.86014    511.228     9.0863    2434.39    40.0846
particle:2 position:  0.68169 0.0842134  0.267667  0.777645 0.0765478 0.0181247 cost:90618.5
XtPSO.mVec:   74.3579  0.0400379    5.71039    29.7866   0.497742    84.3271    5580.15 0.00163111    32.8244    1035.72    0.66108    7158.12    2.94755    424.373    2217.01    36.9354    6266.84   0.230272     1.1692  0.0206408    3.40049     166.91    2.93931    484.727    10.2662    2464.81    43.4061
particle:1 position: 0.574309 0.0978218  0.279502  0.909756 0.0729254 0.0204749 cost:34010.8
XtPSO.mVec:    73.887  0.0555256    6.18135    29.2482   0.445826    84.3791    5510.38 0.00313786    38.4624    1004.87   0.623637    7167.05    4.06112    456.441    2163.52    32.8638    6230.69   0.345705      1.591  0.0256849    4.71908     177.31    2.85431    525.035     8.6628    2420.38    38.9632
particle:2 position: 0.711408 0.0881929  0.184977  0.858667 0.0905371 0.0147863 cost:12316.4
XtPSO.mVec:    73.315  0.0356837    6.75334    28.7879   0.537607    84.2873    5426.24 0.00129622    45.9054    976.949   0.828333    7151.01    2.58911    494.787    2113.26    39.3183    6175.43   0.242721     1.0063  0.0198805    3.02938    190.708    3.75434    572.949    10.3387    2379.71    46.8764
particle:1 position: 0.620261 0.0838563   0.25251  0.914993  0.391947 0.0192777 cost:152632
XtPSO.mVec:   73.7122  0.0472377    6.35607    30.2131    1.57711    83.2478    5484.59 0.00227002    40.6486     1048.9    3.78731    6972.91    3.44667    468.242    2229.04    116.059    6132.73   0.302271    1.40394  0.0763992    3.95896    189.065    10.2654     532.39     37.414    2476.23    134.451
particle:2 position: 0.691826 0.0784681  0.203326  0.889078  0.143691 0.0163321 cost:25246.9
XtPSO.mVec:   73.3079   0.037929    6.76042    28.9825   0.741579    84.0833    5425.19 0.00146431    45.9982    985.461    1.23513    7115.74    2.75178    495.265    2127.22    54.2396    6159.93   0.258239    1.07777   0.029062    3.21187    192.335    5.16986    572.111     15.134    2391.98    64.3103
particle:1 position: 0.563042  0.155896  0.235864  0.871472  0.078691 0.0820249 cost:2.13743e+07
XtPSO.mVec: 51.9497 0.385817  28.1186  10.5058   3.9709   80.854  2753.62 0.153909  794.459  192.243  37.0075  6568.82  19.5645  1456.82  550.074   206.73  4189.03  10.9309  3.95689   1.5222  31.4313  290.544  111.244  2284.44   14.911  835.437  319.883
particle:2 position: 0.683545 0.0814167  0.212778  0.914325  0.377637  0.355126 cost:1.48415e+08
XtPSO.mVec:  9.4527  6.10821  70.6156 0.830196  42.5147  42.3101  133.456   72.694   5011.5 0.727788  1866.11   1799.1  30.3926  658.384  7.65605  406.443  394.478  431.551  5.06784   259.92  258.569  59.2094  2987.83   3002.7  33.9085   35.476  1790.19
particle:1 position: 0.609407  0.106363  0.285657  0.900751  0.071183 0.0410906 cost:1.59229e+06
XtPSO.mVec:  67.9858  0.115784   12.0825   23.6705  0.829467   83.9954   4673.88 0.0136828   146.897   704.149    2.5222   7099.24   7.77243   820.472   1614.61   56.1222   5703.77   1.40933   2.67174 0.0995377    9.7974   279.728   10.3452    1021.2   10.4696   1944.62    71.918
particle:2 position: 0.686094  0.152678  0.176783  0.813241  0.215191 0.0957736 cost:4.65307e+07
XtPSO.mVec: 39.8734 0.507431  40.1949  4.97296   10.636  74.1889  1649.17 0.275084  1623.72  49.0383  163.587  5531.52  19.3009  1594.42  196.251  431.641  2942.87  20.6127  2.57468  5.20218  38.0451  201.765  420.004  2996.94  28.3683  372.368  775.243
particle:1 position: 0.647118 0.0779824  0.239924  0.916503 0.0660957 0.0211432 cost:29731
XtPSO.mVec:   72.6327   0.050826    7.43567    28.0136    0.46084    84.3641    5326.72 0.00263074    55.6534    934.374   0.780206     7164.2     3.6525    539.675    2037.87    33.3755    6123.08   0.380689    1.39308   0.024337    4.31925    204.114    3.55249    631.436    8.03035    2315.82    40.3074
particle:2 position: 0.60314 0.465057 0.494055 0.844657 0.148786 0.055484 cost:430265
XtPSO.mVec:  70.6683  0.213955   9.40004    26.548   1.12273   83.7022   5045.43 0.0466452    88.909    845.47   2.72646   7049.53   14.9479   663.693   1879.91   79.0808   5909.82   2.02544   5.56244  0.247809   18.0354   244.869   10.8565   791.686   20.2423   2180.42    96.671
particle:1 position: 0.558944 0.0747553 0.0997716  0.917944 0.0652483 0.0200755 cost:6.21608e+06
XtPSO.mVec:   62.4612  0.0872061    17.6072    18.4822    1.13727    83.6876    3954.68 0.00778818    311.611    472.131    5.75205    7044.78    5.36115    1097.71    1159.36    70.8823    5218.85    1.54655    1.57101   0.101084     7.3513    319.921    20.2168     1481.5    7.78517    1508.42    97.5301
particle:2 position:0.667598 0.206199 0.245855 0.820054 0.173009 0.170374 cost:6.56641e+07
XtPSO.mVec:32.5358 1.07417 47.5325 2.66677 16.2342 68.5907 1121.93 1.32059 2272.24 13.7638 328.435 4731.55  32.186 1533.77 84.0631 541.964 2213.27 51.8338 3.02505 16.6153 74.7974 129.584 757.302 3278.91 28.7211 186.992 1092.81
particle:1 position: 0.640446  0.112131  0.221512  0.917085  0.104554 0.0671527 cost:1.57901e+07
XtPSO.mVec:  55.2724  0.238631   24.7959   13.0416   3.03683   81.7881   3109.14 0.0586454   617.916   268.835   23.7771   6722.78   12.9171   1367.33   726.413   167.566   4510.07   5.96079   3.02897  0.728789   19.6614    317.09   75.6445   2038.16   15.3133   1045.88   249.517
particle:2 position: 0.680877  0.109843  0.205363  0.858074 0.0795695 0.0186214 cost:50297
XtPSO.mVec:   72.4202   0.049394    7.64814    27.8844   0.542623    84.2823    5295.92 0.00248472    58.8758    925.954   0.946195    7149.96    3.53891    553.461     2022.6    39.1836    6099.15   0.380521    1.34787  0.0278081    4.19334    209.037    4.29563    648.814     9.6446    2303.41    47.3451
particle:1 position: 0.636033 0.0759775  0.329851  0.916249 0.0586184 0.0260504 cost:8257.79
XtPSO.mVec:   73.4026  0.0585456    6.66568     28.739   0.423909     84.401    5439.09 0.00348933    44.7259    975.857   0.638266    7170.77    4.25313    488.955    2112.27    31.0354    6191.16   0.393087    1.64728  0.0257819    4.97728    187.788    2.92968    566.321    7.79933    2377.78    37.0957
particle:2 position: 0.678747 0.0826893  0.213188  0.895414 0.0713181 0.0439235 cost:5.78241e+06
XtPSO.mVec:  62.8626  0.121154   17.2058   19.0413   1.32889    83.496   4004.37 0.0150265   297.752   495.108   6.48823   7011.98   7.49939    1079.8   1203.75   83.0599   5240.05    2.1001   2.24046  0.165595   10.1914   319.976      23.4   1444.93   10.7462   1552.71   113.564
particle:1 position: 0.687568 0.0860691  0.300481  0.827224  0.134111  0.109909 cost:2.33236e+07
XtPSO.mVec: 50.8609  0.33114  29.2074  10.4756   4.9748  79.8501  2641.91 0.113535  857.059  182.547  48.4837  6405.84  16.4204  1481.38  535.876   253.68  4049.94  9.74481  3.40949  1.63558  26.6414  302.334  144.714  2343.11  23.5548  826.552  395.634
particle:2 position: 0.684438 0.0901815  0.262704  0.840703 0.0740469 0.0435177 cost:2.78865e+06
XtPSO.mVec:   66.189  0.109591   13.8794   22.0911    1.0408   83.7841   4433.07 0.0122698   193.804   627.825   3.76335   7062.34   7.15589   917.426    1468.1   68.5249   5538.14   1.53231    2.3577  0.117929   9.24997   299.795   14.8671   1169.92   11.7164   1809.73   89.7478
particle:1 position: 0.659328  0.080539  0.304824  0.894241 0.0639022 0.0792028 cost:1.0935e+07
XtPSO.mVec:  58.5907  0.218194   21.4776   15.5088   2.16528   82.6596   3486.32 0.0488838   463.742   355.586   14.0927   6868.98   12.5532   1255.83   915.243   126.324   4833.25   4.72086   3.28607  0.480184   18.1689    325.75   47.0978   1784.78    13.228    1253.7   181.263
particle:2 position: 0.713886  0.159994  0.224776  0.846817 0.0672134  0.218644 cost:9.65518e+07
XtPSO.mVec: 22.2903  1.75395   57.778 0.933789  25.4265  59.3984  564.321  5.01371  3358.94  1.21542  716.231  3549.99  31.1411  1269.23  19.7623  584.428  1304.83  103.652   1.7618  42.4963  106.559   55.166  1449.05  3453.15   20.051  56.7132  1489.69
particle:1 position: 0.647869 0.0830246  0.341635  0.856428 0.0583017  0.114269 cost:1.96171e+07
XtPSO.mVec: 52.9563 0.343416   27.112  11.3507  3.76686   81.058  2858.97 0.121773  738.618   215.22  33.3068  6602.21  17.7711  1432.07  605.709  199.619  4281.52  9.38029  3.80408  1.29069  28.0447  302.522  102.029  2208.28  16.3332  904.464  305.042
particle:2 position: 0.718136  0.105642  0.209227  0.694925 0.0786398 0.0592472 cost:1.34174e+07
XtPSO.mVec:  56.8204  0.182924   23.2479   14.3441   2.73568   82.0892   3282.34 0.0344074   543.229   311.153   19.5371    6773.1   10.1924   1318.08   820.938    154.97   4654.18   4.28377   2.55343  0.505884   15.1261   326.802   64.1364   1918.16   16.2882   1153.89   226.481
particle:1 position: 0.649942 0.0885457    0.3188  0.894871  0.058275 0.0432752 cost:1.22609e+06
XtPSO.mVec:  68.6535  0.105504   11.4148   24.2532  0.734217   84.0907   4765.02 0.0113575    131.12   733.731    2.0887   7115.87   7.15415   782.791   1670.19   50.1767   5766.67   1.21325   2.49519 0.0803718    8.9378   270.788   8.66271   965.938   9.54263   1994.84   63.8165
particle:2 position: 0.718315  0.110973   0.29386  0.794375 0.0703127 0.0881111 cost:1.53654e+07
XtPSO.mVec:  55.5482  0.253964   24.5201    13.313   3.04778   81.7771   3139.64 0.0664025   604.247   276.571   23.4729      6721   13.8192   1358.92   745.085   168.956   4532.14   6.27301    3.2921  0.779234   20.9211    320.16    75.129   2015.23    16.309   1067.76   250.563
particle:1 position: 0.705368 0.0889663  0.254721   0.86444 0.0562749 0.0207617 cost:6572.88
XtPSO.mVec:    73.188  0.0462838    6.88033    28.5308   0.418169    84.4067    5407.64 0.00218101    47.6528    964.095    0.65076    7171.73    3.35224    503.214    2090.99    30.5227    6173.34   0.320773    1.29252  0.0201146    3.93518    192.399    2.98409    584.596    7.52211     2360.3     36.609
particle:2 position: 0.719993 0.0952962  0.315268  0.839073 0.0720031  0.224791 cost:6.82919e+07
XtPSO.mVec: 31.4948 0.963724  48.5736  2.20261  16.7006  68.1243  1056.26  1.09017  2373.23  10.0767  345.943  4668.14  27.6983  1516.12  66.8534  541.101  2126.35  47.5785  2.25932  15.2673  66.7287  109.595  795.551  3328.45  24.0967  153.706  1115.76
particle:1 position: 0.715696  0.190558   0.26402  0.856841 0.0562026  0.137044 cost:4.41223e+07
XtPSO.mVec: 40.8446 0.637593  39.2237  4.43719  9.25921  75.5657  1727.13   0.4324  1546.25  47.2622  135.896  5738.92  24.9132  1594.17   180.05  385.572  3071.22  25.2673    2.866   5.6637  48.6782  175.105  355.764  2978.89  17.0426  337.343   685.39
particle:2 position:  0.50971  0.126384  0.252228  0.759047 0.0693653 0.0994399 cost:2.73398e+07
XtPSO.mVec: 48.7396 0.491082  31.3287  8.58018  5.36066  79.4642  2431.23 0.250615  986.094  137.321  57.6854  6344.21  23.2708   1522.2  420.655  262.926  3861.01  15.5069  4.14606  2.58906  39.3329  265.933  166.314   2501.2  17.6721  674.526  421.851
particle:1 position: 0.728428 0.0936725  0.232529  0.847207 0.0608475 0.0192443 cost:8672.26
XtPSO.mVec:   73.0831  0.0432458    6.98519     28.453   0.442112    84.3828    5392.32 0.00190416    49.1153    959.323   0.697876    7167.54    3.12759    510.146    2082.34    32.2238     6162.7   0.304283    1.20441  0.0198619    3.67582    194.807    3.20149    593.326    7.97724    2353.27    38.6767
particle:2 position: 0.668628 0.0991778  0.172472  0.859448  0.301291  0.036407 cost:5.98186e+06
XtPSO.mVec:  62.6872  0.114312   17.3811   20.1257   2.58185    82.243   3982.29 0.0133705   303.722   523.087   13.0202   6800.34   7.05634   1087.85    1266.8   161.143   5147.49   2.00069   2.25176  0.301522   9.46681   343.789   45.6592   1437.15   32.3158   1626.34    216.12
particle:1 position: 0.74022 0.110183 0.288309 0.857075 0.136954 0.019064 cost:129556
XtPSO.mVec:  74.5054  0.040596   5.56292   30.1331  0.697289   84.1276   5602.09 0.0016766    31.148   1053.77   1.01418   7123.63   2.99475   414.242   2247.03   51.8585   6264.54  0.227426   1.20045 0.0292238   3.43935   164.635   3.99894   471.049   15.3143   2489.75   60.4758
particle:2 position: 0.701687  0.118805  0.216922  0.856743 0.0792391 0.0195922 cost:47309.2
XtPSO.mVec:   72.4529  0.0508182    7.61541     27.918   0.544902      84.28    5300.66 0.00263002    58.3733    927.799   0.946455    7149.57    3.64265    551.345    2025.94    39.3664    6101.76   0.389817    1.38844  0.0287286    4.31412    208.393     4.2952    646.022    9.72231     2306.2    47.5394
POSMAT:
 0.638687   0.10926  0.213778  0.858033 0.0579157  0.017296
  0.74022  0.110183  0.288309  0.857075  0.136954  0.019064
 0.701687  0.118805  0.216922  0.856743 0.0792391 0.0195922
 0.705894  0.113832  0.290263  0.857488 0.0600466 0.0248521
 0.691725  0.102775  0.225418  0.883842 0.0638423  0.018372
  0.67763  0.126517  0.225179  0.849272 0.0561317 0.0184231
 0.714932  0.119845  0.243895  0.848489 0.0597662 0.0416054
 0.711281  0.139979  0.230712   0.81686 0.0632675 0.0191882
 0.688763  0.108705  0.386008  0.880272   0.18916 0.0177358
 0.707695    0.1267  0.234051  0.840958  0.101597 0.0282108
  0.70401  0.119765  0.247917   0.80445  0.084367 0.0366423
 0.711362  0.117622   0.22816   0.84478 0.0567214 0.0197359
 0.689188  0.108484   0.24594  0.880656 0.0710319 0.0188188
  0.72086  0.136771  0.271983  0.826061 0.0728314 0.0183328
 0.684526  0.124616  0.233686  0.872425 0.0786065 0.0187223
 0.834964  0.153853  0.234324  0.917248  0.115888  0.509562
 0.708168  0.118918  0.207249  0.846047 0.0579283 0.0199756
  0.67762  0.118871  0.233224  0.850044 0.0497049 0.0686756
 0.709223  0.112393  0.246284  0.848698 0.0924574 0.0229216
 0.712993  0.122618  0.232684  0.850827 0.0595592 0.0294788
 0.707198  0.120632  0.224967  0.804776 0.0609477 0.0532372
 0.701548  0.125799  0.227012  0.858979 0.0608477 0.0187583
  0.65954  0.213598  0.278268  0.777176   0.06247 0.0873882
 0.560259  0.102027  0.425257  0.883749  0.284807 0.0289091
 0.702677  0.114737   0.23424  0.863747 0.0714321 0.0192219
 0.684049  0.123464  0.224149  0.855901 0.0545403 0.0822815
  0.70857  0.121739  0.243214  0.853603  0.057317 0.0296212
 0.714946   0.11967  0.232724  0.838147  0.145822  0.122795
 0.701327  0.115263   0.25226  0.846579 0.0947131 0.0313003
 0.676147  0.112805  0.221908  0.841886 0.0738852 0.0248121
   0.6723  0.121499  0.250013  0.852356 0.0716022  0.091057
 0.709626  0.116222  0.227909  0.853795 0.0585912 0.0183463
  0.67272  0.155493  0.224539  0.836377 0.0821608 0.0593263
 0.710083  0.110515  0.238085  0.849993 0.0630724 0.0347583
 0.694373  0.174373  0.233135  0.784548  0.062661 0.0198993
 0.700935   0.12629  0.224859  0.855472 0.0599009  0.018586
 0.716226  0.188597  0.227749  0.841749  0.058914 0.0285049
 0.689781  0.142138  0.233829  0.829214 0.0710082 0.0348478
 0.561773  0.117671  0.360243   0.83116  0.208742 0.0199953
   0.6624   0.13246  0.268767  0.847656  0.129321 0.0208749
 0.704481  0.120048  0.256689  0.856069 0.0642638 0.0205284
 0.676133  0.114116   0.27001    0.8571 0.0849833 0.0182452
  0.70018  0.117451  0.226637  0.845173  0.135977 0.0186011
 0.713368  0.119204  0.227628  0.853357 0.0639581 0.0196078
 0.693095  0.108219  0.238244  0.867974 0.0663176 0.0336633
 0.466249  0.336588  0.241091  0.770096  0.403197 0.0215782
 0.700043  0.121279  0.224208  0.845676 0.0558334 0.0210617
 0.705459  0.139135  0.228153  0.783253 0.0727686 0.0187576
 0.601956  0.056239  0.162696  0.740114 0.0455588 0.0129474
 0.715909 0.0984352  0.418422  0.852615 0.0591208 0.0183606
  0.68469  0.181791   0.23248  0.844966  0.148979  0.057386
 0.697233  0.122535   0.22698  0.863171 0.0622783 0.0183928
 0.694353  0.279182  0.322888   0.87641  0.154895 0.0263338
  0.69962  0.122901  0.256178   0.83582 0.0539109 0.0818812
 0.680973  0.121665  0.244982  0.849936 0.0617172 0.0392012
 0.679678  0.133882  0.222769  0.870256 0.0657098 0.0340046
 0.706122  0.120749  0.225702  0.858406 0.0586071 0.0463351
 0.704293  0.113289   0.23035  0.859228 0.0602882 0.0185721
 0.691198  0.123634  0.241717  0.857341 0.0954085 0.0730397
 0.705241  0.123851  0.222611  0.855878 0.0640097 0.0351691
 0.714637  0.118674   0.33981  0.831911 0.0735505 0.0197339
 0.672552 0.0975146  0.330131  0.880176 0.0716019 0.0200152
 0.694144  0.117046  0.315108  0.872451  0.139473 0.0643421
 0.725339  0.121844  0.557868   0.86047  0.297192  0.309505
 0.693232  0.197353  0.308006  0.861964 0.0674816 0.0333015
 0.690895  0.141897  0.249993  0.869248 0.0631862 0.0577692
 0.692472  0.107039  0.226547  0.875294 0.0590078 0.0226842
 0.717705  0.197382  0.223554  0.847066 0.0571479 0.0180671
 0.721817  0.125029  0.211246  0.861642 0.0833628 0.0177017
 0.720696  0.114198  0.231303  0.862674  0.242215 0.0339878
 0.611463  0.167942  0.250899  0.846289 0.0597496 0.0995273
 0.711822  0.124515  0.228757  0.808774 0.0601168 0.0821243
 0.703807  0.145705  0.224262  0.850589 0.0710052  0.041158
 0.645592  0.107809  0.297761  0.877061 0.0607897 0.0262949
 0.646863  0.128045  0.320333  0.859034  0.175097 0.0237219
 0.652159  0.112224    0.2657  0.858189  0.068079 0.0191277
 0.676446  0.122927  0.225449  0.848179 0.0571886 0.0433942
 0.716975  0.108676  0.327056  0.839449 0.0803922 0.0487314
 0.694548  0.122576  0.224521  0.846491 0.0555528 0.0239537
  0.71454  0.114337  0.223875  0.850005 0.0562183 0.0182308
 0.684022 0.0990439  0.242543  0.888447 0.0655244 0.0197486
 0.648122  0.120305  0.232772  0.797281 0.0741179  0.025309
  0.64064  0.119715  0.301137  0.874984  0.147108 0.0272512
  0.69882  0.111552  0.228253  0.830003  0.080252 0.0191303
  0.69489   0.11538  0.268535  0.849273 0.0632907 0.0404135
 0.690123  0.182099  0.235374  0.849387  0.144355 0.0191105
 0.687266  0.246458  0.404984  0.835753  0.221799  0.237734
  0.69582  0.154322   0.33812   0.82324  0.146795 0.0307116
 0.712028   0.13558  0.236473  0.844809 0.0661256 0.0190524
 0.720203  0.184251  0.286791   0.84208 0.0606536  0.103717
 0.692932   0.17331  0.220162  0.881361 0.0553848 0.0291307
 0.630971   0.17326   0.24937  0.850449  0.159479  0.126906
 0.678864   0.13771  0.213717  0.867673 0.0695675 0.0965639
 0.694228  0.132263  0.225938  0.820033 0.0536669 0.0205666
 0.623379  0.175401  0.246338  0.850023  0.156164  0.168516
   0.6983  0.107147  0.232059  0.871227 0.0580372 0.0182337
 0.661978  0.251502   0.36004  0.821922 0.0733882 0.0205748
 0.701743  0.128311  0.229444  0.861697 0.0658155 0.0645419
 0.732249  0.108209  0.243146  0.861206 0.0845608 0.0296199
 0.711484  0.116492  0.230438  0.853029 0.0553326 0.0182516
 0.692924  0.134921  0.278325  0.803441 0.0574693 0.0653742
 0.678299  0.157977  0.233248  0.850956 0.0579975   0.11257
 0.683261  0.143369  0.252068  0.837053 0.0559719 0.0220441
 0.708251  0.119511  0.224782  0.855199 0.0564114 0.0235719
 0.708046  0.154314  0.222986  0.849976  0.204599  0.181289
 0.713537  0.129265  0.333145  0.847686 0.0620989 0.0187531
 0.716509  0.123478  0.249045  0.818655  0.104955  0.051391
 0.722387  0.112716  0.232079  0.850888 0.0597073 0.0194413
 0.725409  0.129603  0.210917  0.777923 0.0714324  0.100154
 0.707165  0.120176   0.22465  0.851728 0.0841399 0.0182581
  0.68555  0.133246   0.22944  0.853301  0.128563 0.0704377
 0.684242   0.18051  0.230053  0.853046  0.116434 0.0193367
 0.715265  0.113136  0.226221  0.853809 0.0578842 0.0221125
 0.702107    0.1218   0.23259  0.843693 0.0983764  0.019481
 0.607968   0.10983  0.224433  0.859494 0.0595417 0.0182031
 0.682832  0.174089  0.225257  0.849292 0.0610798   0.12155
 0.733588  0.138637  0.229453  0.872025  0.120499 0.0184389
 0.750279  0.105015  0.379134  0.841898   0.09057 0.0215908
 0.704867  0.118158  0.228072  0.853675 0.0644794 0.0185608
 0.662192  0.173474  0.244573  0.863278 0.0636876  0.049111
 0.709501  0.116173  0.231599  0.852423 0.0571805 0.0366846
 0.721699  0.111172  0.224002  0.849421 0.0583628 0.0579129
 0.636154  0.124365   0.25886  0.850228 0.0560186 0.0965325
 0.700102  0.135818  0.233151  0.826345 0.0800341 0.0303611
  0.70691  0.208453  0.214019  0.825102 0.0748473 0.0196263
 0.702663  0.150397  0.262752  0.813047 0.0569336 0.0353623
 0.689084  0.130539  0.220336  0.817488 0.0726645 0.0183536
 0.717557  0.110669  0.500289  0.850901 0.0767054 0.0289422
 0.711816  0.156466  0.211387  0.855113  0.113161 0.0429213
 0.633441  0.113379  0.225138  0.853715 0.0592756 0.0841464
 0.684507  0.163939  0.252138  0.874174 0.0629459 0.0193152
 0.703363  0.123754  0.249377  0.862367 0.0588569 0.0185941
 0.684327  0.137216  0.212232  0.771942 0.0597572  0.083564
  0.68241 0.0920529  0.224729  0.895322 0.0674583 0.0185965
 0.702318  0.113711  0.226372  0.849309 0.0556645 0.0182266
 0.717627  0.108634  0.272513  0.762373  0.174748  0.085833
 0.694633  0.113195  0.224788  0.860997 0.0609232  0.021396
 0.723286  0.102016  0.226895  0.849457 0.0562338 0.0183817
 0.709996  0.129428  0.224862  0.851205 0.0661532 0.0203721
 0.715036  0.106273  0.225437  0.845137  0.143261 0.0835994
 0.683665  0.116155  0.261231  0.840739 0.0911286 0.0613522
 0.694248  0.105428  0.255705  0.856183   0.10068 0.0325232
 0.690472  0.154153  0.237209  0.862017  0.137212 0.0897097
 0.643587  0.100655  0.229557  0.876087  0.129888  0.021025
 0.708335  0.117509  0.251298  0.852282 0.0604625 0.0182993
 0.703374    0.2006  0.308575  0.854883  0.112714 0.0309787
 0.704914  0.135856  0.228336  0.853274 0.0615749 0.0441797
 0.696225  0.113849  0.217459  0.863359 0.0571578 0.0188166
 0.699756  0.118952   0.22674  0.850721 0.0732064 0.0286087
  0.68707  0.137369  0.234667  0.850777 0.0531335 0.0263996
 0.686682   0.15958   0.22319  0.764306  0.221071 0.0176383
 0.706625  0.120007   0.22516  0.844582 0.0572744 0.0182475
 0.624784  0.113327  0.234521  0.812263 0.0938623  0.017081
 0.671756  0.117883  0.273985  0.825758 0.0624434 0.0435834
 0.660879  0.109381  0.223384  0.855938 0.0573041 0.0186524
 0.691682  0.108007  0.230783  0.858207 0.0733869 0.0195718
 0.709715  0.148791  0.225893  0.827807 0.0784159 0.0370229
 0.666977 0.0846213  0.241577  0.896387 0.0881121 0.0149037
 0.715446  0.302369  0.249077  0.731929 0.0880584 0.0555362
 0.711104  0.124857  0.226496  0.837482 0.0626207 0.0183297
 0.704905  0.113336  0.242621  0.846852 0.0712724 0.0199147
 0.703031  0.113661  0.222334  0.851325 0.0617583 0.0233126
 0.718816  0.131043  0.238645  0.837075 0.0590537 0.0182003
 0.721504  0.200063  0.245588  0.843675 0.0510799  0.018594
 0.701354   0.17476  0.237311  0.852991 0.0553081 0.0361213
 0.590923  0.242264  0.237548   0.84631  0.241615  0.162045
 0.714924  0.140369  0.229957  0.852651 0.0771389 0.0184926
 0.699946  0.111855   0.22316  0.864936 0.0775921  0.018104
 0.713801  0.177256  0.229758   0.82466 0.0662893  0.101999
 0.695787  0.105477  0.224945  0.863153 0.0593917 0.0200433
 0.702841  0.126349  0.225892  0.841055 0.0641008 0.0184168
 0.583591  0.206926  0.262144  0.744955 0.0641149 0.0887425
 0.695587  0.145014  0.245839   0.83036 0.0608741 0.0205393
 0.725032  0.107163  0.261346  0.846774 0.0593533 0.0628262
 0.604986  0.284263   0.22632  0.775426   0.10094 0.0211354
 0.690772  0.103193   0.22511  0.848528 0.0575415 0.0183826
 0.709032  0.128264   0.29133  0.854986 0.0828613  0.018653
 0.700278  0.138375  0.224236  0.870872 0.0842515 0.0185606
 0.703064  0.277076  0.227632  0.851478  0.188255 0.0860424
 0.718538  0.121643  0.235129  0.851256  0.167295  0.114473
 0.707769  0.136254  0.228163  0.841673  0.149417 0.0192969
 0.706666  0.119018  0.241305  0.783131 0.0597909 0.0892695
 0.641513  0.111548  0.200782  0.835683 0.0895239 0.0195179
 0.686448  0.134921  0.227692  0.837813 0.0656916 0.0386027
 0.701533  0.131013  0.225917  0.863416 0.0564204 0.0491716
 0.704883  0.138142  0.242428  0.834196  0.074345 0.0181549
 0.710255  0.114881  0.227217  0.851494  0.055974 0.0193113
 0.727293   0.10937  0.394647   0.70618  0.229719   0.25315
  0.70876  0.129276  0.241358  0.846966 0.0564382 0.0185538
  0.69374  0.124839  0.269819  0.852128  0.112464  0.112585
 0.705282   0.13435  0.225845  0.815722 0.0596995 0.0648534
 0.723181  0.103034  0.225563  0.849225 0.0585779 0.0183252
 0.565285 0.0929742  0.278047  0.877559  0.122221 0.0217516
 0.710427  0.117669  0.224764  0.823208 0.0557675 0.0202059
 0.705132  0.116505  0.249292  0.872994 0.0573807 0.0558396
 0.711656  0.113419  0.239861  0.853565  0.055746 0.0185657
   0.7112  0.136705  0.268632  0.834745 0.0614586 0.0570486
 0.714823   0.10978  0.291385  0.846018  0.133236 0.0446803
 0.644953   0.12059  0.259392  0.817772  0.068576 0.0184844
 0.696179   0.12233  0.226732  0.860796 0.0618312 0.0185801
 0.714394  0.212504  0.270192  0.763724  0.143349 0.0325504
 0.701755  0.119763  0.224483  0.821157 0.0881593  0.036541
 0.710157  0.149271  0.301724  0.851186  0.148962   0.10405
 0.704248  0.123544  0.229008  0.856293 0.0552584 0.0645864
 0.659772 0.0852136  0.219075  0.854547 0.0698598 0.0176283
 0.673921  0.132488  0.224169  0.857123 0.0642242 0.0180862
 0.683842  0.117933  0.279794  0.813524  0.093713  0.018638
 0.694985  0.116533  0.222363  0.836146 0.0603911  0.020185
 0.681459  0.212839  0.226835   0.87901  0.172561 0.0810617
 0.705804    0.1219  0.229862  0.855202 0.0607405 0.0187926
 0.710563  0.117888  0.175439  0.853189  0.495342 0.0182534
 0.696381  0.116753  0.280403  0.795296 0.0593684  0.129038
 0.689305  0.113842   0.23067  0.881992 0.0702564 0.0204201
 0.703514  0.122939  0.224268  0.856914 0.0559237 0.0187607
 0.692765  0.243477  0.269027  0.713174  0.102227 0.0603717
  0.71187   0.11305  0.220586  0.856496 0.0686714 0.0308818
 0.716295  0.147002  0.207779   0.85156 0.0891248 0.0283571
  0.69765  0.102002   0.23441  0.855501 0.0871054  0.034509
 0.698688  0.152854  0.222621  0.834957  0.173403 0.0219134
 0.655425   0.12909  0.189018  0.871615 0.0488354 0.0527658
 0.701234  0.159127  0.230685   0.84386  0.068712 0.0504597
 0.706383  0.126893  0.223591  0.827293 0.0601079  0.108685
 0.624832  0.180213   0.22061   0.85456 0.0855567 0.0188042
 0.704428  0.123367  0.224342  0.856232 0.0552844 0.0184709
 0.710524  0.108445  0.420957  0.775279 0.0635607   0.38785
 0.692067  0.111287  0.226837   0.85741  0.059866 0.0185118
 0.697264  0.104963  0.224397  0.866892 0.0585324 0.0204863
 0.706221  0.131595  0.237812  0.855291 0.0629051 0.0254156
 0.613278  0.127811  0.335513  0.713564 0.0555849  0.141595
 0.703264  0.114954  0.225703  0.860547 0.0578737  0.245928
 0.646642  0.153807  0.229365  0.857069 0.0641969 0.0180329
 0.711703  0.113615  0.225862  0.844294  0.065581 0.0226766
 0.662465  0.119893  0.284832  0.831914  0.241896  0.018412
 0.706245  0.113192  0.230766    0.8429 0.0585118 0.0186805
 0.687892  0.128039  0.259749  0.860489 0.0711631 0.0245819
 0.711077  0.117164  0.231734  0.835518 0.0568434 0.0517011
 0.626753  0.167883  0.225983   0.84747 0.0574792 0.0195008
 0.633238  0.132474  0.193754  0.603699  0.335932 0.0421911
 0.678605  0.117142  0.238734   0.80956  0.058955 0.0314124
 0.705034  0.111236  0.237503  0.852851 0.0685509 0.0228596
 0.699395  0.129772  0.233958  0.832476 0.0638902 0.0320395
 0.693425  0.144304  0.279939  0.853326   0.13475 0.0183063
 0.541274  0.113131  0.227739   0.85208  0.111603  0.109276
 0.734054  0.103413  0.228087  0.870258 0.0778029 0.0198098
 0.702268  0.138632  0.285507  0.857076  0.129069  0.019171
 0.708567  0.126234  0.235409  0.845352 0.0580254  0.019214
  0.71763  0.155796   0.26441  0.864615  0.110836 0.0837169
 0.701006  0.227602  0.222777   0.73297  0.127754  0.188656
 0.714379  0.140777  0.269697  0.829803 0.0621421 0.0196646
  0.67613  0.143619  0.239539   0.84393 0.0579019 0.0229902
 0.705921  0.214256  0.261999  0.863085 0.0755797 0.0286906
  0.68455  0.157394   0.26824  0.847964 0.0650404 0.0492729
 0.715534  0.149276  0.219117  0.875718  0.210318 0.0185414
 0.707902  0.236865  0.228087  0.845913 0.0801764 0.0186737
 0.734648 0.0944471  0.247668  0.793819  0.170919 0.0166636
 0.652504  0.126111   0.24311  0.849383  0.201789  0.109883
 0.646795  0.109901   0.26685  0.847768 0.0837492 0.0206672
 0.733984  0.161296  0.224415  0.858384  0.149537  0.128096
 0.705131  0.119304  0.260151  0.851908 0.0593155  0.021959
  0.65704  0.154789  0.225517  0.856299 0.0589881 0.0205675
 0.700641  0.261323  0.241972  0.843309  0.105314 0.0555888
 0.761865  0.265107  0.333516  0.683732  0.180381 0.0237824
 0.695875  0.114741  0.223399  0.862766 0.0567081 0.0181218
 0.690447  0.141808  0.237806  0.869476 0.0588379 0.0193555
 0.699666  0.160356  0.263754  0.858961   0.12532 0.0327783
 0.695108  0.112084  0.225633  0.865574  0.062633 0.0972344
 0.706453  0.108397  0.254129  0.799955   0.17359 0.0428812
 0.700594  0.103138  0.224866  0.854609 0.0604131 0.0465341
 0.645032   0.17368  0.230127  0.761941 0.0946652 0.0182349
 0.695163  0.104162  0.228067  0.852616  0.140607 0.0477176
 0.694636  0.111081  0.275472  0.867404 0.0620594  0.019747
 0.674525  0.150986   0.22384   0.85183 0.0596627 0.0181203
 0.706816   0.16402  0.242913  0.863809 0.0902912  0.045464
 0.688803  0.328122  0.298553   0.84092  0.226656 0.0827557
   0.6975   0.11108  0.228382  0.852472  0.124459 0.0192907
 0.697072  0.120701  0.250995  0.858657 0.0705596  0.018181
 0.650316  0.122291  0.234145   0.86807 0.0927329 0.0203042
 0.648523  0.128858  0.228663  0.830882 0.0641477 0.0196945
 0.626628  0.115176  0.282611  0.861174  0.293583   0.24441
 0.699991  0.127431  0.241356  0.820828 0.0788027 0.0220264
  0.70299  0.123485   0.22839  0.833403 0.0733407  0.018813
  0.74062  0.117105  0.224948  0.729379 0.0592382  0.106882
 0.699872  0.111525  0.227746  0.857926 0.0629561 0.0204685
 0.723836  0.114311  0.239504  0.853343 0.0975281 0.0373969
 0.650467  0.137259  0.224231  0.884749 0.0648745 0.0222273
 0.663901  0.229502  0.304284  0.809933 0.0776331  0.105367
    0.612  0.116387  0.198468  0.856995  0.103356 0.0750686
 0.698906  0.110427  0.224377  0.860852 0.0599975 0.0182942
 0.639851   0.14909  0.225215  0.817419 0.0621984 0.0204791
 0.739936  0.305576  0.225598    0.7439  0.216926  0.188959
 0.693551  0.122932    0.2264  0.855621  0.096087 0.0183281
 0.571197  0.107878  0.224059   0.85134 0.0654162  0.095587
  0.59956  0.117379  0.322224  0.703967 0.0774635  0.076599
 0.714917  0.119408  0.244108  0.852323 0.0671929 0.0418217
 0.647311  0.168961  0.276148  0.812348  0.140863 0.0197714
 0.609619  0.124802  0.226514  0.847511  0.105034 0.0583632
  0.69701  0.111328  0.209154  0.863521 0.0656124 0.0336253
 0.703279  0.115016  0.245487  0.855958 0.0718981 0.0201088
 0.707008  0.110258  0.231576  0.848969 0.0569441 0.0182769
 0.692153  0.123711  0.220823  0.855357 0.0710514 0.0371677

PBMAT:
  0.638687    0.10926   0.213778   0.858033  0.0579157   0.017296    6181.12
  0.705368  0.0889663   0.254721    0.86444  0.0562749  0.0207617    6572.88
  0.711408  0.0881929   0.184977   0.858667  0.0905371  0.0147863    12316.4
  0.701845   0.105554   0.231317   0.862623  0.0600215  0.0194541    11333.9
  0.691725   0.102775   0.225418   0.883842  0.0638423   0.018372    7107.14
   0.67763   0.126517   0.225179   0.849272  0.0561317  0.0184231    6623.94
  0.716153  0.0925411   0.223609    0.84641  0.0596094  0.0183838    7617.88
  0.711281   0.139979   0.230712    0.81686  0.0632675  0.0191882    10238.3
  0.655052  0.0917903   0.207357   0.905424  0.0662603  0.0160477    11774.7
  0.639433   0.122667   0.247115   0.823098    0.18364   0.022908    93714.4
  0.694144   0.101196   0.224105   0.859338  0.0708482  0.0182323    8595.55
  0.722931   0.103868   0.234329   0.825256  0.0564269  0.0191259    6978.26
  0.668054   0.091274   0.225864   0.917217  0.0881765  0.0191284    16390.3
  0.698359   0.120488   0.231705   0.851744  0.0669657  0.0181493    10864.5
  0.684526   0.124616   0.233686   0.872425  0.0786065  0.0187223    10126.7
  0.688037   0.119847   0.222679   0.859222   0.100631  0.0183868    15620.7
  0.712385   0.108585   0.233807   0.745056   0.073853   0.019621    15602.1
  0.594512   0.109812   0.271002   0.840115  0.0345408  0.0189044    55200.6
  0.715169  0.0939677   0.226949   0.830084  0.0602348  0.0188233    9076.75
  0.720047  0.0957515    0.23027   0.845664  0.0650377  0.0186604    7823.65
  0.720545   0.117364    0.22542   0.840645  0.0651933  0.0182538    7846.67
  0.701548   0.125799   0.227012   0.858979  0.0608477  0.0187583     8225.5
  0.554038   0.344742   0.396285   0.688093  0.0950178  0.0312376    27354.2
  0.519689  0.0935225   0.383549   0.905137   0.192459  0.0324928    47810.3
  0.702677   0.114737    0.23424   0.863747  0.0714321  0.0192219    9222.54
   0.64816   0.134582   0.222409    0.86267  0.0973965  0.0199444    45029.1
  0.710455   0.125753   0.227719   0.846186  0.0670518  0.0192044    13208.6
  0.718556   0.118723   0.244681   0.817043  0.0827219  0.0183651    28031.7
  0.697267  0.0971983   0.298999   0.836583   0.076141  0.0220499    34203.5
  0.641892  0.0947938   0.218228   0.817286   0.105993   0.019479    44844.4
  0.720247  0.0940663   0.229384   0.847289  0.0589343  0.0185044    6741.78
  0.709626   0.116222   0.227909   0.853795  0.0585912  0.0183463     6574.6
  0.707879  0.0953951   0.227392   0.866211  0.0604892  0.0185397    6891.82
  0.706212   0.106964   0.249108   0.864511   0.069275  0.0194264    12197.2
  0.672842  0.0700378   0.228149   0.919844  0.0668236  0.0181104    7835.99
  0.700935    0.12629   0.224859   0.855472  0.0599009   0.018586    8151.31
  0.733081  0.0938707   0.224576   0.844049  0.0553345  0.0181209     6150.1
  0.726011   0.136801   0.235058   0.791839  0.0780737  0.0196597    14611.2
  0.687059   0.115042   0.240971    0.83353  0.0643634  0.0192014    8643.29
    0.6624    0.13246   0.268767   0.847656   0.129321  0.0208749    30094.9
  0.704481   0.120048   0.256689   0.856069  0.0642638  0.0205284    8163.75
   0.70417  0.0911321   0.224663   0.864239  0.0585307  0.0181779     6365.6
   0.70018   0.117451   0.226637   0.845173   0.135977  0.0186011    25397.9
  0.718161  0.0944634   0.237123   0.853125  0.0663758  0.0187338    9566.72
  0.726152  0.0957708   0.225116   0.849223  0.0571425  0.0185881    7715.23
  0.678858  0.0974595   0.253902   0.804324  0.0871359  0.0194816    22330.9
  0.690859  0.0938037   0.223935   0.840878   0.056914  0.0180675    6421.87
  0.705459   0.139135   0.228153   0.783253  0.0727686  0.0187576      11263
  0.515276  0.0347753   0.136788   0.872315  0.0414772   0.010786    3128.41
  0.718136  0.0936394   0.226433   0.851912  0.0598585  0.0183766    6823.87
  0.646764   0.157736    0.23366   0.829109  0.0877905  0.0194221    14607.3
  0.697233   0.122535    0.22698   0.863171  0.0622783  0.0183928    6989.24
  0.689599   0.285089   0.356965   0.892171   0.110361  0.0294697    19117.2
    0.7311  0.0999715   0.229591   0.841888  0.0554681   0.018185    7345.82
  0.640325   0.110863   0.241422   0.867276  0.0706886  0.0195658    8534.11
  0.631394   0.149238   0.241414    0.89889  0.0986144  0.0201551    15780.4
  0.706368  0.0898173   0.225589   0.847904  0.0632646  0.0186533     8840.6
  0.704293   0.113289    0.23035   0.859228  0.0602882  0.0185721    6775.04
  0.674037   0.124643   0.238101   0.863115  0.0640218  0.0193362    7445.17
  0.733301  0.0941712   0.224863   0.844251   0.055879  0.0181729    6232.49
  0.720658   0.165154    0.23056    0.84245  0.0600834  0.0197927    17841.9
  0.661476  0.0864799   0.235149   0.897616  0.0690646  0.0192874    8236.47
  0.663498   0.100736   0.231039   0.919183  0.0669709  0.0184704    7277.67
  0.716095   0.138324   0.270827   0.861928  0.0734241  0.0220017    9615.22
  0.670513   0.075079   0.237898   0.895042  0.0838922  0.0190322    10901.8
  0.670034   0.215525   0.303387   0.884877  0.0814628  0.0244288    11100.6
  0.671387  0.0683179   0.222478   0.920819   0.063558  0.0179456    6354.31
  0.717705   0.197382   0.223554   0.847066  0.0571479  0.0180671    6276.45
  0.721817   0.125029   0.211246   0.861642  0.0833628  0.0177017    14062.4
  0.725064  0.0935812   0.224955   0.846558  0.0701583  0.0182451    8678.89
   0.63568   0.219021   0.228149   0.836078  0.0651379  0.0189499     9964.9
  0.726306   0.102706   0.227612    0.80541  0.0697234  0.0183411     9539.1
  0.732002    0.14691   0.224163   0.844274  0.0559788  0.0182011     6266.9
   0.55701   0.083531   0.410107   0.908869  0.0692103  0.0334259    9878.55
  0.617505   0.122395   0.220435   0.920273  0.0704909  0.0178813    7336.36
  0.657668  0.0970327   0.224147   0.898528  0.0931715  0.0184961    12898.2
  0.710334   0.121845   0.225897   0.828138  0.0640947  0.0197625    26601.5
  0.719965  0.0985558   0.233283   0.850929  0.0715963   0.020635      33088
  0.740136   0.158788   0.226686   0.849678  0.0604277  0.0189261    9950.78
   0.71454   0.114337   0.223875   0.850005  0.0562183  0.0182308    6351.83
  0.684022  0.0990439   0.242543   0.888447  0.0655244  0.0197486    7459.57
   0.55591   0.106093    0.23125   0.742054   0.072545  0.0192438    13798.2
  0.694475  0.0988042   0.268663   0.865188  0.0628353  0.0222802    9419.77
  0.720304  0.0956574   0.231845   0.847183  0.0564768  0.0189943    6907.63
  0.652457  0.0808692   0.255377   0.830625  0.0844726  0.0196647    19714.3
  0.659464  0.0954695   0.259307   0.834395  0.0597019  0.0209195     7431.7
  0.671151  0.0798384    0.25528   0.918973   0.078903  0.0216864    16102.3
   0.69582   0.154322    0.33812    0.82324   0.146795  0.0307116    69086.1
  0.712028    0.13558   0.236473   0.844809  0.0661256  0.0190524    8105.89
  0.741973   0.125534   0.245358   0.832061  0.0546267  0.0182397    24641.3
  0.667735  0.0789536   0.237963   0.909274  0.0697786  0.0195668    8427.59
  0.726551   0.094521   0.228556   0.844606  0.0558672  0.0181929    6888.57
  0.620614  0.0607864   0.191375   0.892987  0.0929418  0.0152916    12092.4
  0.689576   0.195364   0.234274   0.770348  0.0659064  0.0191329    9704.25
  0.673606  0.0997492   0.216505   0.849808   0.199946  0.0230061     291023
  0.671989  0.0695125   0.225023   0.920285  0.0650063  0.0181688    6597.31
  0.684202   0.152791   0.243389   0.824426  0.0637511  0.0206166    14391.8
  0.709803  0.0896307   0.241412   0.856711  0.0647486  0.0200743    9939.75
  0.790598  0.0773597   0.283461   0.873445   0.147078  0.0230908    28587.4
  0.733258  0.0952724    0.22545   0.843206  0.0555561   0.018175    6214.94
  0.643133  0.0914943   0.226585    0.88922  0.0654767  0.0182131     7181.8
   0.66615   0.303513   0.246055   0.906603  0.0656076  0.0201089    7303.96
  0.628169   0.197655   0.318346   0.794264  0.0576592  0.0265657      11467
  0.723032   0.103815   0.226633    0.85247  0.0605916  0.0182593    6913.14
  0.704079  0.0958002   0.220302   0.846336   0.062365  0.0194008      29557
  0.727015   0.137565   0.235405   0.835197  0.0720241   0.019444    10532.3
  0.713597   0.124895   0.244491   0.755033   0.105617  0.0233618     105785
  0.744265  0.0982153   0.239023   0.844813  0.0622953    0.01975    8799.23
  0.697403  0.0762856   0.263385   0.897682  0.0864543  0.0216246    11768.3
  0.724572  0.0977282   0.223945   0.833271  0.0619467   0.018128    7399.31
  0.626066   0.170143   0.242816   0.860559  0.0867558  0.0202271    14036.1
  0.720756  0.0960729   0.227738    0.85179  0.0589939  0.0183159    6719.09
  0.733748  0.0924482   0.229876   0.848966  0.0620951  0.0182242    8329.89
  0.702107     0.1218    0.23259   0.843693  0.0983764   0.019481    17787.5
  0.607968    0.10983   0.224433   0.859494  0.0595417  0.0182031    6560.17
  0.639637   0.288529   0.227614   0.834754  0.0733607  0.0182161    9593.87
  0.726981  0.0942061   0.225062   0.846381  0.0576024  0.0189061    10878.9
  0.720919  0.0882313   0.294332   0.829039   0.114295   0.022036    39418.5
  0.704867   0.118158   0.228072   0.853675  0.0644794  0.0185608    7635.54
  0.645473   0.171297   0.308219   0.891763  0.0951374  0.0253646    14495.2
  0.727468  0.0933052   0.226846   0.850023  0.0583304  0.0191971    12817.4
  0.726664  0.0978053   0.223385   0.843284  0.0619259  0.0180554    7219.93
  0.722605    0.10105   0.225293    0.84565  0.0571469  0.0182348    6416.84
  0.661861   0.174452   0.259471   0.739712  0.0468899  0.0212852    7323.82
  0.715174   0.166684   0.226117   0.836751  0.0726547  0.0187333    10861.6
   0.67664  0.0867704   0.243731   0.845642  0.0716022  0.0220557    48021.5
  0.670728   0.110394   0.224438   0.919785  0.0569398  0.0186313    7665.39
  0.663541   0.102184   0.231803   0.847013  0.0615628  0.0212432    57003.4
  0.725403    0.10371   0.228662   0.846045  0.0595986  0.0187789    7569.37
  0.706131   0.102168   0.226008    0.85087  0.0637061  0.0185664    8141.46
  0.696455   0.135123   0.227114   0.883354  0.0661965  0.0187917    8852.79
  0.658317  0.0904448   0.226307    0.91721  0.0806827  0.0178591      10996
  0.716718  0.0981366   0.235224   0.855082  0.0642464  0.0193794    8561.82
  0.669061  0.0783246   0.226442   0.916999  0.0694841  0.0180574    7877.19
  0.702318   0.113711   0.226372   0.849309  0.0556645  0.0182266    6143.54
   0.72289  0.0905045   0.224861   0.853422  0.0599187  0.0182939    6871.35
  0.665701  0.0824908   0.226073    0.88266  0.0730466  0.0185742    9171.15
  0.723286   0.102016   0.226895   0.849457  0.0562338  0.0183817    6250.05
  0.693742   0.174856   0.226978   0.836784  0.0606249  0.0186951    8102.96
  0.718301   0.101046   0.225766   0.841761  0.0564925   0.018565    7250.32
  0.679579  0.0673319   0.232599   0.898959   0.101858  0.0190333    14237.3
  0.674082  0.0642713   0.276736   0.885045  0.0995875  0.0239966      27795
  0.718883    0.10704   0.253305    0.86918   0.105763   0.021124    18285.8
  0.671088  0.0708734   0.223396   0.917227   0.066138  0.0180842    6794.25
  0.721514  0.0936867   0.227737   0.845454  0.0648471  0.0183493    7793.94
  0.694784   0.131873   0.348731   0.857533    0.12823  0.0269957    31897.5
  0.703913   0.100595   0.240698   0.843983  0.0836966  0.0192255    12309.2
  0.667866  0.0897592   0.196185   0.885898  0.0613262  0.0154813    7563.52
  0.697477  0.0864117   0.226316   0.852927  0.0612115  0.0192403    14491.4
  0.730892  0.0931316   0.224782   0.846111  0.0557349  0.0181203    6196.57
  0.643948   0.135071    0.19555   0.903053  0.0751714  0.0159159    8187.14
  0.706625   0.120007    0.22516   0.844582  0.0572744  0.0182475     6444.2
  0.634416   0.113855   0.213408   0.877247   0.076327  0.0182389    17898.3
  0.627638    0.10581   0.214918   0.786226  0.0669327  0.0183833    18254.9
  0.676568  0.0823426   0.220701   0.858426  0.0626596  0.0182136       8294
  0.696047  0.0875384   0.229694   0.868404  0.0895057  0.0190712      13758
  0.714093  0.0912576   0.227836   0.851503  0.0601702  0.0180513    7964.93
  0.620039  0.0800141     0.1568   0.904066  0.0636811  0.0116437    20581.8
  0.728166   0.380375   0.181203   0.764911   0.153367  0.0170979     105414
  0.711104   0.124857   0.226496   0.837482  0.0626207  0.0183297    7444.72
  0.704905   0.113336   0.242621   0.846852  0.0712724  0.0199147    9649.66
  0.688914  0.0865558   0.213233   0.836179  0.0839525  0.0163764    19305.2
  0.732785   0.105272   0.224508   0.844111  0.0565841  0.0181229    6333.63
  0.729098   0.093376   0.231062   0.836466  0.0571388  0.0187336    6651.35
  0.732535   0.106096   0.224687   0.839744  0.0555612  0.0181703    6233.51
  0.555111   0.290428   0.242854   0.861771   0.066179  0.0205949    14685.4
  0.714924   0.140369   0.229957   0.852651  0.0771389  0.0184926    10036.6
   0.66468  0.0723603   0.215707   0.917444  0.0698863   0.017245    7623.43
   0.69636   0.100269   0.230455    0.85249  0.0701865  0.0185953    8633.76
  0.666679  0.0710671   0.222739   0.885811  0.0636238  0.0182126     7216.5
  0.702841   0.126349   0.225892   0.841055  0.0641008  0.0184168    7822.44
  0.653827  0.0998669   0.223282   0.877393  0.0663756  0.0180953    7397.86
  0.695587   0.145014   0.245839    0.83036  0.0608741  0.0205393    10629.3
  0.730032   0.103221   0.225099   0.844484  0.0603386  0.0184271    7406.13
  0.653801   0.100495   0.223579   0.903709   0.122244  0.0192264    27926.3
  0.690772   0.103193    0.22511   0.848528  0.0575415  0.0183826    6735.49
  0.731856   0.150785   0.238175    0.84875   0.101132   0.020447    24783.4
  0.671438  0.0703663   0.223825   0.919279  0.0665606  0.0180424    6850.49
    0.6284  0.0992747   0.256854   0.871311  0.0772308  0.0212676    11342.8
  0.717784   0.118409   0.233552   0.842684  0.0562148  0.0190715    6703.41
  0.700486   0.122017   0.218294   0.818143  0.0656299  0.0179582    9050.15
   0.71185  0.0816015   0.227801    0.89582  0.0853251  0.0204824    44280.7
   0.70638  0.0889479   0.232274   0.791955  0.0569301  0.0188505    7358.55
  0.706856   0.154504    0.22603   0.798011  0.0865876  0.0190082    17232.4
  0.685782   0.174329   0.235014   0.904729  0.0631598  0.0186839    7255.01
  0.724339  0.0924283   0.224457   0.851286  0.0573152   0.018139    6354.77
  0.729576  0.0930979   0.224438   0.839363  0.0578089  0.0184112    7247.19
   0.72193   0.096248   0.218873   0.817821  0.0712703  0.0177612    9400.38
  0.730638   0.115356   0.240094   0.796742  0.0629465  0.0200991    11846.5
  0.704269   0.129723   0.241391   0.836417  0.0665416   0.019513    8368.89
  0.728854  0.0964138   0.228791   0.849539  0.0684395  0.0211837    66390.8
  0.723181   0.103034   0.225563   0.849225  0.0585779  0.0183252    6669.52
  0.428544  0.0599772   0.325287   0.904933  0.0683343  0.0250765      14366
  0.724047   0.103386   0.228874   0.808335  0.0611847  0.0185706    7787.61
  0.700883  0.0998043   0.252252   0.879232   0.057824  0.0203695    6355.37
  0.728386  0.0920844   0.225299    0.84957  0.0563211  0.0182109    6234.07
  0.640408  0.0771038   0.199811   0.838468  0.0638628   0.015842    8297.78
  0.728225  0.0923356    0.22818   0.832996  0.0580064  0.0182671    7043.84
  0.643245  0.0922727   0.222231    0.87016  0.0704916  0.0185337    10914.5
  0.696179    0.12233   0.226732   0.860796  0.0618312  0.0185801    7477.53
  0.713801   0.282016   0.303651   0.696984   0.213827  0.0259637    85270.6
  0.672879  0.0714031   0.225718   0.918517  0.0639859  0.0188514    9630.65
  0.740042   0.137567   0.248285   0.829317   0.104906  0.0208443    20559.7
  0.704248   0.123544   0.224348   0.856293  0.0552584   0.018277    6143.47
  0.644947  0.0673527   0.213117   0.898736  0.0715035  0.0173447    7911.56
  0.673921   0.132488   0.224169   0.857123  0.0642242  0.0180862    7344.01
  0.719757   0.105329   0.224273   0.849864  0.0587961  0.0195246    23355.4
  0.670868  0.0685138   0.227487   0.920195  0.0661087  0.0191821    12035.4
  0.694263   0.103132   0.241833   0.867758  0.0781935  0.0202722    13448.4
  0.705804     0.1219   0.229862   0.855202  0.0607405  0.0187926    7256.85
  0.712626    0.11604   0.225132   0.852175   0.056229  0.0182456    6181.92
   0.67284  0.0877106    0.22755   0.881894   0.070367   0.018489    8119.47
  0.671413  0.0786708   0.241867    0.93554  0.0817923  0.0185809    16724.6
  0.703514   0.122939   0.224268   0.856914  0.0559237  0.0187607    9616.99
  0.701378   0.168278   0.248419   0.804135    0.14069  0.0212161    36104.5
  0.725611  0.0922929   0.224244   0.857217  0.0589466  0.0181359    6530.26
  0.734332   0.196795   0.171574    0.86447   0.159678  0.0129791    43863.7
  0.719751  0.0937118   0.247165   0.856522  0.0652583  0.0187294    19269.9
  0.671269  0.0768351   0.219299   0.913049  0.0641221  0.0178836    6727.56
  0.501372  0.0283978  0.0930219   0.920455  0.0190344 0.00618135    3521.65
  0.666433  0.0900224   0.243082   0.865389  0.0634086  0.0201706    9286.35
  0.714786  0.0955094   0.218351   0.854046  0.0632409  0.0222423     193470
  0.724993   0.103987   0.227147   0.839958  0.0574546  0.0181841    6810.08
  0.721237   0.103145   0.223459   0.851072  0.0586984  0.0181131    6582.36
  0.713892  0.0988536   0.232705   0.866523  0.0694433  0.0185386    8921.81
  0.692067   0.111287   0.226837    0.85741   0.059866  0.0185118    6946.37
  0.684372   0.070899   0.224086   0.917899  0.0644395  0.0181567     6554.8
  0.726475  0.0936881   0.223427   0.845155  0.0564254  0.0180492    6286.81
  0.715525    0.11108   0.224556   0.851182  0.0563251  0.0182145    6226.75
  0.696895  0.0886474   0.228079   0.878059  0.0628917   0.018432    6893.37
  0.646642   0.153807   0.229365   0.857069  0.0641969  0.0180329     9463.4
  0.718574   0.105345   0.227297   0.845137  0.0641254  0.0182962    7671.35
  0.713743  0.0877279   0.231029   0.858887  0.0624862   0.018733    7189.83
  0.706245   0.113192   0.230766     0.8429  0.0585118  0.0186805    6727.12
  0.682804   0.138856   0.337565   0.876127   0.080605  0.0285371    17062.4
  0.755254  0.0933147   0.239198   0.820139  0.0627678  0.0216377    46990.7
  0.626753   0.167883   0.225983    0.84747  0.0574792  0.0195008    19549.3
  0.704341  0.0934933   0.218354   0.846889  0.0571506  0.0176111    6315.15
  0.690176  0.0750581   0.246553   0.678801   0.052669  0.0207155    13140.2
  0.705413   0.103761   0.224747   0.850863   0.077489  0.0188432    13482.9
  0.703681  0.0901174   0.222872   0.865348  0.0655993   0.018131    7580.22
  0.684064   0.162261   0.224624    0.85076   0.055942  0.0183316     6382.5
  0.701002   0.103451   0.220318   0.879246  0.0597674  0.0184378    9912.05
  0.665403  0.0772898   0.232924   0.888602   0.105579  0.0185943    16024.3
  0.694636   0.138699    0.26125   0.854109  0.0840063  0.0209601    12067.3
  0.708567   0.126234   0.235409   0.845352  0.0580254   0.019214    6932.66
  0.706189   0.089311   0.225608   0.873545   0.060949  0.0183074    6670.28
  0.697148   0.109529   0.220907   0.863057  0.0589879  0.0183418    8549.07
  0.716566   0.104482   0.252185   0.808946  0.0595903  0.0208211    8995.94
   0.64148   0.143725   0.237318   0.849819  0.0601838  0.0193853    7241.26
  0.707717   0.270599   0.290114   0.882563  0.0779693  0.0230588    11044.3
  0.701147   0.193897   0.226359   0.866987   0.069648  0.0182747    8094.53
  0.679553   0.111483   0.217398   0.892924   0.064699  0.0176252     6832.8
  0.707902   0.236865   0.228087   0.845913  0.0801764  0.0186737    10892.3
  0.687496  0.0822919   0.230431   0.854616  0.0815764  0.0188831    11184.2
  0.713318   0.127764   0.242641   0.844934  0.0571369  0.0189667    9622.65
  0.646795   0.109901    0.26685   0.847768  0.0837492  0.0206672    17613.5
  0.728213   0.112112    0.22591   0.835695  0.0619755  0.0179196     8389.8
  0.706251   0.104867   0.240352   0.855194  0.0640064  0.0195517    7682.31
  0.621199     0.2334   0.226355   0.856953  0.0615794  0.0188911    9954.72
  0.727263    0.21142   0.236127   0.837818  0.0866343  0.0198103    15795.4
  0.684793   0.136908   0.312698   0.843003   0.107507  0.0296395    96052.9
  0.695875   0.114741   0.223399   0.862766  0.0567081  0.0181218     6109.4
  0.690447   0.141808   0.237806   0.869476  0.0588379  0.0193555     6590.6
  0.705503   0.122961   0.224077   0.853103   0.055951   0.018343    6588.42
  0.685992  0.0910182   0.229925      0.896  0.0775697  0.0193465      13501
  0.702487   0.094176    0.23189   0.832858  0.0624313  0.0189147    7797.55
  0.704992  0.0883083   0.221762   0.846826  0.0590446   0.018423    8864.24
   0.70096   0.100714   0.225791   0.838067  0.0592329    0.01835    6946.86
  0.676156  0.0814468   0.235867   0.921177  0.0679562  0.0194583    8313.46
  0.678483  0.0810274   0.220402   0.899063  0.0740367  0.0177984     8326.1
  0.674525   0.150986    0.22384    0.85183  0.0596627  0.0181203     6646.1
   0.69552   0.284075   0.288319   0.871971  0.0875348  0.0226295    15071.2
  0.519061   0.348456   0.247788   0.786046  0.0681317  0.0202821    9947.22
  0.722449   0.109853   0.225724    0.84233  0.0704029  0.0184105    8960.08
  0.698826   0.127898   0.229435   0.855713  0.0923895  0.0182679    14030.7
  0.650316   0.122291   0.234145    0.86807  0.0927329  0.0203042    26376.9
  0.702536   0.120953   0.258616   0.791332  0.0827552  0.0201275    17983.5
   0.66404   0.133444   0.327404   0.848006  0.0669574  0.0302943    66933.8
  0.708803    0.14074   0.284809   0.817774   0.125933  0.0225212    27466.5
   0.70299   0.123485    0.22839   0.833403  0.0733407   0.018813    10422.4
  0.699623   0.121699   0.227957   0.853225  0.0641522  0.0190445    10582.9
  0.721953   0.100522   0.224183   0.851245  0.0567175  0.0180334    6301.69
  0.690653   0.110381   0.251853   0.879646   0.106132  0.0205077    15976.8
   0.57541  0.0982383   0.225511   0.920189  0.0782948  0.0184518       9022
  0.661789   0.162468   0.353544   0.821539  0.0579337  0.0280875    9399.47
  0.713247  0.0938841   0.232427   0.844049  0.0735918  0.0190688    9975.32
  0.698906   0.110427   0.224377   0.860852  0.0599975  0.0182942    6844.22
  0.699286    0.18418   0.243688   0.773653  0.0632405  0.0204634      13040
  0.672647   0.116297   0.188678   0.914577  0.0706731   0.015308    7144.72
  0.731646   0.133705   0.226975    0.85902  0.0568231  0.0187248    7441.35
   0.70964   0.088212    0.21969   0.851626  0.0751306  0.0180596    10101.6
  0.711188   0.116875   0.221378   0.853032  0.0773068  0.0180937    10074.5
   0.73216  0.0938523   0.225742   0.844272  0.0801611  0.0183359    10733.1
  0.703732   0.123796   0.287271   0.831656  0.0750082  0.0238483    12614.8
  0.713593  0.0982808    0.22806   0.846298  0.0600777   0.018524    6978.59
  0.708058   0.104704    0.18226   0.859598   0.082287  0.0153878      15641
  0.703279   0.115016   0.245487   0.855958  0.0718981  0.0201088    9470.69
  0.727265   0.101419   0.227125   0.842891  0.0568981  0.0185567    6780.98
  0.679703   0.149288   0.235306   0.842205   0.106074  0.0196678    19306.2

GBMAT from first PSO:

   0.522642    0.100118   0.0682947    0.903182    0.100208  -0.0317646 1.50621e+08
   0.763151    0.071354     0.11073    0.920491   0.0775523  0.00804136     7696.37
   0.671387   0.0683179    0.222478    0.920819    0.063558   0.0179456     6354.31
   0.726475   0.0936881    0.223427    0.845155   0.0564254   0.0180492     6286.81
   0.733081   0.0938707    0.224576    0.844049   0.0553345   0.0181209      6150.1
   0.704248    0.123544    0.224348    0.856293   0.0552584    0.018277     6143.47
   0.695875    0.114741    0.223399    0.862766   0.0567081   0.0181218      6109.4

truk  0.515996  0.0603199   0.103199   0.896801    0.05516 0.00722394
total difference b/w truk and final GBVEC0.40098
CODE FINISHED RUNNING IN 12254 s TIME!
Job Statistics for 1444734:
           JobID       User               Start                 End    Elapsed     MaxRSS   TotalCPU      State Exit        NodeList                                  ReqTRES 
---------------- ---------- ------------------- ------------------- ---------- ---------- ---------- ---------- ---- --------------- ---------------------------------------- 
         1444734   rsjxw007 2021-07-26T11:09:00 2021-07-26T14:33:15   03:24:15              03:23:28  COMPLETED  0:0   r1pl-hpcf-n21         billing=1,cpu=1,mem=7812M,node=1 
   1444734.batch            2021-07-26T11:09:00 2021-07-26T14:33:15   03:24:15      1.57M   03:23:28  COMPLETED  0:0   r1pl-hpcf-n21                                          
  1444734.extern            2021-07-26T11:09:00 2021-07-26T14:33:15   03:24:15          0  00:00.001  COMPLETED  0:0   r1pl-hpcf-n21                                          
CPU Efficiency: 99.62% of 03:24:15 core-walltime
