PSO_S_ODE_NonLinear
sample size:20000 Nparts:300 Nsteps:40
339
mu: 80 250  85
covarMat:20  0  0
 0  5  0
 0  0 10

362
Xt: 0.0738586    100.919    79.9216    1.62746    17.4469    67.5547 0.00557697    10267.2    6407.54    3.30848     328.45    4577.84    7.35474     5.9511    0.12676    1.24728    5.02996    8026.26    159.165    1794.85    6784.49    132.481    1377.58    5415.97    25.2088     111.94    1164.53
PSO begins!
underflow!-0.0119029
pos  0.495007 -0.0119029   0.177926   0.949543 0.00536376   0.181897
underflow!-0.0174076
pos  0.419859 -0.0174076   0.199035   0.885148 -0.0682348  0.0276443
underflow!-0.036725
pos 0.422911  0.109222 0.0251389  0.975707 0.0466931 -0.036725
underflow!-0.10701
pos  0.50077  -0.10701 0.0473708  0.793439 0.0265303   0.19177
underflow!-0.0663512
pos  0.560891 -0.0663512    0.14552   0.994638  0.0286033 -0.0465732
underflow!-0.0281139
pos  0.507354    0.60543   0.188404   0.951586 -0.0281139   0.052054
underflow!-0.00634548
pos   0.570704  -0.0535735     0.22181    0.780808    0.150076 -0.00634548
underflow!-0.00471934
pos   0.495559 -0.00471934    0.054585    0.933531    0.223429   0.0681743
underflow!-0.0166139
pos  0.510676  0.0612789   0.111247   0.875045 -0.0166139  0.0394918
underflow!-0.0325655
pos   0.488678  -0.0325655   0.0301412    0.851224 -0.00444587   0.0619508
underflow!-0.00409228
pos   0.355466   0.0421972     0.35998    0.603998 -0.00409228    0.122904
underflow!-0.0215552
pos  0.473921   0.109313  0.0363509   0.812238 -0.0215552  0.0635568
underflow!-0.000531059
pos    0.705468     0.535963    0.0610548     0.959241 -0.000531059     0.066859
underflow!-0.0328791
pos  0.226859 -0.0328791   0.120425   0.920304   0.128826  0.0446478
underflow!-0.0508898
pos  0.656726 -0.0508898  0.0577535   0.656312  0.0026064   0.172282
underflow!-0.00438138
pos   0.918489 -0.00438138   0.0933919    0.832947   0.0761674    0.316436
underflow!-0.0697271
pos  0.537795 -0.0807932 0.00831798   0.998392 -0.0697271  0.0301512
underflow!-0.0125866
pos   0.589454 -0.00798159  -0.0125866    0.914751   0.0681186    0.135453
underflow!-0.00798159
pos   0.589454 -0.00798159  -0.0125866    0.914751   0.0681186    0.135453
underflow!-0.0706827
pos   0.57714 -0.0706827  0.0094192   0.975406   0.219196  0.0322882
underflow!-0.0689143
pos  0.485279 -0.0689143  0.0595051   0.809107  0.0346136   0.169355
underflow!-0.021238
pos 0.514242 -0.021238 0.0564914  0.785299 0.0219043 0.0705612
underflow!-0.00747319
pos   0.347811  -0.0488683   0.0099256    0.909138    0.237759 -0.00747319
underflow!-0.000218275
pos    0.458319    0.0151476   -0.0177232     0.774804    0.0893462 -0.000218275
underflow!-0.00770834
pos   0.557898   0.0314127 -0.00770834    0.918541   0.0690893  -0.0140689
underflow!-0.0199083
pos  0.483732 -0.0199083  0.0438683   0.841518    0.16228   0.120018
underflow!-0.0506925
pos  0.580512 -0.0810583   0.210566   0.845209   0.120133 -0.0506925
underflow!-0.0638431
pos   0.49551 -0.0638431   0.198287   0.820549    0.12544  0.0238359
underflow!-0.0620088
pos  0.401418  0.0634917   0.114946   0.776378 -0.0620088 -0.0177931
overflow!
underflow!-0.0169272
pos  0.939489  0.0636694    0.14482   0.963713   0.989202 -0.0169272
underflow!-0.0233221
pos  0.495189 -0.0233221  0.0431423    0.85127   0.141092 0.00655404
underflow!-0.00367004
pos   0.664732 -0.00367004   0.0333937     0.80614    0.158202   0.0144815
underflow!-0.0127382
pos  0.452253  -0.012866   0.029037   0.930452   0.124502 -0.0127382
underflow!-0.012866
pos  0.452253  -0.012866   0.029037   0.930452   0.124502 -0.0127382
underflow!-0.00548442
pos   0.663768 -0.00548442    0.127991    0.817741   0.0986194    0.100143
underflow!-0.000765694
pos    0.588552 -0.000765694    0.0356289     0.753198      0.11126     0.031958
underflow!-0.00346879
pos   0.458681  -0.0420944    0.030496    0.899757    0.133724 -0.00346879
underflow!-0.0111063
pos  0.501552 -0.0564136  0.0369233   0.834715  -0.055107 -0.0111063
underflow!-0.055107
pos  0.501552 -0.0564136  0.0369233   0.834715  -0.055107 -0.0111063
underflow!-0.0564136
pos  0.501552 -0.0564136  0.0369233   0.834715  -0.055107 -0.0111063
underflow!7.96851e-05
pos   0.508496    0.127733   0.0186326    0.927969 7.96851e-05    0.292626
underflow!-0.0428064
pos  0.629129 -0.0567529   0.151527    0.81699 -0.0428064 -0.0488529
underflow!-0.079572
pos 0.532647 -0.079572  0.136014  0.896027  0.144861 0.0175248
underflow!-0.0501609
pos  0.518392 -0.0501609   0.148939   0.811961   0.549664 -0.0427196
underflow!-0.0204999
pos  0.544863 -0.0544865   0.054907   0.886836  0.0990625 -0.0204999
underflow!-0.03788
pos 0.587195 0.0136555 0.0322995  0.857108  -0.03788 0.0481933
underflow!-0.00568626
pos    0.55816  0.00378433    0.207439     0.95358 -0.00568626     0.18198
underflow!-0.0228591
pos  0.578752 -0.0675966    0.10657   0.935771 -0.0228591  0.0986587
underflow!-0.0675966
pos  0.578752 -0.0675966    0.10657   0.935771 -0.0228591  0.0986587
underflow!0.000670728
pos   0.692034 0.000670728   0.0121986    0.846592   0.0674985   0.0361193
underflow!-0.000669142
pos    0.481666     0.112563     0.153777     0.966671     0.144276 -0.000669142
underflow!-0.0690574
pos  0.399154 -0.0690574   0.192857   0.943481  0.0300856   0.194138
underflow!-0.0675988
pos   0.61579 -0.0675988   0.144057   0.994842   0.161364    0.04462
underflow!-0.00968415
pos   0.568658 -0.00968415    0.103324     0.81215    0.125941   0.0685797
underflow!-0.0325983
pos  0.662161 -0.0325983  0.0542927   0.887328  0.0826899   0.124653
underflow!-0.0622404
pos  0.423055 -0.0622404   0.182514   0.808261 0.00213601 -0.0182062
underflow!-0.0017379
pos  0.556144 -0.0801165   0.159238   0.883572  -0.024241 -0.0017379
underflow!-0.024241
pos  0.556144 -0.0801165   0.159238   0.883572  -0.024241 -0.0017379
underflow!-0.0229415
pos  0.558534 -0.0229415   0.138071   0.821705  0.0410356   0.026837
underflow!-0.00391347
pos   0.612569 -0.00391347     0.04806    0.791182    0.136998  0.00815543
underflow!-0.0944838
pos  0.598698 -0.0944838   0.185671   0.885807   0.175199   0.358846
underflow!-0.0222364
pos  0.563389   0.251045  0.0331766   0.930942  0.0644091 -0.0222364
underflow!-0.0138492
pos  0.607668 -0.0138492  0.0618071   0.858695    0.13805   0.173151
underflow!-0.0034595
pos  0.508185 -0.0034595  0.0283662   0.831012  0.0907748   0.419461
underflow!-0.00598776
pos   0.518937 -0.00598776    0.108894    0.789386   0.0473377   0.0976532
underflow!-0.00575608
pos    0.54242 -0.00575608   0.0662799    0.828048    0.154443   0.0132629
underflow!-0.0188602
pos  0.505808 -0.0570837  0.0802331   0.811463 -0.0188602   0.146483
underflow!-0.0570837
pos  0.505808 -0.0570837  0.0802331   0.811463 -0.0188602   0.146483
underflow!-0.0195964
pos  0.359055 -0.0195964  0.0840759    0.71137  0.0747854 0.00789295
underflow!-0.0201204
pos   0.38623 -0.0201204  0.0430363   0.836548  0.0213253   0.335571
underflow!-0.0018019
pos  0.545983 -0.0018019    0.10946   0.812004   0.119867  0.0151159
underflow!-0.0405595
pos  0.435384 -0.0405595  0.0764999   0.793947  0.0140854  0.0443736
underflow!-0.0158612
pos   0.54372 -0.0454224  0.0526356   0.864142  0.0899642 -0.0158612
underflow!-0.0231746
pos  0.517944 -0.0231746  0.0509845    0.72341 -0.0101655   0.017676
underflow!-0.0186404
pos  0.428239   0.101961  0.0800367   0.870182  0.0736027 -0.0186404
underflow!-0.0264125
pos   0.580609  -0.0264125   0.0718847    0.848295    0.119477 -0.00200479
underflow!-0.012044
pos 0.443988 0.0897381  0.196526  0.869243 -0.012044  0.152921
underflow!-0.00353277
pos   0.532372 -0.00353277   0.0496526    0.744448   0.0249053   0.0295049
underflow!-0.00676233
pos   0.431847    0.076177 -0.00676233    0.919737    0.169876    0.127121
underflow!-0.0233327
pos  0.582371 -0.0233327  0.0927724    0.82055   0.162123   0.045776
underflow!-0.112189
pos   0.41232  -0.112189   0.105814   0.871955  0.0175783 -0.0405241
underflow!-0.00284411
pos   0.493771 -0.00284411  -0.0062819      1.0034    0.108231  -0.0477147
underflow!-0.0477147
pos   0.493771 -0.00284411  -0.0062819      1.0034    0.108231  -0.0477147
underflow!-0.0446494
pos  0.125837 -0.0446494    0.22153    0.83267   0.202587 0.00754257
underflow!-0.0275956
pos  0.430008 -0.0275956   0.105267   0.853952  0.0326187  -0.027446
underflow!-0.0563838
pos   0.55788 -0.0563838   0.143097   0.852427   0.113835    0.16469
underflow!-0.0908385
pos  0.518666 -0.0908385   0.169746    0.98635    0.16926  0.0521035
underflow!-0.0376288
pos   0.62832   0.100877   0.145265   0.781654  0.0978038 -0.0376288
underflow!-0.0133514
pos   0.70232 -0.0133514  0.0614374   0.812485  0.0982576  0.0323656
underflow!-0.0817428
pos  0.436346 -0.0817428   0.104476   0.847122  0.0383243 -0.0224848
underflow!-0.0188261
pos  0.467497  -0.011139 -0.0188261   0.992793  0.0466027 0.00790959
underflow!-0.0205516
pos  0.439081   0.399776   0.104583   0.803626  0.0146038 -0.0205516
underflow!-0.0308104
pos   0.57293 -0.0308104   0.180796   0.905064 -0.0352741  0.0925874
underflow!-0.0352741
pos   0.57293 -0.0308104   0.180796   0.905064 -0.0352741  0.0925874
underflow!-0.0296324
pos  0.422294 -0.0296324   0.208493   0.919852 -0.0312481  0.0653699
underflow!-0.0950616
pos  0.567819 -0.0950616  0.0160552   0.961187   0.117172 -0.0190383
underflow!-0.0190383
pos  0.567819 -0.0950616  0.0160552   0.961187   0.117172 -0.0190383
underflow!-0.0101204
pos  0.355328   0.645459   0.220112   0.895825 -0.0101204  0.0659844
underflow!-0.0502056
pos  0.535225 -0.0502056   0.062479   0.978412  0.0323621  0.0289779
underflow!-0.0234529
pos  0.609053 -0.0234529  0.0210743   0.803806   0.106537  0.0775946
underflow!-0.0162334
pos  0.488898 -0.0162334   0.106016   0.814649  0.0444251  0.0263335
underflow!-0.0240608
pos  0.474017 -0.0240608   0.104713   0.852538  0.0736192 0.00578067
underflow!-0.00331987
pos   0.547772 -0.00331987    0.187827     0.94955    0.178325   0.0457209
underflow!0.000528538
pos   0.549084 0.000528538   0.0957675    0.885381   0.0788342   0.0420019
underflow!-0.0137518
pos  0.490027 -0.0137518  0.0966758   0.798395  0.0802116   0.021036
underflow!-0.00181706
pos   0.547509 -0.00181706   0.0558024    0.844785   0.0714286   0.0397374
underflow!-0.0276124
pos  0.502163 -0.0276124    0.10277   0.818443  0.0609636 0.00592005
underflow!-0.0271699
pos    0.41587  -0.0862052    0.171053    0.923765 0.000393809  -0.0271699
underflow!-0.0862052
pos    0.41587  -0.0862052    0.171053    0.923765 0.000393809  -0.0271699
underflow!0.000393809
pos    0.41587  -0.0862052    0.171053    0.923765 0.000393809  -0.0271699
underflow!-0.00200597
pos   0.428128 -0.00200597   0.0269752     0.95443   0.0493399   0.0160006
underflow!-0.0411329
pos  0.491101  0.0815552  0.0804768   0.987874 -0.0411329  0.0311526
underflow!-0.00494311
pos   0.491272  -0.0163794   0.0828946    0.964008 -0.00429869 -0.00494311
underflow!-0.0163794
pos   0.491272  -0.0163794   0.0828946    0.964008 -0.00429869 -0.00494311
underflow!-0.0427804
pos  0.558676 -0.0427804   0.134832   0.873892  0.0564174  0.0697184
underflow!-0.0304221
pos  0.622504 -0.0304221   0.126589    1.02072  0.0161182  0.0768825
underflow!-0.058417
pos 0.423851 0.0825625 0.0160826  0.959957 -0.058417 0.0570169
underflow!-0.0229417
pos  0.425339 -0.0885796   0.105145   0.850186  0.0328492 -0.0229417
underflow!-0.00620584
pos   0.433166  -0.0350738 -0.00620584    0.860482    0.112068  -0.0167008
underflow!-0.041901
pos 0.407372 -0.041901 0.0985883  0.924346 0.0449172 0.0301549
underflow!-0.0470751
pos  0.437662 -0.0470751  0.0560631   0.969503 -0.0359058   0.143071
underflow!-0.0129831
pos  0.467517 -0.0590979   0.112808   0.828297  0.0451911 -0.0129831
underflow!-0.0590979
pos  0.467517 -0.0590979   0.112808   0.828297  0.0451911 -0.0129831
underflow!-0.00642202
pos   0.400031    0.320725   0.0646987    0.929826 -0.00642202   0.0558964
overflow!
underflow!-0.0248056
pos   0.213577  -0.0248056    0.633731    0.847329   0.0536027 -0.00492047
overflow!
underflow!-0.0082996
pos  0.565905   0.148815  0.0538933   0.385532  0.0829878 -0.0082996
underflow!-0.0345594
pos  0.773405 -0.0345594  0.0606471   0.854264  0.0311447  0.0231672
underflow!-0.00144844
pos   0.519824  0.00152289   0.0544225    0.941238   0.0640899 -0.00144844
underflow!-0.033804
pos 0.490609 -0.033804  0.192483  0.895732  0.144859 0.0554125
underflow!-0.0920848
pos  0.547752 -0.0920848   0.147071   0.851415  0.0678069  0.0318862
overflow!
underflow!-0.0110486
pos  0.600141 -0.0110486   0.165341   0.838396 -0.0494388  0.0697991
underflow!-0.106727
pos 0.574314 -0.106727  0.163704  0.972956 0.0748644  0.106957
underflow!-0.000376785
pos    0.495436    0.0506116     0.160977     0.788233 -0.000376785    0.0516548
underflow!-0.0537702
pos  0.538105 -0.0482919   0.112029   0.808619 -0.0537702 0.00305602
underflow!-0.043483
pos  0.53884 -0.043483 0.0160064  0.968941 0.0699077 0.0043557
underflow!-0.0375014
pos  0.535158 -0.0547252  0.0720954   0.976323  0.0515894 -0.0375014
underflow!-0.0547252
pos  0.535158 -0.0547252  0.0720954   0.976323  0.0515894 -0.0375014
underflow!-0.0121778
pos  0.585307 -0.0121778   0.142817   0.849099 -0.0661449  0.0698659
underflow!-0.0536843
pos  0.582447  0.0494387   0.173508   0.846396 -0.0536843  0.0600138
underflow!-0.0023822
pos   0.52965 -0.0023822   0.021268   0.787792  0.0195829   0.180156
underflow!-0.0114551
pos  0.515928 -0.0114551  0.0421381   0.869304 0.00183218   0.112538
underflow!0.000656631
pos   0.609266 0.000656631   0.0366447    0.847874   0.0213007   0.0251045
underflow!-0.00650086
pos   0.740511 0.000836971   0.0805412     0.86547 -0.00650086    0.125039
underflow!0.000836971
pos   0.740511 0.000836971   0.0805412     0.86547 -0.00650086    0.125039
underflow!-0.0207176
pos  0.424808 -0.0346962 -0.0207176   0.944112 -0.0217046  0.0312132
underflow!-0.000472186
pos    0.413644    0.0951341     0.223988     0.926126 -0.000472186     0.110675
underflow!0.000952829
pos   0.452026    0.104861   0.0936724    0.958708 0.000952829    0.110118
underflow!-0.0464295
pos   0.499708 -0.00458475    0.214025    0.826833  -0.0464295     0.14719
underflow!-0.00863251
pos   0.560767    0.115348    0.167497    0.978749   0.0286012 -0.00863251
underflow!-0.00197839
pos   0.442884   0.0268557 -0.00197839     0.83045   0.0222723    0.042072
underflow!-0.0303023
pos  0.530513 -0.0303023   0.159548   0.829872  0.0272978   0.126932
underflow!-0.0314789
pos  0.472384   0.123936   0.109667   0.842907  -0.044138 -0.0314789
underflow!-0.044138
pos  0.472384   0.123936   0.109667   0.842907  -0.044138 -0.0314789
underflow!-0.0672192
pos  0.435865 -0.0672192   0.210085   0.807622 -0.0330396  0.0626518
underflow!-0.0488953
pos  0.456999 -0.0938365  0.0305988   0.933819 -0.0648286 -0.0488953
underflow!-0.0938365
pos  0.456999 -0.0938365  0.0305988   0.933819 -0.0648286 -0.0488953
underflow!-0.00241553
pos   0.554775  -0.0164367    0.127056    0.800805 -0.00241553    0.130801
underflow!-0.0291358
pos  0.534842 -0.0291358   0.130273    1.00476 -0.0284692  0.0269968
overflow!
underflow!-0.00969453
pos   0.485745 -0.00969453    0.122898    0.801927    0.580421    0.061314
underflow!-0.0239949
pos  0.593525  0.0858458   0.189759   0.821533   0.103671 -0.0239949
underflow!-0.0254172
pos   0.535553 -0.00293787   0.0631211    0.430088  -0.0254172   0.0127651
underflow!-0.0477934
pos  0.428159   0.116959   0.023796    0.95501 -0.0477934   0.417634
underflow!0.00083229
pos   0.43908 0.00083229  0.0885511   0.457034   0.159012  0.0175596
underflow!0.00091302
pos  0.583845 0.00091302   0.083383   0.838985  0.0394072   0.108967
underflow!-0.0376302
pos  0.491661 -0.0376302  0.0552923   0.905586   0.131239  0.0625013
underflow!-0.0205008
pos  0.537751 -0.0205008   0.211099   0.851779  0.0287766   0.117907
underflow!-0.0198206
pos  0.451133 -0.0198206  0.0285975    0.92522 0.00677832  0.0148542
underflow!-0.00400043
pos   0.308365 -0.00400043   0.0800619    0.885589    0.418022   0.0347301
underflow!-0.00344659
pos   0.433561    0.510753   0.0209067    0.960177  -0.0181623 -0.00344659
underflow!-0.0181623
pos   0.433561    0.510753   0.0209067    0.960177  -0.0181623 -0.00344659
underflow!-0.0429872
pos   0.54173  -0.062866   0.381236   0.936605  0.0584777 -0.0429872
underflow!-0.0429688
pos  0.656294 -0.0429688   0.258902   0.916435  0.0588049   0.197956
underflow!-0.0162485
pos  0.611807  0.0356798    0.08405   0.891089 -0.0162485  0.0555075
underflow!-0.0118063
pos  0.608925 -0.0118063   0.143749   0.824445  0.0259826  0.0997703
underflow!-0.00330206
pos   0.530954   0.0337401   0.0538135    0.927525   0.0450729 -0.00330206
underflow!-0.0318571
pos  0.411302 -0.0770425  0.0257323    1.01337 -0.0318571  0.0907492
underflow!-0.0224406
pos  0.496456 -0.0224406  0.0314358   0.907375  0.0517308   0.517535
underflow!-0.00848655
pos    0.50273 -0.00848655    0.111658     0.83423   0.0340583    0.109639
underflow!9.47452e-05
pos   0.370335   0.0143357   0.0668595    0.793755   0.0328031 9.47452e-05
overflow!
underflow!-0.0482833
pos  0.433421   0.044492  0.0131556   0.775291  0.0582116 -0.0482833
underflow!-0.0563773
pos  0.402291 -0.0563773  0.0236161   0.624749 0.00949878  0.0863818
underflow!-0.0912
pos   0.45219    -0.0912  0.0297805   0.933015 -0.0617929 -0.0466456
underflow!-0.0617929
pos   0.45219    -0.0912  0.0297805   0.933015 -0.0617929 -0.0466456
underflow!-0.0466456
pos   0.45219    -0.0912  0.0297805   0.933015 -0.0617929 -0.0466456
underflow!-0.00468494
pos   0.510162  -0.0191194   0.0732879    0.900014   0.0623037 -0.00468494
underflow!-0.00317126
pos   0.422719    0.260644   0.0317494    0.928539 -0.00317126    0.126472
underflow!-0.0260618
pos  0.516162 -0.0260618  0.0582125   0.915004  0.0688281   0.152836
underflow!-0.0719729
pos   0.39164 -0.0719729   0.147989   0.999656 0.00558747   0.179231
underflow!-0.0113505
pos  0.449926  0.0404222  0.0398311   0.792385  0.0592762 -0.0113505
underflow!-0.0456164
pos  0.307311 -0.0456164  0.0934674   0.951386 0.00954265   0.141455
underflow!-0.0739762
pos  0.489677 -0.0739762  0.0406872   0.920482 -0.0491641 -0.0278883
underflow!-0.0278883
pos  0.489677 -0.0739762  0.0406872   0.920482 -0.0491641 -0.0278883
underflow!-0.035987
pos 0.474154  0.304009 0.0971839  0.909357 -0.035987  0.220408
underflow!-0.0177136
pos  0.508053 -0.0177136   0.090447   0.884919  0.0522231  0.0109511
underflow!-0.0326576
pos  0.591509  0.0180982  0.0365494   0.937389 -0.0326576 -0.0275004
underflow!-0.0275004
pos  0.591509  0.0180982  0.0365494   0.937389 -0.0326576 -0.0275004
underflow!-0.0261925
pos  0.480795 -0.0261925   0.147923   0.922276   0.171058   0.176086
underflow!-0.0364492
pos  0.559806 -0.0277004   0.190447    0.94468  0.0641313 -0.0364492
underflow!-0.0071676
pos  0.472361 -0.0071676  0.0338033   0.912432  0.0699605   0.116893
underflow!-0.051424
pos   0.467137   -0.051424   0.0543943    0.896284  -0.0208497 -0.00780146
underflow!-0.0208497
pos   0.467137   -0.051424   0.0543943    0.896284  -0.0208497 -0.00780146
underflow!-0.00711758
pos   0.448039  -0.0292857 -0.00711758    0.837158    0.129448     0.17272
underflow!-0.0292857
pos   0.448039  -0.0292857 -0.00711758    0.837158    0.129448     0.17272
underflow!-0.0222782
pos  0.459559 -0.0222782   0.195327   0.944713  0.0424113 -0.0087528
underflow!-0.00116356
pos   0.573009   0.0195873   0.0474614    0.978459 -0.00802317 -0.00116356
underflow!-0.00205908
pos   0.642415   0.0127176   0.0122657    0.933395 -0.00205908        -nan
underflow!-0.0173588
pos  0.674932  0.0191383  0.0362658   0.937487 -0.0173588       -nan
underflow!-0.0120613
pos  0.577889  0.0182767  0.0447885    0.91862 -0.0120613       -nan
underflow!-0.00257597
pos   0.534939 -0.00257597   0.0812253    0.911022   0.0725578   0.0142318
underflow!-0.0136773
pos  0.579411 -0.0445734  0.0476615   0.880185  0.0806857 -0.0136773
underflow!-0.00413388
pos   0.520851  -0.0450053    0.059042    0.957633 -0.00413388 -0.00976796
underflow!-0.00976796
pos   0.520851  -0.0450053    0.059042    0.957633 -0.00413388 -0.00976796
underflow!-0.0408012
pos  0.355587 -0.0408012  0.0503718   0.877308  0.0797932   0.582211
underflow!-0.0198561
pos   0.47359   0.125451 -0.0198561   0.887974   0.178716   0.125359
underflow!-0.0210318
pos  0.475802 -0.0210318  0.0719402   0.869612  0.0262602  0.0354823
underflow!-0.0579273
pos  0.418599 -0.0579273 0.00732094   0.854287 -0.0406474 -0.0254842
underflow!-0.0406474
pos  0.418599 -0.0579273 0.00732094   0.854287 -0.0406474 -0.0254842
underflow!-0.0131957
pos  0.473392  0.0954674  0.0500138   0.834217 -0.0212134 -0.0131957
underflow!-0.0280521
pos  0.675966  0.0184098     0.1015   0.917682   0.108381 -0.0280521
underflow!-0.00495428
pos   0.465925    0.151661   0.0258764    0.865525    0.204705 -0.00495428
underflow!-0.0128914
pos  0.438755 -0.0128914   0.175472   0.963464  0.0389213  0.0925342
underflow!-0.0344883
pos   0.475583  -0.0344883   0.0499338    0.885318 -0.00894423  0.00332548
underflow!-0.0147634
pos  0.577312 -0.0534652 -0.0147634   0.802908   0.114341   0.116539
underflow!-0.0253073
pos  0.526524  0.0987371  0.0476186   0.849536 -0.0253073  0.0803283
underflow!-0.0352097
pos  0.569815  0.0849948   0.209622    1.00907 -0.0352097   0.183892
underflow!-0.0433741
pos  0.566114 -0.0433741   0.636445   0.600299  0.0515774   0.110583
underflow!-0.00963134
pos   0.537889 -0.00963134   0.0765326    0.855569   0.0459463   0.0355128
underflow!-0.0212871
pos  0.469663 -0.0212871  0.0649896   0.872365 0.00719932  0.0169894
underflow!-0.00339797
pos   0.523853   0.0699285   0.0868977    0.968188 -0.00339797   0.0881274
underflow!-0.0134709
pos  0.474168 -0.0134709  0.0330438   0.809506   0.178997  0.0291154
underflow!-0.0121614
pos  0.549593 -0.0121614   0.463157   0.683647  0.0524877   0.102529
underflow!-0.023243
pos 0.402424  -0.01825  0.153434  0.825971 0.0696689 -0.023243
underflow!-0.01825
pos 0.402424  -0.01825  0.153434  0.825971 0.0696689 -0.023243
underflow!-0.00891321
pos   0.509462 -0.00891321   0.0854184    0.869574   0.0627221   0.0225383
underflow!-0.0864672
pos   0.435351  -0.0864672   0.0586123    0.834822   0.0239672 -0.00827343
underflow!-0.0183468
pos  0.604515   0.112194 -0.0183468   0.909871  0.0506354   0.178954
underflow!-0.00456057
pos    0.50548 -0.00456057   0.0834694     0.86707   0.0599627   0.0261621
underflow!-0.00010519
pos   0.450061   0.0409793   0.0471789    0.939395   0.0109655 -0.00010519
underflow!-0.0523632
pos  0.444217  0.0761851   0.189841   0.891326 -0.0523632  0.0668366
underflow!-0.035073
pos 0.556889 0.0444711  0.192999  0.892917 0.0436447 -0.035073
underflow!-0.031923
pos 0.392414 -0.031923 0.0739089  0.841264 0.0278966 0.0162023
underflow!-0.00370383
pos   0.561008   0.0654607   0.0631091    0.831556 -0.00370383  0.00352411
underflow!-0.00336601
pos   0.477426 -0.00336601    0.134562    0.876682   0.0298799   0.0416256
underflow!-0.0860906
pos  0.491156 -0.0860906   0.111931   0.616402  0.0533288  0.0895256
underflow!-0.00594062
pos   0.473356   0.0844933   0.0657701    0.839342   0.0178363 -0.00594062
underflow!-0.000680612
pos    0.473716 -0.000680612    0.0582219     0.845434    0.0480199    0.0268944
underflow!-0.0146914
pos   0.47269 -0.0146914  0.0708316   0.825663  0.0224983  0.0301314
underflow!-0.0464527
pos  0.409063   0.146558  0.0072719   0.811996  0.0194632 -0.0464527
underflow!-0.00754706
pos   0.481098 -0.00754706    0.076193    0.821675   0.0401538     0.04285
underflow!-0.016266
pos 0.581005 -0.016266 0.0948726  0.731673 0.0166268  0.098232
underflow!-0.00540741
pos   0.434039    0.115401   0.0283885    0.806026   0.0231309 -0.00540741
underflow!-0.00874317
pos    0.47668 -0.00874317   0.0840511    0.807393   0.0422242   0.0395348
underflow!-0.0558806
pos  0.516873 -0.0558806  0.0650842   0.921282   0.064388  0.0979434
underflow!-0.027804
pos 0.497192 -0.027804  0.113411   0.67901 0.0523359 0.0795225
underflow!0.000270773
pos   0.481961   0.0842747   0.0379601    0.818277  -0.0115352 0.000270773
underflow!-0.0205335
pos  0.449204 -0.0205335  0.0863385   0.926668  0.0371765  0.0238468
underflow!-0.00456936
pos   0.480776   0.0347255   0.0315017    0.819282  -0.0159617 -0.00456936
underflow!-0.0425937
pos  0.481838 -0.0425937   0.146342   0.828795  0.0302398   0.114071
underflow!-0.0194846
pos  0.479868  0.0661609  0.0418852   0.821124 -0.0194846   0.463989
underflow!0.000125429
pos   0.490297   0.0752617    0.213784    0.897529   0.0118733 0.000125429
underflow!-0.00582777
pos   0.473076 -0.00582777   0.0608237    0.798853   0.0286812   0.0361214
underflow!-0.0268435
pos  0.398276 -0.0268435  0.0899301   0.863912  0.0337818  0.0678653
underflow!-0.00485616
pos   0.485057   0.0653991   0.0666679     0.81167 -0.00485616  0.00902282
underflow!-0.00858861
pos   0.486853 -0.00858861   0.0853155    0.804986   0.0430829   0.0419665
underflow!-0.00485414
pos   0.486519 -0.00485414    0.087919    0.801266   0.0449789   0.0465049
underflow!-0.080263
pos   0.73529  -0.080263  0.0299362   0.989728 0.00566049 0.00225595
underflow!-0.0267825
pos  0.475704 -0.0267825  0.0803512   0.753007  0.0400257  0.0321008
underflow!-0.10695
pos  0.450458   -0.10695 -0.0178595   0.860362   0.118293  0.0719219
underflow!-0.0178595
pos  0.450458   -0.10695 -0.0178595   0.860362   0.118293  0.0719219
underflow!-0.0589163
pos  0.449545 -0.0589163   0.103542   0.942571  0.0694123  0.0471363
underflow!-0.033229
pos  0.486718  0.0991338   0.124686   0.896862 -0.0435826  -0.033229
underflow!-0.0330098
pos  0.621943 -0.0330098   0.100286    0.94232  0.0234283  0.0742857
underflow!-0.0354504
pos  0.658088 -0.0354504  0.0524992   0.922906  0.0204334   0.023515
underflow!-0.112448
pos 0.616804 -0.112448 0.0923994    0.9212  0.154998  0.131104
underflow!-0.0183314
pos  0.543695  0.0899552 -0.0183314   0.909604   0.104649   0.164231
underflow!-0.0628163
pos  0.623227   0.124111  0.0125512   0.948974 -0.0628163    0.09485
underflow!-0.0278852
pos  0.555736  0.0515451  0.0763637   0.838756 -0.0278852   0.372864
underflow!-0.0543873
pos  0.412254 -0.0543873  0.0926558   0.851319  0.0472111   0.039312
underflow!-0.00265701
pos    0.27257 -0.00265701   0.0784914    0.874874   0.0213746    0.052192
underflow!-0.00739751
pos   0.421465 -0.00739751     0.14438    0.952001    0.188242    0.104357
underflow!-0.02169
pos  0.712766  0.0677065   0.111988    1.00946   -0.02169 0.00498759
underflow!-0.0109767
pos  0.409274  0.0441543 -0.0109767   0.839892  0.0365949  0.0788231
underflow!-0.00442667
pos    0.53816   0.0329414    0.268789    0.985682 -0.00442667   0.0301591
underflow!-0.102913
pos   0.507951   -0.102913 -0.00500759    0.984622   0.0290566   0.0652096
underflow!-0.0399605
pos  0.477699  -0.016563   0.223258    0.93579 -0.0399605   0.160613
underflow!-0.016563
pos  0.477699  -0.016563   0.223258    0.93579 -0.0399605   0.160613
underflow!-0.0776632
pos  0.554639 -0.0776632    0.20776   0.848275 -0.0468555 0.00545025
underflow!-0.0869753
pos   0.56161 -0.0869753   0.161775   0.777685 -0.0161176 -0.0163979
underflow!-0.0163979
pos   0.56161 -0.0869753   0.161775   0.777685 -0.0161176 -0.0163979
underflow!-0.0118783
pos  0.546014   0.406232   0.071978    0.77839 -0.0118783   0.529198
underflow!-0.0138495
pos  0.539459  0.0351698  0.0327101   0.797052 -0.0138495   0.144602
underflow!-0.0163495
pos  0.586361 -0.0955231   0.158996   0.978533  0.0455621 -0.0163495
underflow!-0.104665
pos   0.565213   -0.104665 -0.00489782    0.987209   0.0729393   0.0287633
underflow!-0.0108232
pos  0.487417   0.115192  0.0602175   0.806304 -0.0353084 -0.0108232
underflow!-0.0397843
pos  0.564753   0.105127 -0.0118037   0.882352   0.132648 -0.0397843
underflow!-0.0514225
pos   0.46925  0.0135986  0.0234219    0.81086 -0.0514225  0.0857051
underflow!-0.0268682
pos  0.416462   0.425428  0.0639738   0.916268 -0.0268682   0.678907
underflow!-0.028952
pos 0.542043 -0.028952 0.0900728  0.870266 0.0498051  0.427806
underflow!-0.0480579
pos  0.530408 -0.0371821  0.0404953   0.966001 -0.0480579 0.00180335
underflow!-0.0371821
pos  0.530408 -0.0371821  0.0404953   0.966001 -0.0480579 0.00180335
underflow!-0.0378218
pos  0.445993 -0.0378218    0.16981   0.945695   0.459742   0.509513
underflow!-0.00571666
pos   0.528203 -0.00571666    0.050726    0.929585   0.0179542   0.0155055
underflow!-0.0132995
pos  0.536275   0.147276  0.0569517   0.826772 -0.0132995  0.0208704
underflow!-0.00479779
pos   0.526778 -0.00479779   0.0418064    0.938994    0.213731   0.0161029
underflow!-0.0470183
pos  0.512739 -0.0470183   0.158946   0.948688 -0.0426333   0.108069
underflow!-0.00561162
pos   0.532196   0.0414329    0.114128     0.84957 -0.00561162    0.165737
underflow!-0.024917
pos 0.445933   0.43015  0.168589  0.951371 -0.024917 0.0651157
underflow!-0.0230939
pos  0.525572 -0.0167785  0.0503406   0.904861 -0.0230939   0.044545
underflow!-0.0167785
pos  0.525572 -0.0167785  0.0503406   0.904861 -0.0230939   0.044545
underflow!-0.0136855
pos   0.56774 -0.0136855   0.168074   0.820592  0.0951608  0.0352569
underflow!-0.0882527
pos  0.523254 -0.0882527  0.0963152   0.972772    0.10472   0.102601
underflow!-0.0212278
pos  0.451044 -0.0341186   0.165074   0.814463   0.108377 -0.0212278
underflow!-0.00315671
pos   0.658215 -0.00315671   0.0585205     0.89366  -0.0119435   0.0258261
underflow!-0.0242755
pos  0.459507 -0.0242755    0.14007   0.824058  0.0996394   0.168936
underflow!-0.00752096
pos   0.500945   0.0732172    0.059606    0.918383 -0.00752096   0.0226899
underflow!-0.0887821
pos  0.534916 -0.0887821   0.162756   0.971521  0.0965531 -0.0216061
underflow!-0.0216061
pos  0.534916 -0.0887821   0.162756   0.971521  0.0965531 -0.0216061
underflow!6.93741e-05
pos   0.515505 6.93741e-05   0.0736598    0.866436   0.0119544   0.0391476
underflow!-0.035781
pos 0.492094 0.0151191  0.160498  0.803477  0.138645 -0.035781
underflow!-0.0191359
pos  0.536011 -0.0191359   0.134524   0.934025  0.0866412   0.203192
underflow!-0.0183008
pos  0.441195 -0.0153194  0.0618282   0.845626 -0.0183008 0.00736529
underflow!-0.0193223
pos  0.480008 -0.0193223  0.0575288   0.965278  0.0239128  0.0110905
underflow!0.000745828
pos   0.526677 0.000745828   0.0267702    0.971259    0.101554    0.135576
underflow!-0.0188044
pos  0.536234 -0.0188044   0.152497   0.948484  0.0966722    0.15137
underflow!-0.0102687
pos  0.415689 -0.0102687    0.11637   0.696389   0.146457  0.0365588
underflow!-0.0307255
pos  0.553946 0.00826431   0.143686    0.82611   0.102824 -0.0307255
underflow!-0.00498464
pos   0.632699 -0.00498464   0.0645137    0.874865  0.00150599   0.0320688
underflow!-0.0307879
pos  0.414944  0.0452944  0.0682279   0.877342   0.146685 -0.0307879
underflow!-0.0054427
pos  0.547602   0.236277  0.0549841    0.91618 -0.0054427  0.0293245
overflow!
underflow!-0.0166445
pos  0.470471  0.0203966  0.0772519    1.00383 -0.0166445   0.110508
underflow!-0.0064322
pos  0.627784  0.0480296 0.00688894    1.01145  0.0688706 -0.0064322
underflow!-0.0133577
pos   0.524454  -0.0133577   0.0699266    0.866329 -0.00621111   0.0429094
underflow!-0.00545885
pos   0.625006    0.131306    0.181866    0.926632 -0.00545885  -0.0362813
underflow!-0.0362813
pos   0.625006    0.131306    0.181866    0.926632 -0.00545885  -0.0362813
underflow!-0.00958509
pos    0.74875 -0.00958509   0.0465806     0.79456    0.102227   0.0492217
underflow!-0.0295944
pos  0.536476 -0.0295944   0.190647   0.930276  0.0148514   0.174186
underflow!-0.00185442
pos   0.555638 -0.00185442    0.158613    0.897104   0.0242435    0.132804
overflow!
underflow!-0.0681791
pos  0.433654 -0.0681791  0.0208146    1.00242 -0.0321952 -0.0499173
underflow!-0.0462517
pos  0.439161 -0.0462517   0.038842   0.925089   0.121364   0.170559
underflow!-0.0210859
pos  0.429297   0.111062   0.132154   0.883348 -0.0210859   0.114807
underflow!-0.0278595
pos  0.222127   0.601697  0.0114545   0.318611 -0.0278595 -0.0439073
underflow!-0.102759
pos 0.608634 -0.102759  0.203784  0.889229 0.0207946  0.113767
underflow!-0.00448653
pos   0.451401  -0.0380768   0.0485644    0.941876 -0.00448653  -0.0133534
underflow!-0.0380768
pos   0.451401  -0.0380768   0.0485644    0.941876 -0.00448653  -0.0133534
underflow!-0.00435296
pos   0.256686    0.319093   0.0907509    0.922603 -0.00435296   0.0333539
underflow!-0.0634409
pos  0.653324 -0.0634409   0.108195   0.858282  0.0134685   0.108786
underflow!-0.0272091
pos   0.468475  -0.0272091   0.0521322    0.917923   0.0105066 -0.00743867
underflow!-0.0247577
pos  0.476529 -0.0247577  0.0560801   0.900714 0.00586336 0.00308438
underflow!-0.00704215
pos   0.468963 -0.00704215   0.0573021    0.896279  0.00735225  0.00495932
underflow!-0.00205748
pos   0.435031      0.3309   0.0384242    0.910675 0.000993824 -0.00205748
underflow!-0.0211481
pos  0.465218 -0.0211481  0.0547412   0.833179 0.00556706  0.0658779
underflow!-0.00869479
pos   0.454981    0.356972   0.0330457    0.949376 -0.00869479 -0.00734777
underflow!-0.0264963
pos  0.446098   0.105458  0.0303937   0.986747   0.358074 -0.0264963
underflow!-0.0366773
pos  0.367486 -0.0366773   0.044913   0.936012 0.00986734 0.00865019
underflow!-0.0113698
pos  0.474959 -0.0113698  0.0666984   0.878435   0.017605  0.0191184
underflow!0.000572529
pos    0.46009  -0.0190016   0.0461794    0.919203 0.000572529 -0.00398994
underflow!-0.0190016
pos    0.46009  -0.0190016   0.0461794    0.919203 0.000572529 -0.00398994
underflow!-0.026031
pos 0.451639 0.0531622  0.112583   1.00781  0.137462 -0.026031
underflow!-0.099606
pos  0.509524  -0.099606  0.0942928   0.954524  0.0721082 0.00540569
underflow!-0.0446198
pos   0.43673  0.0232676  0.0199611   0.993462 -0.0284534 -0.0446198
underflow!-0.0538102
pos   0.39216  0.0201424   0.161217   0.947864 -0.0538102   0.102771
underflow!-0.00986095
pos   0.440317  -0.0346282   0.0443821    0.931653 -0.00252013 -0.00986095
underflow!-0.0346282
pos   0.440317  -0.0346282   0.0443821    0.931653 -0.00252013 -0.00986095
underflow!-0.00252013
pos   0.440317  -0.0346282   0.0443821    0.931653 -0.00252013 -0.00986095
underflow!-0.0832115
pos   0.55768 -0.0832115 -0.0159728   0.959711   0.160779  0.0423074
underflow!-0.0121642
pos  0.566767 -0.0492243  0.0598584   0.937559  0.0660782 -0.0121642
underflow!-0.0492243
pos  0.566767 -0.0492243  0.0598584   0.937559  0.0660782 -0.0121642
underflow!-0.068916
pos 0.508288 -0.068916 0.0950286  0.913367 0.0676019 0.0206573
underflow!-0.00455276
pos   0.510539 -0.00455276   0.0732682     0.87044   0.0584119   0.0255493
underflow!-0.040765
pos   0.596627 -0.00169418  0.00366811      0.9713   -0.040765 0.000456425
underflow!0.000456425
pos   0.596627 -0.00169418  0.00366811      0.9713   -0.040765 0.000456425
underflow!-0.00674931
pos   0.474441 -0.00795368  0.00561595    0.965613 -0.00674931    0.191314
underflow!-0.00795368
pos   0.474441 -0.00795368  0.00561595    0.965613 -0.00674931    0.191314
underflow!-0.0253601
pos  0.546379 -0.0253601  0.0885437   0.882122  0.0559821  0.0380252
underflow!-0.086069
pos   0.46483  -0.086069   0.187403   0.823822   0.074606 -0.0467891
underflow!-0.0467891
pos   0.46483  -0.086069   0.187403   0.823822   0.074606 -0.0467891
underflow!-0.0222788
pos  0.631521 -0.0222788  0.0158923    1.00382   0.012057   0.100782
underflow!-0.0154306
pos   0.498281  -0.0154306   0.0239072    0.911954   0.0480499 -0.00951615
underflow!-0.0369589
pos  0.395226  0.0037082  0.0355133   0.939009 -0.0369589   0.154942
underflow!-0.0903324
pos  0.594871 -0.0903324   0.158903   0.935366  0.0785428 -0.0411711
underflow!-0.00462793
pos   0.592043 -0.00462793    0.157056     0.92399     0.12237  -0.0377405
underflow!-0.0377405
pos   0.592043 -0.00462793    0.157056     0.92399     0.12237  -0.0377405
underflow!-0.00697653
pos   0.555476   -0.010887    0.044172    0.956693   0.0549965 -0.00697653
underflow!-0.010887
pos   0.555476   -0.010887    0.044172    0.956693   0.0549965 -0.00697653
underflow!-0.0345602
pos  0.507932 -0.0345602   0.095912   0.878267  0.0616321  0.0333469
underflow!-0.00981855
pos   0.688648 -0.00981855   0.0526725    0.939961   0.0443334 0.000490596
underflow!0.000490596
pos   0.688648 -0.00981855   0.0526725    0.939961   0.0443334 0.000490596
underflow!-0.027068
pos 0.751651 -0.027068   0.16916  0.865968 0.0539508 0.0377048
underflow!-0.107734
pos 0.392274 -0.107734  0.018151  0.933038  0.144677 0.0218501
underflow!-0.0300175
pos  0.542841 -0.0300175  0.0665634   0.880624   0.110184  0.0580139
underflow!-0.00848914
pos   0.534296 -0.00848914   0.0799501    0.876049   0.0599582   0.0733472
underflow!-0.00571845
pos   0.532328 -0.00571845    0.080159    0.855842   0.0591041   0.0324761
underflow!-0.0177471
pos  0.542008 -0.0177471  0.0758358   0.877743  0.0609859   0.020368
underflow!-0.00449174
pos   0.562347  -0.0375898   0.0636919    0.922734   0.0646073 -0.00449174
underflow!-0.030051
pos  0.599665  -0.030051  0.0603322    0.84089 -0.0464105   0.106724
underflow!-0.0232373
pos  0.275424 -0.0232373  0.0668709     0.8116   0.045554  0.0437289
underflow!-0.0217211
pos  0.525507 -0.0217211  0.0809471   0.867663   0.142098  0.0356839
underflow!-0.0136563
pos  0.597551    0.68751  0.0308279   0.794581 -0.0136563  0.0942686
underflow!-0.0145963
pos  0.506289 -0.0145963  0.0973002   0.850721  0.0621202  0.0586722
underflow!-0.0483273
pos  0.417266 -0.0483273  0.0360177   0.893661  0.0481501 0.00699776
underflow!-0.0786185
pos  0.232933 -0.0786185  0.0805678   0.881634  0.0239069   0.133512
underflow!-0.00390187
pos   0.505594 -0.00390187   0.0983605    0.832357   0.0576119   0.0529969
underflow!-0.0326542
pos  0.218821 -0.0326542  0.0628989   0.924617  0.0356858  0.0663132
overflow!
underflow!-0.0275632
pos  0.458053   0.115232   0.124101   0.859679 -0.0275632   0.104354
underflow!-0.00998805
pos    0.55884   0.0149401    0.183614    0.836554 -0.00998805    0.050982
underflow!-0.0526583
pos    0.39773 -0.00499938   0.0537186    0.861053  -0.0526583   0.0584116
underflow!-0.0349629
pos  0.232269 -0.0349629  0.0377825   0.542555  0.0287918 0.00472066
underflow!-0.00469132
pos   0.555441    0.092569   0.0111805     1.00255 -0.00469132   0.0455367
overflow!
underflow!0.000845334
pos   0.552247   0.0859241    0.108952    0.816585   -0.018431 0.000845334
underflow!-0.0033836
pos  0.519978  0.0579974  0.0553088   0.849723 -0.0033836 0.00536469
underflow!-0.0233478
pos  0.444837 -0.0312211   0.100912   0.890127 -0.0233478   0.158011
underflow!-0.0312211
pos  0.444837 -0.0312211   0.100912   0.890127 -0.0233478   0.158011
underflow!-0.0154429
pos  0.531164 -0.0154429   0.186298   0.998093 -0.0197473   0.188241
underflow!-0.0197473
pos  0.531164 -0.0154429   0.186298   0.998093 -0.0197473   0.188241
underflow!-0.0150757
pos   0.56309 -0.0150757   0.223862   0.925237   0.135458   0.106097
underflow!-0.00409153
pos   0.598755 -0.00409153    0.127585    0.922168  0.00800577    0.169712
underflow!-0.0149496
pos  0.351493 -0.0149496  0.0593294   0.784728  0.0284264   0.127394
underflow!-0.0942812
pos  0.482927 -0.0942812  0.0451321   0.785548  0.0686461  0.0754415
underflow!-0.0546688
pos  0.577582 -0.0546688   0.226637   0.971628  0.0851185   0.187525
underflow!-0.113805
pos 0.549824 -0.113805  0.176783  0.802581  0.139265  0.138971
underflow!-0.0106816
pos  0.591071 -0.0106816   0.175737   0.919293  0.0512201   0.156828
underflow!-0.0917386
pos  0.480716 -0.0917386  0.0593034    0.88962   0.153124  0.0417812
underflow!-0.00560655
pos   0.548226 -0.00560655    0.166748    0.919803   0.0741229    0.149628
underflow!-0.00486443
pos   0.605636  -0.0551839 -0.00592062     1.01902 -0.00486443    0.162713
underflow!-0.00592062
pos   0.605636  -0.0551839 -0.00592062     1.01902 -0.00486443    0.162713
underflow!-0.0551839
pos   0.605636  -0.0551839 -0.00592062     1.01902 -0.00486443    0.162713
overflow!
underflow!-0.0428207
pos  0.540125 -0.0428207    0.15218   0.880665  0.0439451  0.0944468
underflow!-0.0462282
pos  0.434124 0.00661284  0.0407026   0.995162 -0.0462282   0.183653
underflow!0.000894157
pos   0.354413   0.0223844    0.189579    0.898013 0.000894157   0.0810156
underflow!-0.000486144
pos    0.332972 -0.000486144    0.0996565     0.695282    0.0739389    0.0303907
underflow!-0.000239009
pos    0.197363 -0.000239009    0.0459717     0.834316     0.060063    0.0389046
underflow!-0.0657815
pos  0.640621 -0.0334034  0.0860372   0.994608 -0.0657815   0.075554
underflow!-0.0334034
pos  0.640621 -0.0334034  0.0860372   0.994608 -0.0657815   0.075554
underflow!-0.0283944
pos  0.547968  0.0146793   0.193876   0.784739   0.139467 -0.0283944
GBMAT from first PSO:

   0.533273  -0.0902592    0.139333    0.862619    0.157077    0.164725  2.3094e+08
   0.569689   0.0757878    0.124763    0.787169   0.0114504    0.069118 1.15514e+08
   0.367566    0.763308    0.150915    0.938945  0.00697336    0.135332  9.3569e+07
    0.44572   0.0536782    0.136576     1.00137   0.0795901   0.0835133  8.7018e+07
   0.643383   0.0658008   0.0734115    0.765121  0.00397292   0.0411157     91697.5
   0.490621   0.0368868    0.113034    0.576295    0.234796   0.0835094     36482.7
   0.579865   0.0966076   0.0935849    0.624407    0.192363   0.0629929     19483.7
    0.57071   0.0791803   0.0944042    0.618092    0.183185   0.0639638     18444.3
   0.569553    0.079591   0.0953329    0.609179    0.181754   0.0648473     17498.6
   0.569553    0.079591   0.0953329    0.609179    0.169916   0.0648473     15150.8
    0.56942   0.0796163   0.0953202    0.609132    0.169916   0.0648473     14340.2
   0.577285    0.080447   0.0953651    0.613868    0.169916   0.0648438     13507.8
   0.573233   0.0569627   0.0948243    0.749359    0.137811   0.0642092     11430.6
   0.578021   0.0745994   0.0951194    0.710993    0.153418    0.064529     11403.5
   0.554857   0.0671958   0.0954623    0.739127    0.146009   0.0646113     9582.26
   0.562483   0.0715294    0.101163    0.719115    0.145266   0.0705041     6644.04
   0.562716   0.0571838    0.101095     0.74719    0.117139   0.0705192     4794.25
   0.551998   0.0567279    0.100781    0.746546    0.119273   0.0701433     3644.26
   0.556081   0.0409234    0.100978    0.763136    0.117444   0.0704887     3508.41
   0.551144   0.0302301   0.0988729    0.816505    0.086976   0.0680643     2587.91
   0.550153   0.0304891   0.0988501    0.815884    0.087018   0.0679915     1913.09
   0.561727     0.02956   0.0986898    0.823974   0.0868783   0.0678333     1892.11
   0.555834   0.0214442   0.0998424    0.851137   0.0598641   0.0689254     1529.63
    0.48719   0.0279578   0.0996713     0.82493   0.0635612   0.0686299     1381.06
    0.48719   0.0277473   0.0996221    0.825013    0.063575   0.0686026     1257.89
    0.50427   0.0277871   0.0997074    0.789238   0.0534215   0.0687605      709.63
   0.509226   0.0255736    0.101738    0.809949   0.0565976   0.0708308     396.958

truk 0.515996 0.0103199  0.103199  0.896801   0.05516 0.0722394
distance b/w truk and final GBVEC 0.113182
 targeted pso has begun!
CODE FINISHED RUNNING IN 12389 s TIME!
Job Statistics for 1426111:
           JobID       User               Start                 End    Elapsed     MaxRSS   TotalCPU      State Exit        NodeList                                  ReqTRES 
---------------- ---------- ------------------- ------------------- ---------- ---------- ---------- ---------- ---- --------------- ---------------------------------------- 
         1426111   rsjxw007 2021-07-16T11:55:34 2021-07-16T15:22:04   03:26:30            2-10:29:32  COMPLETED  0:0   r1pl-hpcf-n26     billing=20,cpu=20,mem=156240M,node=1 
   1426111.batch            2021-07-16T11:55:34 2021-07-16T15:22:04   03:26:30      2.94M 2-10:29:32  COMPLETED  0:0   r1pl-hpcf-n26                                          
  1426111.extern            2021-07-16T11:55:34 2021-07-16T15:22:04   03:26:30          0  00:00.002  COMPLETED  0:0   r1pl-hpcf-n26                                          
CPU Efficiency: 84.98% of 2-20:50:00 core-walltime
