PSO_S_ODE_NonLinear
sample size:10000 Nparts:300 Nsteps:40
mu: 80 250  85
covarMat:20  0  0
 0  5  0
 0  0 10

seedk:0.997185 0.932557 0.128124 0.999041 0.236089 0.396581| cost:7.38356e+08
Xt:  0.58539   144.748   79.3276  0.274832   59.3394   25.6286  0.345988   20991.9    6312.6 0.0762409   3533.28   658.885    84.379   46.6893  0.162133   34.6562    15.084   11456.3   39.6515   8597.67   3701.22   21.8994   4700.96   2039.43     16.23   7.07511   1518.75
PSO begins!
underflow!0.000880441
pos   0.522041      0.3499    0.496907    0.279285 0.000880441    0.626326
GBMAT from first PSO:

   0.997185    0.932557    0.128124    0.999041    0.236089    0.396581 7.38356e+08
   0.297248    0.236276     0.63352   0.0723458    0.455559    0.199965 4.51959e+08
   0.226252    0.245958    0.528278    0.876489   0.0818644    0.809476 3.76011e+08
   0.320867    0.640955    0.280826    0.994749     0.19734      0.2459 2.48176e+07
   0.239907    0.821654     0.34832    0.211763    0.211353    0.285453 6.23917e+06
   0.895313    0.508904    0.914933    0.286121    0.656583    0.851021  4.8553e+06
   0.505596    0.526689    0.637228    0.258326     0.52135    0.587983 3.50791e+06
   0.811886    0.312806    0.584103    0.851554    0.067468    0.517009 1.30127e+06
   0.536167   0.0866537    0.388709     0.52112    0.347222    0.349772 1.19574e+06
   0.665125    0.111862    0.498132    0.709033    0.190557    0.443426 1.19526e+06
   0.542265    0.352102    0.204266    0.478317    0.432418    0.175348 1.11639e+06
   0.594549    0.253894    0.336866    0.553666    0.366212      0.2974 1.04659e+06
   0.507862    0.417119    0.210045    0.649014    0.339669    0.176326      991430
   0.758613    0.265654    0.192882    0.467079    0.332907    0.164859      633469
   0.570805    0.304585    0.180842    0.626086    0.289651    0.148942      569723
   0.570805    0.304585    0.180842    0.626086    0.262313    0.148942      537887
   0.551212    0.362619    0.121536    0.577335    0.370524   0.0909698      351242
   0.556121    0.362127    0.125201    0.580867    0.370083   0.0952164      299259
   0.555821    0.186057    0.121188    0.561132    0.258895   0.0911752      117388
   0.572456    0.148239      0.1299    0.582737       0.261     0.10056      102168
   0.602908    0.328116   0.0830203    0.677961    0.182621   0.0513198     68387.7
   0.595271     0.31569   0.0907388    0.673955    0.181998   0.0593889     63459.8
   0.630904    0.280011    0.097792    0.640019     0.17348    0.066669     53141.3
    0.61792    0.269758    0.102035    0.617859    0.174698   0.0713738     48295.5
   0.688808    0.156173    0.115855    0.572609    0.193036   0.0859682     36588.8
    0.55435    0.119037    0.102615    0.621184    0.143938   0.0721443     9829.58
   0.639659    0.138792    0.103484    0.623266    0.148406    0.073044     9520.94
   0.629591    0.128853    0.104214    0.621893    0.149377   0.0738895     9377.87
   0.596788    0.105367    0.109086    0.626183    0.140581   0.0788762     7728.66
   0.633776   0.0979234     0.11233    0.689252    0.130273    0.082123     6577.61
   0.611525    0.102333    0.109817    0.670911    0.133988   0.0795135     6562.31
   0.626004    0.103712    0.108198    0.640841    0.114534   0.0778368     4380.27
    0.63232    0.109206    0.108477    0.645346    0.118458   0.0781108     4268.61

truk 0.515996 0.0603199  0.103199  0.896801   0.05516 0.0722394
distance b/w truk and final GBVEC0.491112
CODE FINISHED RUNNING IN 5369 s TIME!
Job Statistics for 1430362:
           JobID       User               Start                 End    Elapsed     MaxRSS   TotalCPU      State Exit        NodeList                                  ReqTRES 
---------------- ---------- ------------------- ------------------- ---------- ---------- ---------- ---------- ---- --------------- ---------------------------------------- 
         1430362   rsjxw007 2021-07-21T07:10:23 2021-07-21T08:39:53   01:29:30            1-01:07:16  COMPLETED  0:0   r1pl-hpcf-n22     billing=20,cpu=20,mem=156240M,node=1 
   1430362.batch            2021-07-21T07:10:23 2021-07-21T08:39:53   01:29:30      2.16M 1-01:07:16  COMPLETED  0:0   r1pl-hpcf-n22                                          
  1430362.extern            2021-07-21T07:10:23 2021-07-21T08:39:53   01:29:30          0  00:00.002  COMPLETED  0:0   r1pl-hpcf-n22                                          
CPU Efficiency: 84.20% of 1-05:50:00 core-walltime
