PSO_S_ODE_NonLinear
sample size:100000 Nparts:300 Nsteps:40
339
mu:4.78334 5.52142 4.38156
covarMat:800.299       0       0
      0 7.99968       0
      0       0 93.7061

362
Xt:    816.168     3.59299     10.2645     11.0139     99.9057     13.7232 2.01658e+06      206.41     230.025     661.968     34059.8     411.317     37.7797     9154.09     9839.58     78979.3     12241.3     23.9742     7.39807     463.615     31.9539     73.2439     1298.53     307.591     23.6451     97.7743     1736.45
PSO begins!
