PSO_S_ODE_NonLinear
sample size:10000 Nparts:300 Nsteps:40
339
362
Xt:30.9463 5.99514 88.7748 77.2772  2.0019 77.9674 1082.91 52.2293 7887.44 6020.85 4.09368 6083.91 153.592 2741.77 2433.27 60.5155    2408 533.674 444.373 12.8681 468.691 6846.73  178.21 6927.23 152.786 6013.23 156.514
PSO begins!
underflow!0.000866098
pos0.000866098    0.445398    0.784817     0.85641    0.153793    0.994063
GBMAT from first PSO:

   0.366743   0.0796943    0.554821    0.669168     0.67959    0.631723 1.09455e+08
   0.105984    0.310007    0.499965    0.174419    0.919448    0.248533 3.37736e+07
   0.101165    0.310551    0.520453    0.166057    0.923273    0.249415 3.37477e+07
   0.101165     0.24482    0.703603   0.0875805    0.964256    0.249415 3.36875e+07
   0.604731    0.423898    0.607689    0.541799    0.883844    0.393475 1.41913e+07
   0.670793    0.423898    0.757163    0.227461    0.454995    0.393475 1.41622e+07
   0.670793    0.423898    0.920035    0.276821    0.454995    0.643291 1.41244e+07
   0.677935    0.427776     0.92085    0.279851    0.465566    0.641373 1.40562e+07
   0.677935    0.427776     0.92085    0.279851    0.465566    0.641373 1.40167e+07
   0.681582    0.473553    0.943815    0.208821    0.466182     0.54874 1.39911e+07
   0.681582    0.473553    0.943815    0.208821    0.466182     0.54874 1.39862e+07
   0.679358    0.472205    0.943835    0.193594    0.480249    0.535342 1.39193e+07
   0.666105    0.740366    0.946908    0.161795    0.443606    0.826524 1.39182e+07
   0.677646    0.740366    0.951535    0.158699    0.414513    0.840845 1.38702e+07
    0.67546    0.838197    0.954256    0.155141    0.233529    0.778018 1.38389e+07
   0.649539    0.844212    0.946724    0.178512    0.224763    0.774719 1.37475e+07
   0.649539    0.843798    0.946724    0.202666    0.225918    0.773727 1.36699e+07
   0.893103    0.304637    0.810121    0.510593    0.366952    0.502812 1.25412e+07
   0.971152    0.304637    0.932904    0.608893    0.366952    0.502812 1.24914e+07
   0.971936    0.251554    0.951963    0.601258     0.35417    0.502812 1.24083e+07
   0.977247    0.604316    0.933038    0.421831    0.583099    0.475277 6.16436e+06
   0.977247    0.604316    0.933038    0.421831    0.708915     0.45239 6.03858e+06
   0.382776    0.932394    0.501225    0.677999    0.558822    0.194165 4.02897e+06
   0.382717    0.935527    0.501225    0.678073    0.504766    0.175375 4.00153e+06
   0.226401    0.541009    0.598115    0.151483    0.388664    0.444415 1.46504e+06
   0.247725    0.496582    0.602667   0.0914415      0.5137    0.475702 1.46057e+06
   0.237731    0.575731    0.603797   0.0883563    0.514255    0.558467 1.45859e+06
   0.237766     0.57243    0.620896   0.0882973    0.514228    0.558468 1.45757e+06
   0.927535      0.6331    0.771503    0.395586    0.648539     0.57426      483074
   0.927535      0.6331    0.771503    0.395586    0.648539     0.57426      475109
     0.9283    0.635729    0.769166      0.3978    0.648493    0.574405      470526

truk  0.515996  0.0103199   0.103199   0.896801 0.00515996  0.0722394
distance b/w truk and final GBVEC3.34818
CODE FINISHED RUNNING IN 6799 s TIME!
Job Statistics for 1419631:
           JobID       User               Start                 End    Elapsed     MaxRSS   TotalCPU      State Exit        NodeList                                  ReqTRES 
---------------- ---------- ------------------- ------------------- ---------- ---------- ---------- ---------- ---- --------------- ---------------------------------------- 
         1419631   rsjxw007 2021-07-12T12:15:20 2021-07-12T14:08:40   01:53:20            1-05:07:28  COMPLETED  0:0   r1pl-hpcf-n23     billing=20,cpu=20,mem=156240M,node=1 
   1419631.batch            2021-07-12T12:15:20 2021-07-12T14:08:40   01:53:20      2.02M 1-05:07:28  COMPLETED  0:0   r1pl-hpcf-n23                                          
  1419631.extern            2021-07-12T12:15:20 2021-07-12T14:08:40   01:53:20          0  00:00.002  COMPLETED  0:0   r1pl-hpcf-n23                                          
CPU Efficiency: 77.09% of 1-13:46:40 core-walltime
