PSO_S_ODE_NonLinear
PSO using 27 moments.
Sample Size:5000 Nparts:300 Nsteps:40
mu: 80 250  85
covarMat:
 50   0   0
  0 100   0
  0   0  50

Yt: 5.49991  28.9167  74.5083    61.97 0.367595  84.5737  101.714  1555.13  5585.69  4665.58  0.92199  7200.42  22.7959  382.547  508.345 0.778761  447.319   2128.1  1118.65  21.3608  2495.16  4602.22  26.2999  6322.32  12.0288  5122.21  32.2467
seedk: 0.96324 0.672498 0.228472 0.843316 0.103435 0.599965| cost:6.26351e+08
Xt: 0.54198  139.624   79.562 0.471657  54.8871  30.2979  0.30305  19691.7  6379.73 0.230974  3069.65  925.162  74.4186  43.7336 0.261326  29.5194  16.6542  11038.8  65.2055  7689.97  4203.66  37.9828  4348.48  2429.46  25.2711  14.4642  1655.94
PSO begins!
underflow!0.000841272
pos   0.106035    0.102538    0.729273    0.474041 0.000841272     0.77922
GBMAT from first PSO:

    0.96324    0.672498    0.228472    0.843316    0.103435    0.599965 6.26351e+08
   0.739534    0.465194    0.528872    0.966959    0.552203    0.371514 6.64162e+07
   0.180299    0.630994    0.929928    0.720026    0.133509    0.815348 4.90827e+07
   0.807116    0.639395      0.9675     0.76824    0.634844    0.802709 8.58203e+06
   0.769717    0.772222    0.987995    0.698501    0.182935    0.821295 5.06402e+06
   0.817192    0.589966     0.56705    0.813838    0.291545    0.481012 3.28864e+06
   0.358225    0.290632    0.876372    0.514382    0.238234    0.735558 3.18935e+06
   0.826329    0.449594    0.437011    0.490811    0.718256    0.395567  1.7053e+06
   0.583216    0.438562    0.126891    0.861847    0.501662   0.0977644      630668
   0.893859    0.370704     0.15565    0.478735    0.427071    0.127465      443625
   0.893859    0.370704     0.15565    0.478735    0.427071    0.127465      443625
   0.906845    0.361938     0.15016    0.473219    0.441046    0.122762      422354
   0.906845    0.279898     0.15016    0.473219    0.441046    0.122762      388391
   0.820442    0.339327    0.119261    0.401207    0.371634   0.0906482      253467
   0.855493    0.404793    0.119261    0.393487    0.371634   0.0906482      251955
   0.800924    0.363923   0.0861114    0.555272    0.282576   0.0560466      210828
   0.821508    0.426305   0.0935848    0.441483    0.307932   0.0639402      128159
   0.810673    0.270773    0.101768     0.43947     0.32594   0.0731338      111042
   0.806775    0.276171     0.10397     0.44544    0.332434   0.0752576     96848.6
   0.845517    0.343365   0.0994292    0.489859    0.204553    0.069517     51730.8
   0.851365    0.284953     0.10296    0.522219    0.220755   0.0733453     43056.7
   0.851613    0.285396    0.103677    0.523617    0.222631   0.0737683       31645
   0.851469    0.289168     0.10589    0.527574     0.23173   0.0761095     31265.4
   0.919872    0.304647    0.104568    0.570231    0.207164   0.0746277     21248.5
   0.898019    0.307965    0.104557    0.578097    0.186508   0.0744429       17707
   0.898019    0.307965    0.104557    0.578097    0.186508   0.0744429       17707
    0.89761    0.309318    0.105328    0.577905    0.189814   0.0752044     17061.6
   0.900994     0.30569    0.104881     0.59788    0.174466    0.074603     13019.3
   0.904394    0.286051      0.1044     0.58344    0.170843   0.0741699     12495.5
     0.8716    0.291523    0.105875    0.611204    0.167562   0.0755396     11192.4
   0.877542    0.290227    0.106767    0.609197    0.164853   0.0764038     11130.5
    0.87504     0.29065    0.106467    0.607419    0.164708    0.076106     11093.7
   0.877303    0.290299    0.106106    0.604937    0.166072   0.0757857     11043.7
   0.873482    0.291114    0.106087    0.610082    0.159414   0.0757481     10621.9
   0.891063    0.294828    0.105896     0.60594    0.148671    0.075457     8963.97
   0.884351    0.205018    0.104772    0.576878    0.124886   0.0745119     6154.76
   0.881327    0.225082    0.104736    0.603198    0.134223   0.0743608     6042.06
    0.88196    0.222077    0.104828    0.595676    0.133545   0.0744885     6025.46
   0.902464    0.237775    0.104958    0.607485    0.135199    0.074624     5600.75
   0.900781    0.236223    0.104999    0.605782    0.130791   0.0746696     5496.66
   0.898787     0.24206    0.105416    0.605667    0.133461   0.0750646     5222.23
   0.898749     0.21563    0.105208    0.593486    0.120282    0.074812     5000.97
   0.895791    0.224795    0.105279    0.591124    0.122186   0.0749471     4771.32
   0.881978    0.211843    0.105487    0.615517    0.131168   0.0751556     4627.09
   0.884778    0.218109    0.105481    0.613579    0.130818   0.0751282     4616.36

truk 0.515996 0.0603199  0.103199  0.896801   0.05516 0.0722394
total difference b/w truk and final GBVEC0.24685
CODE FINISHED RUNNING IN 21567 s TIME!
Job Statistics for 1487773:
           JobID       User               Start                 End    Elapsed     MaxRSS   TotalCPU      State Exit        NodeList                                  ReqTRES 
---------------- ---------- ------------------- ------------------- ---------- ---------- ---------- ---------- ---- --------------- ---------------------------------------- 
         1487773   rsjxw007 2021-07-28T15:21:36 2021-07-28T21:21:04   05:59:28              05:58:19  COMPLETED  0:0   r1pl-hpcf-n21         billing=1,cpu=1,mem=7812M,node=1 
   1487773.batch            2021-07-28T15:21:36 2021-07-28T21:21:04   05:59:28      1.57M   05:58:19  COMPLETED  0:0   r1pl-hpcf-n21                                          
  1487773.extern            2021-07-28T15:21:36 2021-07-28T21:21:04   05:59:28          0  00:00.001  COMPLETED  0:0   r1pl-hpcf-n21                                          
CPU Efficiency: 99.68% of 05:59:28 core-walltime
