PSO_S_ODE_NonLinear
sample size:1500 Nparts:300 Nsteps:40
mu: 80 250  85
covarMat:20  0  0
 0  5  0
 0  0 10

seedk:0.997185 0.932557 0.128124 0.999041 0.236089 0.396581| cost:7.36942e+08
Xt: 0.587578   144.526   79.5056  0.275384   59.3695   25.6861  0.348566     20927   6340.99 0.0765812   3537.25   661.847   84.5682   46.9686  0.163105   34.7954   15.1743   11464.6   39.6669   8589.63    3703.9   21.9958   4713.24    2048.6   16.2664   7.10626   1522.72
PSO begins!
underflow!0.000114155
pos   0.792878 0.000114155    0.720409     0.10121     0.82284    0.599208
underflow!3.32462e-05
pos   0.903243    0.150396    0.521353 3.32462e-05    0.420955    0.516019
underflow!0.000571108
pos   0.954125    0.447791    0.537343     0.24548 0.000571108    0.917019
GBMAT from first PSO:

   0.997185    0.932557    0.128124    0.999041    0.236089    0.396581 7.36942e+08
   0.202567    0.314669    0.931666    0.204528    0.252756    0.700965 3.04958e+07
   0.828026    0.466112    0.703169    0.407168   0.0526911    0.613098 5.23785e+06
   0.976293    0.302428    0.380199    0.324374    0.656482    0.350858 2.11328e+06
   0.757496    0.293724    0.261036     0.52859    0.829505    0.232554 1.16505e+06
   0.335057    0.146135    0.176011    0.413557    0.801472    0.149916 1.06719e+06
   0.439931    0.168127    0.177321    0.446941    0.838665    0.153385      997731
    0.33913    0.230401    0.159835    0.527951    0.882584    0.132868      922953
   0.395781    0.223552    0.165197    0.497341     0.79056    0.137777      851990
   0.359905    0.227889    0.161801    0.516726    0.838305    0.134668      814212
   0.373294    0.146408    0.131941    0.705316    0.736385    0.105177      663170
   0.400705    0.153774    0.136373    0.679438    0.749426    0.109407      425110
   0.598594    0.168623    0.135076    0.581378    0.678207    0.109036      412371
   0.542186     0.16378    0.151939     0.58319    0.677403    0.124602      388061
   0.548503    0.169827    0.154398    0.578957    0.669094    0.127831      339758
   0.529776    0.170071    0.152131    0.575318    0.670769    0.125031      329002
   0.514018    0.171524    0.148937    0.647881    0.675523    0.121414      315751
   0.532287    0.171408    0.140401    0.629598    0.688237    0.112292      289066
   0.597267    0.235506   0.0836441    0.559735    0.653865   0.0533628      272937
   0.535377    0.186585    0.127859    0.570139     0.66487    0.100868      250225
   0.613452    0.184661    0.135765     0.68217    0.661075    0.108282      226130
   0.542572    0.151792    0.106289     0.57612    0.562369   0.0773523      145355
   0.552201     0.13798    0.107181    0.617441    0.575896   0.0788097      120235
   0.545272    0.146561   0.0944586    0.607052    0.580457   0.0656578      116892
   0.559607     0.13648    0.110112    0.615345    0.554168   0.0817083      109652
   0.553725    0.140617    0.103688    0.611942    0.594772   0.0751215      108667
   0.553099    0.140452    0.105219    0.614319     0.58647   0.0768323      105620
   0.556817    0.124831    0.117089    0.674755     0.53752   0.0887251       98712
   0.516279    0.131248     0.10849    0.650009    0.556087   0.0800672     89272.3
   0.555525   0.0843019    0.110768    0.627528    0.520065   0.0825783     67615.9
   0.585243    0.149252    0.110164    0.669119    0.434861   0.0809329     64107.5
   0.574221    0.135901    0.111539    0.651774    0.471491   0.0828052     63542.2
   0.577671   0.0933741    0.111415    0.656706    0.464892   0.0825177     54761.7
    0.66866    0.119177    0.111311    0.718323    0.466761   0.0825227     44924.5
   0.656736    0.116835    0.111477    0.710766    0.476049   0.0827246     41289.1

truk 0.515996 0.0603199  0.103199  0.896801   0.05516 0.0722394
distance b/w truk and final GBVEC0.822942
CODE FINISHED RUNNING IN 875 s TIME!
Job Statistics for 1430277:
           JobID       User               Start                 End    Elapsed     MaxRSS   TotalCPU      State Exit        NodeList                                  ReqTRES 
---------------- ---------- ------------------- ------------------- ---------- ---------- ---------- ---------- ---- --------------- ---------------------------------------- 
         1430277   rsjxw007 2021-07-20T17:53:38 2021-07-20T18:08:14   00:14:36              03:40:02  COMPLETED  0:0   r1pl-hpcf-n23     billing=20,cpu=20,mem=156240M,node=1 
   1430277.batch            2021-07-20T17:53:38 2021-07-20T18:08:14   00:14:36      1.26M   03:40:02  COMPLETED  0:0   r1pl-hpcf-n23                                          
  1430277.extern            2021-07-20T17:53:38 2021-07-20T18:08:14   00:14:36          0  00:00.001  COMPLETED  0:0   r1pl-hpcf-n23                                          
CPU Efficiency: 75.36% of 04:52:00 core-walltime
