PSO_S_ODE_NonLinear
sample size:100000 Nparts:300 Nsteps:200
339
mu:4.78334 5.52142 4.38156
covarMat:  0.0082988           0           0
          0 7.99968e-05           0
          0           0 0.000937061

362
Xt: 3.90228  3.17654 0.880742 0.542326   3.4597 0.921821  15.2343  10.0913 0.775813   0.2942  11.9705 0.849871  12.3934  3.43773  2.11695  13.4998  3.59807  2.79743  1.72249  10.9903   2.9279 0.477729  3.04701 0.811998  1.87607 0.500011  3.18913
PSO begins!
underflow!0.000939237
pos   0.464745    0.992838   0.0809525    0.798045    0.233044 0.000939237
underflow!0.000813159
pos   0.762754    0.274415    0.143231    0.993199 0.000813159    0.047468
underflow!0.000376774
pos    0.83078    0.107821   0.0315952    0.998631 0.000376774   0.0575824
underflow!0.000975859
pos   0.865811    0.246594    0.197181    0.991395 0.000975859    0.121435
underflow!0.000948161
pos   0.897401   0.0531736   0.0318513    0.999238 0.000948161    0.149775
underflow!0.00097766
pos  0.868348   0.481465  0.0454268   0.997619 0.00097766   0.508106
underflow!0.000606085
pos   0.882325    0.285756   0.0369089    0.997658 0.000606085    0.294553
underflow!0.000992366
pos   0.945443    0.454085    0.069995    0.998353 0.000992366    0.244756
underflow!0.000633639
pos   0.628664    0.377232    0.144977    0.999305 0.000633639     0.31763
underflow!0.000250233
pos   0.923451    0.485395    0.470087    0.912671 0.000250233     0.32262
underflow!0.000251997
pos   0.923898    0.484333    0.466175    0.913242 0.000251997    0.322334
underflow!0.000335108
pos   0.931668    0.491896    0.431189    0.953408 0.000335108    0.319176
underflow!0.000528343
pos   0.946486    0.419587    0.477448    0.929763 0.000528343    0.313568
underflow!0.000382084
pos   0.984487    0.316228   0.0964958    0.999077 0.000382084      0.2216
underflow!0.000569356
pos   0.991624    0.214764   0.0644781     0.99025 0.000569356    0.143923
underflow!7.73423e-05
pos    0.99781    0.246455    0.111028    0.998783 7.73423e-05    0.835912
underflow!0.000751791
pos    0.96036    0.370782    0.156337    0.990927 0.000751791    0.208768
underflow!0.000885944
pos   0.975314   0.0655879    0.167932    0.998449 0.000885944     0.24491
underflow!0.000464286
pos   0.996799     0.30038    0.108717    0.996453 0.000464286   0.0430018
underflow!0.000999986
pos   0.971074    0.503645    0.242927    0.998873 0.000999986    0.400834
underflow!0.000781176
pos   0.950808    0.537074   0.0685893    0.988488 0.000781176    0.259605
underflow!9.63978e-05
pos   0.999275   0.0717277    0.030734      0.9902 9.63978e-05    0.329572
underflow!0.000473529
pos   0.981152    0.173885    0.371916    0.983996 0.000473529    0.157857
GBMAT from first PSO:

 0.0525836   0.377013   0.362922   0.439576   0.547867   0.346748    807.673
  0.213839  0.0281361   0.708288   0.818113   0.476684   0.109677     308.26
   0.89009   0.436823   0.145822   0.661174   0.113264   0.214723     156.77
  0.391867   0.783124   0.214988   0.944075   0.586206   0.219147    125.976
  0.369194   0.785211   0.179405   0.948946   0.593849   0.242477    125.965
  0.552525   0.408848   0.456763   0.966351   0.502046   0.213303    122.912
  0.552787   0.408781   0.383584   0.966228   0.514744   0.159917    122.911
  0.323733   0.309499   0.502482   0.919067   0.445212   0.377116    112.583
  0.357554   0.144484   0.440632   0.937751   0.411831   0.413517    112.583
  0.357554   0.144484   0.440632   0.937751   0.411831   0.413517    112.557
 0.0934366  0.0371709   0.179674   0.845655   0.336244   0.583161    108.537
 0.0934366  0.0371709   0.179674   0.845655   0.336244   0.583161    108.536
 0.0884745  0.0340573   0.163895   0.846256    0.35326   0.543899    108.535
 0.0880488   0.028666   0.161558   0.869967   0.410518   0.517155    108.529
 0.0880488   0.028666   0.725063   0.955417   0.410518   0.517155    108.529
 0.0467701   0.022894   0.704746   0.927437   0.279294   0.658969    108.528
  0.360544    0.37142   0.507159   0.933385   0.226991   0.491126    52.5077
  0.360544   0.206294   0.507159   0.974699   0.226991   0.491126    52.5076
   0.37465   0.303666   0.637961   0.985177   0.226991   0.491126    52.5073
   0.37465   0.350517   0.637961   0.995405   0.226991   0.491126    52.5055
   0.37465    0.31095   0.749821   0.997278   0.175369   0.613129    52.5005
  0.372902   0.311348   0.749609    0.99728    0.16481   0.609581    52.4981
   0.35679    0.26056   0.818477   0.998222   0.157065   0.648478    52.4957
  0.341084   0.264589   0.772241   0.999028  0.0958982   0.657171    52.4949
  0.341946   0.261484   0.781162   0.999133  0.0860064   0.663441    52.4946
  0.834232   0.312503   0.192374   0.980927 0.00558842    0.17901    24.8936
  0.834232   0.312503   0.192374    0.99064 0.00273902    0.17901    24.8931
  0.920154   0.312503   0.192374    0.99064  0.0128946   0.302124    24.8878
  0.923587   0.330254   0.193629   0.991089  0.0122761   0.302124    24.8874
  0.925775   0.315783   0.193125   0.991344  0.0119246   0.231948     24.887
  0.970443   0.243564    0.15065   0.996343 0.00474927   0.216014    24.8805

truk  0.515996  0.0103199   0.103199   0.896801 0.00515996  0.0722394
distance b/w truk and final GBVEC0.97887
 targeted pso has begun!
CODE FINISHED RUNNING IN 14899 s TIME!
Job Statistics for 1424163:
           JobID       User               Start                 End    Elapsed     MaxRSS   TotalCPU      State Exit        NodeList                                  ReqTRES 
---------------- ---------- ------------------- ------------------- ---------- ---------- ---------- ---------- ---- --------------- ---------------------------------------- 
         1424163   rsjxw007 2021-07-14T09:53:05 2021-07-14T14:01:25   04:08:20            4-07:07:44  COMPLETED  0:0   r1pl-hpcf-n13     billing=30,cpu=30,mem=234360M,node=1 
   1424163.batch            2021-07-14T09:53:05 2021-07-14T14:01:25   04:08:20     10.44M 4-07:07:44  COMPLETED  0:0   r1pl-hpcf-n13                                          
  1424163.extern            2021-07-14T09:53:05 2021-07-14T14:01:25   04:08:20          0  00:00.001  COMPLETED  0:0   r1pl-hpcf-n13                                          
CPU Efficiency: 83.06% of 5-04:10:00 core-walltime
