PSO_S_ODE_NonLinear
sample size:100000 Nparts:300 Nsteps:40
339
mu:4.78334 5.52142 4.38156
covarMat:800.299       0       0
      0 7.99968       0
      0       0 93.7061

362
Xt:    818.796     1.51476     1.56037     14.3128       91.73     21.1634 2.01364e+06     88.0939     5.38896     848.585     31137.6     996.078     3.97538     1319.81     12144.8     74564.2     17987.7     1.56223     5.63324     175.162     18.0687     15.7889     194.086     73.2224     45.8498     212.111     2640.29
PSO begins!
