PSO_S_ODE_NonLinear
sample size:1500 Nparts:200 Nsteps:20
339
362
PSO begins!
7
4
10
10
17
1
7
7
4
19
1
16
14
9
4
6
13
4
15
2
19
4
3
4
6
16
2
5
16
12
16
18
3
5
6
5
12
7
1
5
10
2
3
16
7
8
10
7
1
4
1
16
7
17
14
5
15
3
19
8
3
1
4
16
1
13
1
10
4
4
14
13
16
7
8
14
13
1
0
10
12
16
17
8
2
4
5
12
17
1
2
17
12
7
9
12
4
4
4
4
0
19
7
17
0
4
4
1
0
11
16
1
17
12
16
14
0
15
2
6
1
16
12
1
4
17
4
6
16
7
19
16
0
4
1
3
4
0
2
5
6
3
12
17
8
10
9
8
0
8
9
5
7
11
18
4
14
18
0
0
13
0
4
13
5
15
16
2
8
9
18
5
19
2
8
10
9
2
5
1
0
4
6
10
1
2
7
0
8
5
18
2
15
4
19
0
7
3
15
0
18
5
16
14
2
9
16
7
9
14
5
8
11
7
18
5
6
14
8
6
13
2
6
6
13
4
6
3
7
19
11
18
7
16
8
16
15
13
11
5
4
13
12
4
2
13
6
7
8
0
9
17
17
9
15
13
0
15
6
8
6
14
7
15
9
1
4
15
18
1
12
17
6
8
7
18
6
2
4
1
7
4
2
5
3
11
19
3
18
5
18
2
16
14
8
16
2
13
16
14
11
14
18
5
16
10
11
1
11
17
14
8
4
15
15
18
2
7
0
18
16
13
6
6
5
15
6
13
5
10
19
1
1
3
19
12
10
13
10
1
11
12
14
18
7
12
3
8
14
0
3
11
16
3
12
0
11
10
4
12
16
6
5
1
9
5
7
1
13
11
3
14
7
10
13
5
1
12
3
16
8
16
13
6
15
2
10
1
5
7
15
1
13
1
9
12
3
1
3
15
18
14
2
4
5
16
11
19
12
5
7
7
11
3
5
4
15
9
12
3
14
9
8
19
18
8
11
7
3
2
18
13
18
9
13
15
17
12
10
14
12
19
14
18
14
10
17
18
17
3
3
15
19
3
5
8
8
18
12
15
5
6
18
18
17
2
13
19
19
13
15
9
18
13
3
19
14
15
15
11
9
13
15
11
19
15
17
12
17
3
6
17
6
11
8
9
14
12
10
0
12
8
5
0
19
6
3
5
0
3
12
9
15
9
9
10
9
9
19
15
9
19
19
9
9
5
9
12
5
15
11
14
17
15
8
12
5
11
12
19
12
11
12
19
12
12
12
19
0
19
19
19
19
19
0
14
17
19
17
17
17
11
11
0
   0.412225     0.69859    0.609599    0.601912    0.324339    0.830301 2.67559e+08
   0.290348    0.538735    0.933548    0.116424   0.0922353    0.345692 2.41176e+08
   0.806421    0.625688    0.966215    0.383492    0.883628    0.973915 2.12051e+07
   0.661109    0.235369    0.721275    0.409351    0.295304    0.305211      531637
    0.66651    0.235389    0.693103    0.389043    0.275341    0.246073      489281
   0.675323    0.236517    0.700142    0.389043    0.275341    0.246073      466769
   0.675323      0.3606    0.700142    0.293523    0.275341    0.246073      446855
CODE FINISHED RUNNING IN 385 s TIME!
Job Statistics for 1418823:
           JobID       User               Start                 End    Elapsed     MaxRSS   TotalCPU      State Exit        NodeList                                  ReqTRES 
---------------- ---------- ------------------- ------------------- ---------- ---------- ---------- ---------- ---- --------------- ---------------------------------------- 
         1418823   rsjxw007 2021-07-08T14:41:48 2021-07-08T14:48:13   00:06:25              01:34:31  COMPLETED  0:0   r1pl-hpcf-n21     billing=20,cpu=20,mem=156240M,node=1 
   1418823.batch            2021-07-08T14:41:48 2021-07-08T14:48:13   00:06:25      1.30M   01:34:31  COMPLETED  0:0   r1pl-hpcf-n21                                          
  1418823.extern            2021-07-08T14:41:48 2021-07-08T14:48:13   00:06:25          0  00:00.001  COMPLETED  0:0   r1pl-hpcf-n21                                          
CPU Efficiency: 73.66% of 02:08:20 core-walltime
