PSO_S_ODE_NonLinear
using constrained unif dist 0.3 to 0.8
PSO using 27 moments.
Sample Size:10000 Nparts:1500 Nsteps:80
mu: 80 120  85
covarMat:
 50   0   0
  0 100   0
  0   0  50

Yt: 31.2452 0.544157   48.727  1.28859   15.551  69.5212   1040.2 0.368977   2389.1  6.41562  312.833  4862.95  15.4296  1507.99  38.5237  502.758  2151.81  26.9896 0.755578  7.94534  38.4922  64.8223  739.669  3408.52  9.88094  92.2668  1055.76
seedk: 0.58381  0.98921  0.43943 0.190111 0.641132 0.921048| cost:4.20805e+07
Xt:12.7247 15.4952 67.2641 5.09102 52.9988 32.0916 191.575 287.021 4544.88 26.7534 2863.35 1034.52 164.602  855.36 64.9327 672.668  408.09 1042.79 78.6969 823.406 497.511 344.805 3556.69 2168.35 263.703 164.506 1696.89
PSO begins!
underflow!0.000515183
pos   0.820706    0.121459    0.493678 0.000515183    0.652264    0.571428
underflow!0.000579721
pos   0.195977   0.0035372    0.258779     0.38788   0.0341529 0.000579721
