PSO_S_ODE_NonLinear
sample size:50000 Nparts:300 Nsteps:40
339
mu: 80 250  85
covarMat:20  0  0
 0  5  0
 0  0 10

362
Xt: 57.4165 0.421403  22.6122  142.376 0.415918  84.5837   3317.6 0.179223  512.018  20292.2 0.173775  7164.32  24.0252  1297.55  8178.46  23.8555  4853.63  9.54776  59.9068 0.175884  35.7146  3216.04  9.42773  1915.27  59.0923    12030  35.2656
PSO begins!
GBMAT from first PSO:

   0.901679     0.16533    0.792694    0.731067    0.298826    0.211915 5.14063e+07
   0.348179    0.364842    0.717457    0.296534    0.610439    0.416202 8.80779e+06
   0.583216    0.191402     0.59814    0.178645    0.205061    0.328308 2.63557e+06
   0.329579    0.344089     0.82969    0.282428    0.561935    0.405685      696846
   0.777051    0.755569    0.878145    0.356959    0.184876    0.439131      480595
    0.53366    0.486176     0.79867     0.24685    0.172316    0.398388      463076
   0.582324    0.499663    0.833051    0.190517    0.188474    0.412404      405177
    0.83508    0.273149    0.481867    0.195113     0.13966    0.241979      186166
   0.767817    0.326373     0.57791    0.200078    0.178997    0.285779      176775
   0.812408    0.384738    0.757987    0.361724    0.170614    0.371654      110902
   0.812408    0.343356    0.757987    0.361724    0.221022    0.371654      109858
   0.827523    0.327978    0.670243    0.305743    0.185727    0.327142     99694.4
   0.827523    0.327978    0.670243    0.305743    0.185727    0.327142     98402.8
   0.832541    0.327978    0.670243    0.305743    0.185727    0.327142     98162.3
   0.818464    0.333036    0.608122    0.333578    0.166778    0.299087     88908.6
   0.825032    0.330893    0.636757    0.320851     0.17562     0.31111     80525.1
   0.822017    0.330765    0.620888    0.327293    0.170035     0.30249     75937.4
   0.811687    0.340646     0.60763    0.334153    0.167449     0.29747     75829.2
   0.907554    0.452859    0.670409    0.446541    0.165737    0.324609     60562.8
   0.880813    0.398746    0.650016    0.394596    0.131514    0.316176     59186.5
   0.889308    0.395109    0.650053    0.394507    0.122249    0.315652     54787.4
   0.904591    0.393649    0.646768    0.417579     0.14635    0.314235     53508.7
   0.918826    0.393649    0.646768    0.417579     0.14635    0.314235     52385.9
   0.911518    0.407465    0.646463    0.434001    0.144222    0.314045     51439.7
   0.907123    0.394598    0.636376    0.427383    0.152549    0.308962     51043.1
   0.911659     0.39684    0.638795    0.441935    0.156143    0.310173       49618
   0.900812    0.376432    0.642988    0.438553    0.140913    0.312264     48213.7
   0.900812    0.357286    0.642988    0.438553    0.140913    0.312264     47456.1
   0.903054    0.370872    0.640748    0.434937    0.145114    0.311082     47198.5
   0.909125    0.370872    0.640748    0.465529    0.141772    0.311082     44850.5
    0.89948    0.373657    0.640291    0.443411    0.115642     0.30993     44553.5
   0.902536    0.245489    0.706111    0.470138    0.108923    0.342739     39708.7
   0.939335    0.301399    0.642072    0.518836    0.087793    0.311706     32798.2
   0.937647    0.306685    0.642034    0.512513   0.0768761    0.311586     31959.1
   0.910336      0.2982    0.614186    0.502395    0.113132    0.297797     31785.9
   0.910336      0.2982    0.614186    0.518352    0.113132    0.297797     31255.6
   0.913389    0.226357    0.611707    0.498421    0.110841    0.297224     27918.4
   0.913573    0.225936    0.611859    0.498086     0.11064    0.297261     27469.6
   0.914239    0.215922    0.614026    0.491097   0.0989311    0.297772     26598.2
    0.86724    0.168805    0.355684    0.519675    0.173143    0.173957     18827.3
   0.869006    0.171591    0.366403     0.51867    0.170246    0.178931     15995.6
   0.868471    0.164546    0.363366     0.51484    0.172649     0.17724     13854.1
   0.874204    0.167934    0.368806    0.518152    0.182647    0.179132     13313.1
   0.874204    0.162157    0.368806    0.518152    0.182647    0.179132     12141.7
    0.86641    0.165415    0.364625    0.514712     0.17221    0.177457     11658.8
    0.86956    0.167469    0.377407    0.569507    0.172663    0.183128     10203.6
   0.879721    0.147206    0.377407    0.569507    0.172663    0.183128     9537.17
   0.879445    0.146076    0.376677    0.566146    0.156828    0.182513     8928.09
   0.880108    0.147175    0.374409    0.563577    0.158703    0.181939     8805.25
   0.880358    0.148494    0.374649    0.563509    0.159181    0.181938      8406.9
   0.902268    0.146269    0.374967    0.562017    0.133182    0.181784     6562.31
   0.903537    0.146269    0.374967    0.610997    0.133182    0.181784     6249.42
   0.903384    0.146306    0.375915    0.611402    0.110983    0.182242     5851.76
    0.90887    0.189121    0.325571    0.639493   0.0868633    0.157216     5106.65
    0.90887    0.189718    0.325161    0.639493   0.0868633    0.157216     4357.59
   0.909251    0.191393    0.328655    0.652913   0.0978637    0.159079      4202.6
   0.913375    0.193577    0.322716    0.664741   0.0895699    0.156055     3925.62
   0.910255    0.133228     0.32853    0.656143   0.0969781    0.159097     3310.44
    0.91306    0.140481    0.328471    0.707908    0.100372    0.158904     2979.68
    0.91283    0.139949    0.328571    0.703553    0.079687    0.158952     2611.05
    0.91295    0.139923    0.328377    0.703907   0.0797037    0.158952     2435.57
   0.921866    0.128293    0.297263    0.715044   0.0662938    0.143988     1548.71
   0.927786    0.120074     0.30745      0.7523    0.073731    0.148876     1512.15
   0.927786    0.120074    0.307456      0.7523    0.073781    0.148859     1495.06
    0.91989    0.124954    0.308143    0.772893   0.0749451    0.149088     1441.87
   0.923923      0.1229    0.308217     0.75926   0.0791205    0.149208      1422.4
   0.930002    0.105306    0.311521    0.770572   0.0764032     0.15097     1395.15
   0.929543    0.106262    0.311354    0.770633   0.0763867    0.150882     1387.04
   0.938883   0.0899782    0.310821    0.770837   0.0761656    0.150662     1177.03
   0.917986   0.0708512    0.314724    0.765126   0.0532011    0.152568     1042.55
   0.916616   0.0769562    0.302108    0.744866   0.0666894    0.146229     1007.15
   0.939512   0.0826239    0.309102    0.758681   0.0676369     0.14948      1004.4
    0.91722   0.0775153    0.302065    0.761094    0.066037    0.146168     986.544
   0.916349   0.0763405    0.302565    0.764543   0.0682786    0.146445      859.65
   0.916389   0.0756724    0.302554    0.762349   0.0681372    0.146434      795.01
   0.919441   0.0752106    0.303595    0.761154   0.0656653    0.146951     776.972
    0.85725   0.0441639    0.306035    0.762154    0.036016    0.148276     649.924
   0.857524   0.0436743    0.305397     0.76406   0.0356146     0.14783     604.488
   0.857524   0.0436743    0.305397     0.76406   0.0356146     0.14783     527.867
   0.863773   0.0367529    0.308275    0.765819   0.0340803     0.14916     498.188
     0.8633   0.0373616    0.307843    0.762389   0.0338985    0.148982     479.305
   0.863529   0.0372691    0.308032    0.763253   0.0277011    0.149093     448.898
   0.862992     0.03044     0.30954    0.764278   0.0238808    0.149894     435.367
   0.872164   0.0329758    0.307591    0.761444   0.0225475    0.148799     403.834
   0.910166   0.0226368    0.307821     0.75407   0.0266275    0.148927     386.986
   0.895009   0.0264754    0.307734    0.766001   0.0247517    0.148976     344.519
     0.8948   0.0274869    0.309501    0.764594   0.0264621    0.149771     331.098
   0.897193   0.0224068    0.247288    0.749764   0.0160459    0.119712      161.04
   0.897193   0.0224068    0.247288    0.749764   0.0160459    0.119712     51.3303

truk 0.515996 0.0103199  0.153199  0.896801   0.05516 0.0722394
distance b/w truk and final GBVEC0.720995
 targeted pso has begun!
CODE FINISHED RUNNING IN 43203 s TIME!
Job Statistics for 1428258:
           JobID       User               Start                 End    Elapsed     MaxRSS   TotalCPU      State Exit        NodeList                                  ReqTRES 
---------------- ---------- ------------------- ------------------- ---------- ---------- ---------- ---------- ---- --------------- ---------------------------------------- 
         1428258   rsjxw007 2021-07-16T22:12:05 2021-07-17T10:12:09   12:00:04            7-04:07:06  COMPLETED  0:0   r1pl-hpcf-n23     billing=20,cpu=20,mem=156240M,node=1 
   1428258.batch            2021-07-16T22:12:05 2021-07-17T10:12:09   12:00:04      6.65M 7-04:07:06  COMPLETED  0:0   r1pl-hpcf-n23                                          
  1428258.extern            2021-07-16T22:12:05 2021-07-17T10:12:09   12:00:04          0  00:00.001  COMPLETED  0:0   r1pl-hpcf-n23                                          
CPU Efficiency: 71.71% of 10-00:01:20 core-walltime
