PSO_S_ODE_NonLinear
sample size:500 Nparts:20 Nsteps:10
mu: 80 250  85
covarMat:20  0  0
 0  5  0
 0  0 10

seedk:0.997185 0.932557 0.128124 0.999041 0.236089 0.396581| cost:7.35785e+08
Xt: 0.587308   144.655   79.5463  0.275606   59.2988   25.6992  0.348179   20963.5   6346.82 0.0765992   3527.08   662.456   84.6115   46.9643  0.163028   34.7617   15.1729   11481.4   39.7486   8584.48   3709.31   22.0142   4711.88   2050.48   16.2747   7.11218   1522.28
PSO begins!
POSMAT:
 0.413933  0.825105   0.69664  0.507311  0.513028  0.588452
 0.711433  0.880526  0.413791  0.862639  0.377228  0.492825
 0.432563  0.835144  0.696615  0.490855  0.497347  0.566675
 0.274284  0.781148  0.383691  0.527131  0.489842  0.332865
 0.412092  0.822735  0.696421  0.504003    0.5124  0.589203
 0.352202  0.829607  0.634632  0.609798  0.428138  0.516107
 0.697657  0.492197  0.349485  0.438438  0.762447  0.320469
 0.618175  0.556717   0.41673  0.451248   0.70837  0.372872
  0.56084  0.624478  0.488137   0.46902  0.655073  0.428199
 0.371117  0.837129 0.0616393  0.955778 0.0594477  0.202843
 0.522802  0.707043  0.564921  0.446442  0.665534   0.50773
 0.327665  0.673332   0.46349  0.678562  0.404638  0.354888
 0.467045  0.832199  0.143038  0.683849  0.399608 0.0712559
 0.531909  0.667974  0.532682  0.472975  0.626825  0.463285
 0.548081  0.705964  0.555203  0.441266  0.551983  0.468104
 0.178032  0.666918  0.366704  0.686644  0.897217  0.349389
 0.537298  0.489064  0.493659  0.464779  0.654168  0.432502
 0.562808  0.654427  0.519017  0.470909  0.623523  0.451184
 0.495353  0.665305  0.554032  0.497397  0.593027   0.48486
 0.579627  0.642439   0.50723  0.467481   0.64528  0.442048

PBMAT:
   0.413933    0.825105     0.69664    0.507311    0.513028    0.588452 4.22755e+06
   0.711433    0.880526    0.413791    0.862639    0.377228    0.492825 2.30032e+08
   0.432563    0.835144    0.696615    0.490855    0.497347    0.566675  1.1355e+07
   0.238382    0.791778    0.315408    0.516394    0.483989    0.264941 7.55611e+06
   0.412092    0.822735    0.696421    0.504003      0.5124    0.589203 4.06038e+06
   0.306952    0.833516    0.585099    0.692281    0.360686    0.471239 6.17501e+06
   0.697657    0.492197    0.349485    0.438438    0.762447    0.320469 1.77582e+06
   0.618175    0.556717     0.41673    0.451248     0.70837    0.372872 1.71249e+06
    0.56084    0.624478    0.488137     0.46902    0.655073    0.428199 3.14739e+06
   0.371117    0.837129   0.0616393    0.955778   0.0594477    0.202843 7.81118e+08
   0.522802    0.707043    0.564921    0.446442    0.665534     0.50773 2.66768e+06
   0.177674    0.740801    0.471362    0.796507    0.245902    0.347799 1.58473e+07
   0.446222    0.873387   0.0864343    0.723602    0.350478   0.0339642 9.79748e+07
   0.531909    0.667974    0.532682    0.472975    0.626825    0.463285 3.03939e+06
   0.548081    0.705964    0.555203    0.441266    0.551983    0.468104 9.73995e+06
   0.148727    0.689383    0.356506    0.674022    0.898682    0.316255 4.34162e+07
   0.537298    0.489064    0.493659    0.464779    0.654168    0.432502 3.52441e+06
   0.439072    0.824701    0.697266    0.505173    0.492601    0.587654 4.38642e+06
   0.495353    0.665305    0.554032    0.497397    0.593027     0.48486 2.68241e+06
   0.579627    0.642439     0.50723    0.467481     0.64528    0.442048 4.32179e+06

GBMAT from first PSO:

   0.997185    0.932557    0.128124    0.999041    0.236089    0.396581 7.35785e+08
   0.666337    0.860314    0.725294    0.874841    0.553137    0.386599 1.75086e+08
   0.154924    0.836058    0.421803    0.962373    0.157329    0.362599  7.1928e+07
   0.523849     0.85512    0.806028    0.323695    0.647624    0.679861 1.34155e+07
   0.231663    0.840023    0.501807    0.829524    0.247648      0.4022 7.01416e+06
    0.45334    0.851477    0.732615    0.445759    0.551104    0.612857 6.95334e+06
    0.45334    0.851477    0.732615    0.445759    0.551104    0.612857 6.28245e+06
   0.398674    0.817159     0.68577    0.519487    0.501282    0.584399 3.88108e+06
   0.410485    0.824573     0.69589    0.503559    0.512046    0.590547 3.64497e+06
   0.697657    0.492197    0.349485    0.438438    0.762447    0.320469 1.77582e+06
   0.618175    0.556717     0.41673    0.451248     0.70837    0.372872 1.71249e+06

truk 0.515996 0.0603199  0.103199  0.896801   0.05516 0.0722394
distance b/w truk and final GBVEC2.3115
CODE FINISHED RUNNING IN 31 s TIME!
Job Statistics for 1434527:
           JobID       User               Start                 End    Elapsed     MaxRSS   TotalCPU      State Exit        NodeList                                  ReqTRES 
---------------- ---------- ------------------- ------------------- ---------- ---------- ---------- ---------- ---- --------------- ---------------------------------------- 
         1434527   rsjxw007 2021-07-21T11:50:17 2021-07-21T11:50:49   00:00:32             00:31.462  COMPLETED  0:0   r1pl-hpcf-n21         billing=1,cpu=1,mem=7812M,node=1 
   1434527.batch            2021-07-21T11:50:17 2021-07-21T11:50:49   00:00:32      1.18M  00:31.461  COMPLETED  0:0   r1pl-hpcf-n21                                          
  1434527.extern            2021-07-21T11:50:17 2021-07-21T11:50:49   00:00:32          0  00:00.001  COMPLETED  0:0   r1pl-hpcf-n21                                          
CPU Efficiency: 96.88% of 00:00:32 core-walltime
