PSO_S_ODE_NonLinear
PSO using 6 moments.
Sample Size:5000 Nparts:300 Nsteps:40
mu: 80 120  85
covarMat:
 50   0   0
  0 100   0
  0   0  50

Yt:  31.222 0.543185  48.6828  1.28823   15.497  69.4579
seedk:0.428392 0.364201 0.790344 0.845909  0.60448 0.287936| cost:1119.96
Xt:51.9146 1.48622  27.997 13.7246 8.16778 76.8478
PSO begins!
GBMAT from first PSO:

  0.428392   0.364201   0.790344   0.845909    0.60448   0.287936    1119.96
  0.126381  0.0883327   0.632853    0.56378   0.422551   0.345721    297.622
  0.365072   0.288216   0.781185   0.420039    0.63401   0.492674    233.331
  0.679964    0.38015   0.888671   0.786694   0.644682    0.66769    98.3179
  0.837852   0.436094   0.312668   0.706481   0.423604   0.242305    58.0686
    0.7699   0.783086   0.076689   0.957281   0.283725   0.054308     8.7481
  0.898386   0.402139   0.198653   0.777391   0.255667   0.141277    8.53363
  0.841301   0.474473   0.190822   0.812208   0.253885   0.132394    7.95407
  0.831922   0.609423   0.200982   0.861223   0.112563   0.140947    4.30135
  0.828466   0.545905   0.150035   0.789526  0.0563976   0.103898     2.0897
  0.805913   0.574324  0.0891751   0.837091  0.0558262  0.0625447    1.31695
  0.805913   0.574324  0.0891751   0.837091  0.0558262  0.0625447    1.31695
  0.810313   0.562897   0.099512    0.84888  0.0573975  0.0697011    1.22171
  0.809844   0.454197   0.104239   0.838109  0.0547955  0.0727496   0.664012
  0.859329   0.415127  0.0804331   0.827279  0.0650601   0.055848   0.293557
  0.822337   0.351775  0.0952745   0.842368  0.0331038  0.0667443   0.229103
  0.856996   0.282333  0.0958888   0.747881  0.0722957  0.0670453   0.203995
  0.836934     0.3294  0.0966782   0.787888  0.0567976  0.0676319   0.196298
  0.851009    0.29638  0.0961244    0.75982  0.0676705  0.0672203   0.190499
  0.836931    0.31618  0.0996873   0.794208  0.0447247  0.0699695   0.189492
  0.829158   0.253269   0.111254   0.815931  0.0639274  0.0781266   0.182905
  0.861092    0.25546  0.0723111   0.764127  0.0347863  0.0501445   0.120177
  0.836062   0.283359  0.0857592   0.796351  0.0477614  0.0595629   0.102582
  0.840901   0.281701  0.0870938   0.803306  0.0468463  0.0606557  0.0626323
  0.847779   0.264199  0.0971646   0.786009  0.0370827  0.0679158  0.0445881
  0.883516   0.277862  0.0903932   0.796137  0.0560721  0.0631168  0.0409312
  0.879548   0.267899  0.0902064   0.797174  0.0550624  0.0630079  0.0322111
  0.879376   0.268573  0.0846769   0.810379  0.0523091  0.0589887  0.0291166
  0.888105   0.269022  0.0864662   0.818201  0.0512384  0.0603244  0.0279821
  0.892138   0.252896  0.0900275   0.823467  0.0579615  0.0627432  0.0263644
  0.889534   0.254481  0.0889358   0.825477  0.0568083  0.0619772  0.0249117
  0.880084   0.247422  0.0884737   0.818443   0.053876  0.0618027  0.0179829
  0.897771    0.25919   0.087586   0.791606  0.0535935  0.0611206  0.0169706
  0.888105   0.252758  0.0880711   0.806273  0.0537479  0.0614934  0.0168637
  0.878829    0.20471  0.0882189   0.809472  0.0510808   0.061641   0.013927
  0.879998   0.220809  0.0875027   0.809223  0.0554594  0.0610448 0.00653858
   0.88838   0.225491  0.0811183   0.813305  0.0617445  0.0564565 0.00619016
  0.887974   0.220612  0.0819041   0.812046  0.0614934  0.0570488 0.00506651
  0.886599   0.222208  0.0842602   0.792547  0.0582494  0.0587584  0.0046727
  0.886681   0.222482   0.084958   0.795438  0.0578141  0.0592415 0.00455789
  0.896236   0.216757  0.0824931   0.783067  0.0603373  0.0574536 0.00319571
  0.898286   0.216757  0.0824931   0.783067  0.0610048  0.0574536  0.0030655
  0.897901   0.212327  0.0825423   0.788626   0.060893  0.0575077 0.00301624
  0.897943   0.212241  0.0825407   0.788536  0.0608929  0.0575068 0.00301572
  0.896431   0.212948   0.082753   0.785068  0.0613284  0.0576645 0.00276077

truk 0.515996 0.0603199  0.103199  0.896801   0.05516 0.0722394
total difference b/w truk and final GBVEC0.181179
CODE FINISHED RUNNING IN 10159 s TIME!
Job Statistics for 1487770:
           JobID       User               Start                 End    Elapsed     MaxRSS   TotalCPU      State Exit        NodeList                                  ReqTRES 
---------------- ---------- ------------------- ------------------- ---------- ---------- ---------- ---------- ---- --------------- ---------------------------------------- 
         1487770   rsjxw007 2021-07-28T14:41:23 2021-07-28T17:30:43   02:49:20              02:48:40  COMPLETED  0:0   r1pl-hpcf-n21         billing=1,cpu=1,mem=7812M,node=1 
   1487770.batch            2021-07-28T14:41:23 2021-07-28T17:30:43   02:49:20      1.57M   02:48:40  COMPLETED  0:0   r1pl-hpcf-n21                                          
  1487770.extern            2021-07-28T14:41:23 2021-07-28T17:30:43   02:49:20          0  00:00.001  COMPLETED  0:0   r1pl-hpcf-n21                                          
CPU Efficiency: 99.62% of 02:49:20 core-walltime
