PSO_S_ODE_NonLinear
Using two part PSO
Bounds for Uniform Distribution0,1
Blind PSO using 27 moments.
Sample Size:10 Nparts:300 Nsteps:40
Targeted PSO updated nParts:20 Nsteps:200
using tf:48.45
mu: 80 120  85
covarMat:
 50   0   0
  0 100   0
  0   0  50

Yt:  2.71301   3.54373   2.75847  0.137444   6.43965   3.88796   13.0122   75.8543   11.2834 0.0212425   132.025   22.2234  0.873657   6.89741  0.466934     8.238   9.83734   21.8977  0.194986    97.947   30.3571  0.340294   33.5214   15.8336  0.556522   0.48286   46.6736
seedk:0.513693 0.163988 0.387984 0.828426 0.189305 0.664576| cost:70035.7
Xt:   2.2848   7.96513   2.19266  0.244031   10.4018   1.28009   11.8085   231.819   7.13975 0.0831572   275.489   2.43345   2.35605   6.01932  0.897762   9.27313   3.51412   16.9869  0.595107   249.402    9.9171  0.641159   24.7678   4.16824   1.31942  0.374314   14.4596
PSO begins!
GBMAT from first PSO:

 0.513693  0.163988  0.387984  0.828426  0.189305  0.664576   70035.7
 0.920438   0.76817  0.220933  0.715095  0.139481  0.145029   44208.3
 0.751348  0.532565  0.684891  0.827165  0.345966 0.0507717   17005.3
 0.437166   0.51781  0.583983  0.318163  0.166374 0.0961562   5293.37
 0.664739  0.188416  0.629404  0.549632 0.0148391 0.0947802   4410.65
 0.724054  0.265543  0.857836  0.955428  0.705331   0.11267   3986.63
 0.319048  0.881759  0.641686  0.142509  0.563236 0.0734497   3641.17
 0.329888  0.811258  0.377906  0.245795  0.716944 0.0397782   3541.88
 0.459324  0.629488  0.480914   0.25124  0.467567 0.0606855   3497.04
 0.457469  0.537558  0.480914   0.25124  0.467567 0.0606855   3491.02
 0.583553  0.541799  0.639032  0.179151  0.310581 0.0844265   3446.74
 0.615086  0.612075   0.49892    0.2787  0.567505 0.0652841   3431.53
 0.615086  0.612075   0.49892  0.242573  0.567505 0.0652841   3399.11
 0.584737  0.593842  0.467173     0.194  0.564389 0.0597043   3396.12
 0.581325  0.590657   0.57394  0.165602  0.437996 0.0760236   3381.98
 0.680911    0.3845  0.564667  0.168286  0.431688 0.0771162   3353.05
 0.752706  0.236253  0.552205  0.165088  0.371084 0.0778645   3347.99
  0.73424  0.310144  0.575168   0.14433  0.371097 0.0793258   3345.98
 0.749755  0.248062  0.555875  0.161771  0.371086  0.078098   3345.52
 0.751605  0.324082  0.559731  0.148867  0.368167 0.0781524   3344.13
 0.728963  0.267647  0.558904  0.149914  0.385254 0.0782843   3343.34
 0.803213  0.256227  0.589559  0.139475  0.318347 0.0834753   3338.24
 0.789396  0.273322  0.585966  0.140339  0.336955 0.0824002   3337.97
 0.811054  0.278494  0.585278  0.148458   0.35688  0.082628   3337.84
 0.801979  0.288117  0.587603  0.143987  0.352058 0.0826625   3337.82
 0.831906  0.286154   0.58384   0.14708  0.354467   0.08209   3337.29
  0.89943  0.251297  0.585402  0.143365  0.330124 0.0826715   3335.95
 0.877175  0.216662  0.581731  0.140455   0.34143 0.0819976   3335.49
 0.882612  0.236174  0.583144  0.142193   0.33812 0.0822575   3335.41
 0.868058  0.246219  0.584308  0.145425  0.347862 0.0825389   3335.23
 0.912496  0.276854  0.600859  0.137092  0.328163 0.0857571   3333.88
 0.906307  0.277557  0.598582  0.138491  0.330223 0.0852419   3333.83
 0.898437  0.262505  0.595393  0.140674  0.342874 0.0844356   3333.55
 0.921217  0.266928  0.593345  0.140643  0.346116 0.0843207    3333.5
 0.910925   0.26493   0.59427  0.140657  0.344651 0.0843726   3333.49
 0.890653  0.237225  0.616124   0.14169  0.344096 0.0877443   3331.56
 0.853307  0.206825  0.671377  0.128811  0.289925 0.0947797   3331.09
 0.869256  0.213702  0.631524  0.135233  0.314923 0.0895249    3330.9
 0.872818  0.196987  0.622541  0.136293  0.320683 0.0885281   3330.57
 0.898348  0.203121  0.622634  0.136016  0.321268 0.0886771   3330.13
 0.864953  0.131081  0.621156  0.135332  0.323453 0.0887211   3329.52
 0.882709  0.203772  0.718142  0.141043  0.350752  0.102207   3328.49
 0.893768   0.20043  0.671553  0.140046  0.326378 0.0958471   3327.37
 0.895734  0.185564  0.663068  0.139657   0.32844 0.0949214   3327.33
 0.892809  0.193294  0.675487  0.143354  0.331819 0.0965052   3327.13
 0.901713  0.194405  0.673781  0.143273  0.331553 0.0962591   3327.05
 0.895351  0.151445  0.667717  0.142035  0.332136 0.0953822    3326.7
 0.888487  0.161191  0.701481     0.142  0.330237  0.100028   3325.98
 0.891083  0.160746  0.693185  0.142298  0.328541 0.0989795   3325.95
 0.892293  0.158477  0.682877  0.142187  0.329971 0.0978873   3325.91
 0.904114  0.159418  0.689323  0.142122  0.330063 0.0986291   3325.54

truk:  0.515996 0.0603199  0.103199  0.896801   0.05516 0.0722394
total difference b/w truk and final GBVEC1.14981

targeted PSO has started!
Updating Weight Matrix!
GBVEC AND COST: 0.904114
 0.159418
 0.689323
 0.142122
 0.330063
0.0986291
  3325.54
GBVEC: 0.904114
 0.159418
 0.689323
 0.142122
 0.330063
0.0986291cost:3325.54
Chkpt reached!
new weight matrix:
   0.042498           0           0           0           0           0           0           0           0           0           0           0           0           0           0           0           0           0           0           0           0           0           0           0           0           0           0
          0  0.00537372           0           0           0           0           0           0           0           0           0           0           0           0           0           0           0           0           0           0           0           0           0           0           0           0           0
          0           0    0.205153           0           0           0           0           0           0           0           0           0           0           0           0           0           0           0           0           0           0           0           0           0           0           0           0
          0           0           0    0.599129           0           0           0           0           0           0           0           0           0           0           0           0           0           0           0           0           0           0           0           0           0           0           0
          0           0           0           0  0.00428435           0           0           0           0           0           0           0           0           0           0           0           0           0           0           0           0           0           0           0           0           0           0
          0           0           0           0           0   0.0306833           0           0           0           0           0           0           0           0           0           0           0           0           0           0           0           0           0           0           0           0           0
          0           0           0           0           0           0 0.000453777           0           0           0           0           0           0           0           0           0           0           0           0           0           0           0           0           0           0           0           0
          0           0           0           0           0           0           0 6.39898e-06           0           0           0           0           0           0           0           0           0           0           0           0           0           0           0           0           0           0           0
          0           0           0           0           0           0           0           0  0.00369937           0           0           0           0           0           0           0           0           0           0           0           0           0           0           0           0           0           0
          0           0           0           0           0           0           0           0           0   0.0227142           0           0           0           0           0           0           0           0           0           0           0           0           0           0           0           0           0
          0           0           0           0           0           0           0           0           0           0 3.36218e-06           0           0           0           0           0           0           0           0           0           0           0           0           0           0           0           0
          0           0           0           0           0           0           0           0           0           0           0 0.000182742           0           0           0           0           0           0           0           0           0           0           0           0           0           0           0
          0           0           0           0           0           0           0           0           0           0           0           0     1.10062           0           0           0           0           0           0           0           0           0           0           0           0           0           0
          0           0           0           0           0           0           0           0           0           0           0           0           0   0.0122075           0           0           0           0           0           0           0           0           0           0           0           0           0
          0           0           0           0           0           0           0           0           0           0           0           0           0           0  0.00743214           0           0           0           0           0           0           0           0           0           0           0           0
          0           0           0           0           0           0           0           0           0           0           0           0           0           0           0  0.00306266           0           0           0           0           0           0           0           0           0           0           0
          0           0           0           0           0           0           0           0           0           0           0           0           0           0           0           0  0.00226958           0           0           0           0           0           0           0           0           0           0
          0           0           0           0           0           0           0           0           0           0           0           0           0           0           0           0           0  0.00022261           0           0           0           0           0           0           0           0           0
          0           0           0           0           0           0           0           0           0           0           0           0           0           0           0           0           0           0  0.00742994           0           0           0           0           0           0           0           0
          0           0           0           0           0           0           0           0           0           0           0           0           0           0           0           0           0           0           0 4.66469e-06           0           0           0           0           0           0           0
          0           0           0           0           0           0           0           0           0           0           0           0           0           0           0           0           0           0           0           0 3.70995e-05           0           0           0           0           0           0
          0           0           0           0           0           0           0           0           0           0           0           0           0           0           0           0           0           0           0           0           0    0.204221           0           0           0           0           0
          0           0           0           0           0           0           0           0           0           0           0           0           0           0           0           0           0           0           0           0           0           0  0.00014551           0           0           0           0
          0           0           0           0           0           0           0           0           0           0           0           0           0           0           0           0           0           0           0           0           0           0           0  0.00156592           0           0           0
          0           0           0           0           0           0           0           0           0           0           0           0           0           0           0           0           0           0           0           0           0           0           0           0  0.00501687           0           0
          0           0           0           0           0           0           0           0           0           0           0           0           0           0           0           0           0           0           0           0           0           0           0           0           0  0.00394634           0
          0           0           0           0           0           0           0           0           0           0           0           0           0           0           0           0           0           0           0           0           0           0           0           0           0           0 2.79136e-05

underflow!1.5257e-05
pos  0.998351    0.10184   0.771213  0.0530958    0.50081 1.5257e-05
Updating Weight Matrix!
GBVEC AND COST: 0.905193
 0.296294
0.0917871
 0.690159
0.0309972
0.0631431
  0.84028
GBVEC: 0.905193
 0.296294
0.0917871
 0.690159
0.0309972
0.0631431cost:0.84028
Chkpt reached!
new weight matrix:
  0.0493747           0           0           0           0           0           0           0           0           0           0           0           0           0           0           0           0           0           0           0           0           0           0           0           0           0           0
          0  0.00346716           0           0           0           0           0           0           0           0           0           0           0           0           0           0           0           0           0           0           0           0           0           0           0           0           0
          0           0    0.127577           0           0           0           0           0           0           0           0           0           0           0           0           0           0           0           0           0           0           0           0           0           0           0           0
          0           0           0     122.578           0           0           0           0           0           0           0           0           0           0           0           0           0           0           0           0           0           0           0           0           0           0           0
          0           0           0           0  0.00301028           0           0           0           0           0           0           0           0           0           0           0           0           0           0           0           0           0           0           0           0           0           0
          0           0           0           0           0   0.0641536           0           0           0           0           0           0           0           0           0           0           0           0           0           0           0           0           0           0           0           0           0
          0           0           0           0           0           0 0.000767618           0           0           0           0           0           0           0           0           0           0           0           0           0           0           0           0           0           0           0           0
          0           0           0           0           0           0           0  2.4693e-06           0           0           0           0           0           0           0           0           0           0           0           0           0           0           0           0           0           0           0
          0           0           0           0           0           0           0           0  0.00262548           0           0           0           0           0           0           0           0           0           0           0           0           0           0           0           0           0           0
          0           0           0           0           0           0           0           0           0     2729.85           0           0           0           0           0           0           0           0           0           0           0           0           0           0           0           0           0
          0           0           0           0           0           0           0           0           0           0 1.72623e-06           0           0           0           0           0           0           0           0           0           0           0           0           0           0           0           0
          0           0           0           0           0           0           0           0           0           0           0 0.000683114           0           0           0           0           0           0           0           0           0           0           0           0           0           0           0
          0           0           0           0           0           0           0           0           0           0           0           0      0.9929           0           0           0           0           0           0           0           0           0           0           0           0           0           0
          0           0           0           0           0           0           0           0           0           0           0           0           0  0.00576698           0           0           0           0           0           0           0           0           0           0           0           0           0
          0           0           0           0           0           0           0           0           0           0           0           0           0           0     1.49147           0           0           0           0           0           0           0           0           0           0           0           0
          0           0           0           0           0           0           0           0           0           0           0           0           0           0           0  0.00490549           0           0           0           0           0           0           0           0           0           0           0
          0           0           0           0           0           0           0           0           0           0           0           0           0           0           0           0  0.00278524           0           0           0           0           0           0           0           0           0           0
          0           0           0           0           0           0           0           0           0           0           0           0           0           0           0           0           0 0.000194421           0           0           0           0           0           0           0           0           0
          0           0           0           0           0           0           0           0           0           0           0           0           0           0           0           0           0           0     6.02334           0           0           0           0           0           0           0           0
          0           0           0           0           0           0           0           0           0           0           0           0           0           0           0           0           0           0           0 2.08343e-06           0           0           0           0           0           0           0
          0           0           0           0           0           0           0           0           0           0           0           0           0           0           0           0           0           0           0           0 0.000101332           0           0           0           0           0           0
          0           0           0           0           0           0           0           0           0           0           0           0           0           0           0           0           0           0           0           0           0     6.20696           0           0           0           0           0
          0           0           0           0           0           0           0           0           0           0           0           0           0           0           0           0           0           0           0           0           0           0 0.000130375           0           0           0           0
          0           0           0           0           0           0           0           0           0           0           0           0           0           0           0           0           0           0           0           0           0           0           0  0.00133997           0           0           0
          0           0           0           0           0           0           0           0           0           0           0           0           0           0           0           0           0           0           0           0           0           0           0           0     3.20176           0           0
          0           0           0           0           0           0           0           0           0           0           0           0           0           0           0           0           0           0           0           0           0           0           0           0           0     3.00455           0
          0           0           0           0           0           0           0           0           0           0           0           0           0           0           0           0           0           0           0           0           0           0           0           0           0           0 6.79124e-05

underflow!-0.00388791
pos    0.90065    0.280014 -0.00388791    0.666907   0.0315263   0.0720825
underflow!-0.254522
pos  0.99508 -0.254522  0.119294  0.763438 -0.058456  0.442022
underflow!-0.00232601
pos   0.940827    0.296152    0.112938    0.662305 -0.00232601   0.0712653
overflow!
underflow!-0.00609637
pos    0.89702 -0.00609637    0.117499    0.802001   0.0448747     0.10459
underflow!-0.0036351
pos  0.896692   0.287661   0.120023   0.667528 -0.0036351   0.074656
underflow!-0.107897
pos 0.910628  0.336292  0.119468  0.674435 -0.107897 0.0693543
underflow!-0.0148951
pos  0.899645   0.275604   0.124816   0.662565 -0.0148951    0.07192
underflow!-0.00252076
pos   0.896654    0.272561   0.0790108    0.662758 -0.00252076   0.0821113
underflow!-0.0576291
pos  0.888877   0.228325  0.0795866    0.66781 -0.0576291  0.0759951
underflow!-0.021217
pos 0.859622      -nan -0.021217  0.663103 0.0399972 0.0726824
underflow!-0.0357163
pos  0.870484   0.355518   0.149839   0.643397  0.0314625 -0.0357163
overflow!
underflow!-7.5042
pos-1.05419 0.301244  -7.5042 0.280441 -9.30589  1.47386
underflow!-1.05419
pos-1.05419 0.301244  -7.5042 0.280441 -9.30589  1.47386
underflow!-0.228041
pos 0.903888  0.284153 -0.228041   0.49672 0.0659496  0.102929
overflow!
underflow!-0.00827877
pos   0.899212    0.270548    0.129376    0.671557   0.0297732 -0.00827877
overflow!
underflow!-0.0968117
pos  0.928513   0.269655 -0.0968117   0.477798  0.0669363  0.0365191
underflow!-15.1016
pos 9.69223 -15.1016  2.47849  7.20527 -4.61314 -9.93445
overflow!
underflow!-0.420877
pos-0.420877      -nan      -nan -0.310878  0.727509   1.57146
overflow!
underflow!-0.310878
pos-0.420877      -nan      -nan -0.310878  0.727509   1.57146
underflow!-484.865
pos    -nan     -nan     -nan -18.7292 -484.865     -nan
underflow!-0.204776
pos 0.894597  0.280934  0.120427  0.614806 -0.204776 0.0290322
underflow!-0.0197942
pos  0.862393   0.282147   0.121991   0.628355   0.031546 -0.0197942
underflow!-0.0369473
pos     0.865   0.275966  0.0871449   0.596019  0.0303938 -0.0369473
underflow!-0.115674
pos  1.31831  0.265333   0.12904  0.675894 -0.115674 0.0709221
overflow!
underflow!-0.573964
pos  1.32682   2.74911   0.34246   2.87772 0.0495092 -0.573964
overflow!
underflow!-0.153392
pos  0.89552  0.155955 0.0083232  0.668661 0.0756911 -0.153392
overflow!
overflow!
underflow!-3.91902
pos  21.9093  -3.91902 -0.144071  -37.4009    9.7683  0.962247
underflow!-37.4009
pos  21.9093  -3.91902 -0.144071  -37.4009    9.7683  0.962247
overflow!
underflow!-2.01138
pos-0.333523  0.114933  -11.6742   -22.839  -2.78997  -2.01138
underflow!-0.333523
pos-0.333523  0.114933  -11.6742   -22.839  -2.78997  -2.01138
underflow!-11.6742
pos-0.333523  0.114933  -11.6742   -22.839  -2.78997  -2.01138
underflow!-2.78997
pos-0.333523  0.114933  -11.6742   -22.839  -2.78997  -2.01138
underflow!-22.839
pos-0.333523  0.114933  -11.6742   -22.839  -2.78997  -2.01138
overflow!
overflow!
underflow!-0.0238238
pos  0.693712   0.499641   0.119975   0.568593  0.0921567 -0.0238238
overflow!
underflow!-0.300326
pos  1.78581      -nan -0.469661  0.346478 0.0878955 -0.300326
overflow!
underflow!-0.598186
pos  0.761505  -0.598186    0.45386   0.766104   0.110357 -0.0898397
overflow!
overflow!
underflow!-0.160269
pos 0.854406  0.295536 -0.160269   0.66321 0.0291615 0.0996752
underflow!-0.134319
pos  0.87748  0.334977  0.105668  0.666146 0.0322498 -0.134319
underflow!-0.0314609
pos      -nan       -nan   0.127056       -nan -0.0314609       -nan
underflow!-0.00656264
pos   0.919389        -nan -0.00656264    0.651313     0.01744    0.100633
underflow!-0.13925
pos  1.13241      -nan  -0.13925  0.582907 0.0230533      -nan
underflow!-0.685333
pos     -nan      -nan  0.193567      -nan -0.685333      -nan
underflow!-0.0551901
pos  0.894719   0.302016   0.121608   0.667289   0.040341 -0.0551901
overflow!
underflow!-0.198766
pos 0.863908      -nan  0.264224  0.745087 -0.198766  0.124962
underflow!-0.972315
pos    0.873505         -nan    -0.972315     0.599935 -0.000436436     0.107014
overflow!
underflow!-0.0314233
pos      -nan       -nan -0.0314233       -nan       -nan       -nan
overflow!
underflow!-0.172807
pos-0.172807  0.370231  0.167131  0.545793 0.0457258  0.137342
underflow!-0.104967
pos 0.481404   1.25743 -0.104967    1.0652  0.152831 0.0965549
overflow!
overflow!
underflow!-0.02645
pos     -nan  0.254158  0.182716  0.887869  -0.02645 0.0650437
underflow!-0.0156101
pos    0.9146   0.282153   0.140999    0.62828  0.0429712 -0.0156101
Updating Weight Matrix!
GBVEC AND COST: 0.898526
 0.271543
 0.163014
 0.834827
0.0319071
0.0993198
 0.731486
GBVEC: 0.898526
 0.271543
 0.163014
 0.834827
0.0319071
0.0993198cost:0.731486
Chkpt reached!
new weight matrix:
  0.0487632           0           0           0           0           0           0           0           0           0           0           0           0           0           0           0           0           0           0           0           0           0           0           0           0           0           0
          0   0.0035261           0           0           0           0           0           0           0           0           0           0           0           0           0           0           0           0           0           0           0           0           0           0           0           0           0
          0           0    0.134768           0           0           0           0           0           0           0           0           0           0           0           0           0           0           0           0           0           0           0           0           0           0           0           0
          0           0           0     91.3384           0           0           0           0           0           0           0           0           0           0           0           0           0           0           0           0           0           0           0           0           0           0           0
          0           0           0           0  0.00305158           0           0           0           0           0           0           0           0           0           0           0           0           0           0           0           0           0           0           0           0           0           0
          0           0           0           0           0    0.061948           0           0           0           0           0           0           0           0           0           0           0           0           0           0           0           0           0           0           0           0           0
          0           0           0           0           0           0 0.000729087           0           0           0           0           0           0           0           0           0           0           0           0           0           0           0           0           0           0           0           0
          0           0           0           0           0           0           0 2.56345e-06           0           0           0           0           0           0           0           0           0           0           0           0           0           0           0           0           0           0           0
          0           0           0           0           0           0           0           0  0.00279295           0           0           0           0           0           0           0           0           0           0           0           0           0           0           0           0           0           0
          0           0           0           0           0           0           0           0           0     1532.85           0           0           0           0           0           0           0           0           0           0           0           0           0           0           0           0           0
          0           0           0           0           0           0           0           0           0           0 1.77984e-06           0           0           0           0           0           0           0           0           0           0           0           0           0           0           0           0
          0           0           0           0           0           0           0           0           0           0           0 0.000646174           0           0           0           0           0           0           0           0           0           0           0           0           0           0           0
          0           0           0           0           0           0           0           0           0           0           0           0    0.952381           0           0           0           0           0           0           0           0           0           0           0           0           0           0
          0           0           0           0           0           0           0           0           0           0           0           0           0   0.0060895           0           0           0           0           0           0           0           0           0           0           0           0           0
          0           0           0           0           0           0           0           0           0           0           0           0           0           0      1.1072           0           0           0           0           0           0           0           0           0           0           0           0
          0           0           0           0           0           0           0           0           0           0           0           0           0           0           0   0.0050638           0           0           0           0           0           0           0           0           0           0           0
          0           0           0           0           0           0           0           0           0           0           0           0           0           0           0           0  0.00261758           0           0           0           0           0           0           0           0           0           0
          0           0           0           0           0           0           0           0           0           0           0           0           0           0           0           0           0 0.000195711           0           0           0           0           0           0           0           0           0
          0           0           0           0           0           0           0           0           0           0           0           0           0           0           0           0           0           0      5.3268           0           0           0           0           0           0           0           0
          0           0           0           0           0           0           0           0           0           0           0           0           0           0           0           0           0           0           0 2.15608e-06           0           0           0           0           0           0           0
          0           0           0           0           0           0           0           0           0           0           0           0           0           0           0           0           0           0           0           0 9.51706e-05           0           0           0           0           0           0
          0           0           0           0           0           0           0           0           0           0           0           0           0           0           0           0           0           0           0           0           0     5.12659           0           0           0           0           0
          0           0           0           0           0           0           0           0           0           0           0           0           0           0           0           0           0           0           0           0           0           0 0.000131611           0           0           0           0
          0           0           0           0           0           0           0           0           0           0           0           0           0           0           0           0           0           0           0           0           0           0           0   0.0013535           0           0           0
          0           0           0           0           0           0           0           0           0           0           0           0           0           0           0           0           0           0           0           0           0           0           0           0     2.77514           0           0
          0           0           0           0           0           0           0           0           0           0           0           0           0           0           0           0           0           0           0           0           0           0           0           0           0     2.11503           0
          0           0           0           0           0           0           0           0           0           0           0           0           0           0           0           0           0           0           0           0           0           0           0           0           0           0 6.48807e-05

overflow!
underflow!-0.07459
pos 0.882246  0.317219  0.158357  0.797399 0.0293402  -0.07459
overflow!
underflow!-0.165382
pos 0.729208  0.481782 -0.165382     3.338 0.0373954  0.383185
underflow!-0.60456
pos0.308521     -nan 0.189291 -0.60456 0.151208     -nan
underflow!-0.0443865
pos      -nan       -nan -0.0443865       -nan       -nan       -nan
underflow!-0.369096
pos      -nan    -2.9428   -1.58122   -1.25696  -0.369096 -0.0996465
underflow!-0.0996465
pos      -nan    -2.9428   -1.58122   -1.25696  -0.369096 -0.0996465
underflow!-1.25696
pos      -nan    -2.9428   -1.58122   -1.25696  -0.369096 -0.0996465
underflow!-2.9428
pos      -nan    -2.9428   -1.58122   -1.25696  -0.369096 -0.0996465
overflow!
underflow!-0.0653612
pos  0.947135   0.125181 -0.0653612   0.803828  0.0317534   0.087066
overflow!
underflow!-0.0557274
pos      -nan       -nan   0.102778       -nan -0.0557274       -nan
underflow!-0.0667712
pos  0.621494 -0.0667712   0.026049   0.737618  0.0651611 -0.0504836
underflow!-0.384838
pos 0.904751   0.31546 -0.384838  0.536059 0.0588453 -0.131885
underflow!-0.131885
pos 0.904751   0.31546 -0.384838  0.536059 0.0588453 -0.131885
underflow!-0.00741241
pos       -nan        -nan    0.150818        -nan -0.00741241        -nan
underflow!-0.446525
pos -1.40692  -9.58568 -0.612031 -0.446525   1.04875  -8.93635
overflow!
underflow!-8.93635
pos -1.40692  -9.58568 -0.612031 -0.446525   1.04875  -8.93635
underflow!-1.40692
pos -1.40692  -9.58568 -0.612031 -0.446525   1.04875  -8.93635
underflow!-9.58568
pos -1.40692  -9.58568 -0.612031 -0.446525   1.04875  -8.93635
overflow!
underflow!-0.0013539
pos      -nan       -nan -0.0013539       -nan       -nan       -nan
overflow!
underflow!-0.453167
pos  0.24367 -0.272539 -0.453167  0.515465   0.67466 -0.286629
underflow!-0.286629
pos  0.24367 -0.272539 -0.453167  0.515465   0.67466 -0.286629
underflow!-7.58211
pos-7.58211  1.91568 -1.26745 0.536089 0.432384 -1.56065
overflow!
underflow!-2.41202
pos  0.637246   0.941498       -nan    1.32006 -0.0428969   -2.41202
underflow!-0.0962106
pos  0.723858  -0.174955 -0.0962106   0.804899   0.365499   0.547199
overflow!
underflow!-0.7545
pos 1.80716 0.975243     -nan  1.03019  -0.7545     -nan
overflow!
underflow!-1.72855
pos 0.895135  -1.72855 -0.863539 -0.903085      -nan   0.49426
underflow!-0.863539
pos 0.895135  -1.72855 -0.863539 -0.903085      -nan   0.49426
underflow!-11.8959
pos    -nan  96.7223 -81.9911 -11.8959  18.6314 -95.7672
underflow!-81.9911
pos    -nan  96.7223 -81.9911 -11.8959  18.6314 -95.7672
overflow!
overflow!
underflow!-0.812764
pos     -nan      -nan -0.812764      -nan      -nan  0.148821
underflow!-0.0805356
pos   1.19737 -0.0805356   0.996493   0.804279  0.0489788   0.140004
overflow!
underflow!-0.408419
pos  2.17936      -nan   3.39934   1.23844 -0.408419  0.507558
overflow!
overflow!
underflow!-0.509455
pos  0.891658  -0.509455       -nan       -nan -0.0780906       -nan
overflow!
overflow!
overflow!
underflow!-0.020665
pos   1.26292  -0.020665   0.200567    1.49316       -nan -0.0993058
overflow!
overflow!
underflow!-0.0341053
pos      -nan   0.258305       -nan   0.683195 -0.0341053   0.100946
underflow!-72.3161
pos    -nan     -nan     -nan     -nan     -nan -72.3161
underflow!-10.635
pos   -nan    -nan -10.635    -nan    -nan    -nan
underflow!-0.320964
pos 0.612001 -0.320964 0.0978238      -nan      -nan  0.229186
overflow!
underflow!-0.0820897
pos   1.01323       -nan   0.162556       -nan       -nan -0.0820897
underflow!-0.0909528
pos      -nan       -nan       -nan       -nan -0.0909528     2.1176
underflow!-1.3831
pos   -nan    -nan    -nan    -nan -1.3831    -nan
underflow!-0.931231
pos     -nan   1.79372      -nan -0.931231      -nan      -nan
underflow!-11.8516
pos     -nan      -nan  -11.8516      -nan -0.215775      -nan
overflow!
underflow!-0.6016
pos   -nan    -nan    -nan    -nan    -nan -0.6016
underflow!-1.71648
pos-4.62401     -nan  5.80536     -nan     -nan -1.71648
underflow!-4.62401
pos-4.62401     -nan  5.80536     -nan     -nan -1.71648
overflow!
underflow!-1.29403
pos 1.65674     -nan -1.29403  4.17909     -nan  9.91535
overflow!
overflow!
overflow!
underflow!-3.15808
pos    -nan     -nan     -nan     -nan     -nan -3.15808
underflow!-0.0429691
pos      -nan   0.274189   0.156735   0.748946 -0.0429691  0.0984476
underflow!-88.5114
pos -40.4297   90.2854   0.14568  -88.5114 0.0307066    9.0322
overflow!
underflow!-40.4297
pos -40.4297   90.2854   0.14568  -88.5114 0.0307066    9.0322
underflow!-0.0246726
pos  0.683705   0.284608  0.0687614   0.626789 -0.0246726  0.0607129
underflow!-0.707961
pos     -nan      -nan  0.144183      -nan 0.0342981 -0.707961
overflow!
underflow!-0.106753
pos     -nan      -nan      -nan -0.106753      -nan      -nan
overflow!
underflow!-0.103634
pos      -nan  -0.103634       -nan     2.9274 0.00747431  -0.367296
overflow!
underflow!-0.00299787
pos       -nan        -nan    0.141333        -nan -0.00299787        -nan
underflow!-0.0202395
pos      -nan  -0.143364   0.291373    1.37463       -nan -0.0202395
overflow!
underflow!-0.216571
pos     -nan  0.383004  0.138266      -nan      -nan -0.216571
underflow!-1.02363
pos    -nan     -nan  0.11524     -nan -1.02363     -nan
underflow!-2.00014
pos      -nan       -nan   -2.00014       -nan -0.0463677       -nan
overflow!
underflow!-0.0856249
pos      -nan -0.0856249   0.138212       -nan       -nan       -nan
underflow!-47.9725
pos    -nan -47.9725     -nan     -nan     -nan     -nan
underflow!-0.00779222
pos       -nan        -nan        -nan        -nan -0.00779222        -nan
underflow!-0.0953218
pos      -nan       -nan       -nan       -nan -0.0953218       -nan
underflow!-2.17208
pos    -nan     -nan     -nan     -nan -2.17208 -1.26929
underflow!-1.26929
pos    -nan     -nan     -nan     -nan -2.17208 -1.26929
underflow!-0.47946
pos      -nan -0.0835801       -nan       -nan   -0.47946  -0.878202
underflow!-0.878202
pos      -nan -0.0835801       -nan       -nan   -0.47946  -0.878202
underflow!-0.0835801
pos      -nan -0.0835801       -nan       -nan   -0.47946  -0.878202
underflow!-0.019371
pos     -nan      -nan      -nan      -nan -0.019371      -nan
underflow!-0.294896
pos     -nan      -nan      -nan      -nan -0.294896      -nan
underflow!-0.836658
pos   1.3997  0.389502  0.130272      -nan  0.022724 -0.836658
underflow!-5.42473
pos    -nan -5.42473     -nan     -nan     -nan     -nan
overflow!
overflow!
underflow!-0.013141
pos     -nan      -nan      -nan      -nan -0.013141      -nan
underflow!-0.152153
pos     -nan    1.5535 -0.152153      -nan      -nan      -nan
underflow!-3.96021
pos    -nan  42.1128  6.75493     -nan -3.96021     -nan
overflow!
overflow!
underflow!-0.0323504
pos      -nan -0.0323504   0.089312       -nan       -nan       -nan
underflow!-2.24228
pos    -nan -2.24228 0.249362     -nan     -nan     -nan
Updating Weight Matrix!
GBVEC AND COST: 0.897225
 0.251008
  0.14568
 0.752387
0.0316664
0.0879946
 0.721236
GBVEC: 0.897225
 0.251008
  0.14568
 0.752387
0.0316664
0.0879946cost:0.721236
Chkpt reached!
new weight matrix:
  0.0486659           0           0           0           0           0           0           0           0           0           0           0           0           0           0           0           0           0           0           0           0           0           0           0           0           0           0
          0  0.00352438           0           0           0           0           0           0           0           0           0           0           0           0           0           0           0           0           0           0           0           0           0           0           0           0           0
          0           0    0.134991           0           0           0           0           0           0           0           0           0           0           0           0           0           0           0           0           0           0           0           0           0           0           0           0
          0           0           0     88.1188           0           0           0           0           0           0           0           0           0           0           0           0           0           0           0           0           0           0           0           0           0           0           0
          0           0           0           0  0.00305132           0           0           0           0           0           0           0           0           0           0           0           0           0           0           0           0           0           0           0           0           0           0
          0           0           0           0           0   0.0616215           0           0           0           0           0           0           0           0           0           0           0           0           0           0           0           0           0           0           0           0           0
          0           0           0           0           0           0 0.000726815           0           0           0           0           0           0           0           0           0           0           0           0           0           0           0           0           0           0           0           0
          0           0           0           0           0           0           0 2.56604e-06           0           0           0           0           0           0           0           0           0           0           0           0           0           0           0           0           0           0           0
          0           0           0           0           0           0           0           0  0.00279294           0           0           0           0           0           0           0           0           0           0           0           0           0           0           0           0           0           0
          0           0           0           0           0           0           0           0           0     1428.91           0           0           0           0           0           0           0           0           0           0           0           0           0           0           0           0           0
          0           0           0           0           0           0           0           0           0           0 1.78103e-06           0           0           0           0           0           0           0           0           0           0           0           0           0           0           0           0
          0           0           0           0           0           0           0           0           0           0           0 0.000639991           0           0           0           0           0           0           0           0           0           0           0           0           0           0           0
          0           0           0           0           0           0           0           0           0           0           0           0      1.0373           0           0           0           0           0           0           0           0           0           0           0           0           0           0
          0           0           0           0           0           0           0           0           0           0           0           0           0  0.00610373           0           0           0           0           0           0           0           0           0           0           0           0           0
          0           0           0           0           0           0           0           0           0           0           0           0           0           0     1.07439           0           0           0           0           0           0           0           0           0           0           0           0
          0           0           0           0           0           0           0           0           0           0           0           0           0           0           0  0.00507896           0           0           0           0           0           0           0           0           0           0           0
          0           0           0           0           0           0           0           0           0           0           0           0           0           0           0           0  0.00260182           0           0           0           0           0           0           0           0           0           0
          0           0           0           0           0           0           0           0           0           0           0           0           0           0           0           0           0 0.000195694           0           0           0           0           0           0           0           0           0
          0           0           0           0           0           0           0           0           0           0           0           0           0           0           0           0           0           0     5.28455           0           0           0           0           0           0           0           0
          0           0           0           0           0           0           0           0           0           0           0           0           0           0           0           0           0           0           0 2.15785e-06           0           0           0           0           0           0           0
          0           0           0           0           0           0           0           0           0           0           0           0           0           0           0           0           0           0           0           0 9.50361e-05           0           0           0           0           0           0
          0           0           0           0           0           0           0           0           0           0           0           0           0           0           0           0           0           0           0           0           0     4.94842           0           0           0           0           0
          0           0           0           0           0           0           0           0           0           0           0           0           0           0           0           0           0           0           0           0           0           0 0.000131639           0           0           0           0
          0           0           0           0           0           0           0           0           0           0           0           0           0           0           0           0           0           0           0           0           0           0           0  0.00134815           0           0           0
          0           0           0           0           0           0           0           0           0           0           0           0           0           0           0           0           0           0           0           0           0           0           0           0     2.73233           0           0
          0           0           0           0           0           0           0           0           0           0           0           0           0           0           0           0           0           0           0           0           0           0           0           0           0      2.0118           0
          0           0           0           0           0           0           0           0           0           0           0           0           0           0           0           0           0           0           0           0           0           0           0           0           0           0 6.48155e-05

underflow!-0.395009
pos     -nan      -nan      -nan -0.395009      -nan      -nan
underflow!-0.616402
pos     -nan      -nan -0.616402      -nan      -nan      -nan
underflow!-0.0558039
pos      -nan       -nan       -nan       -nan -0.0558039       -nan
underflow!-0.899869
pos     -nan      -nan      -nan      -nan -0.899869      -nan
underflow!-0.777341
pos     -nan      -nan -0.777341      -nan      -nan      -nan
underflow!-1.13506
pos    -nan     -nan     -nan     -nan -1.13506     -nan
underflow!-0.212153
pos     -nan      -nan -0.212153      -nan      -nan      -nan
Updating Weight Matrix!
GBVEC AND COST: 0.897225
 0.251008
  0.14568
 0.752387
0.0316664
0.0879946
 0.718163
GBVEC: 0.897225
 0.251008
  0.14568
 0.752387
0.0316664
0.0879946cost:0.718163
Chkpt reached!
new weight matrix:
  0.0486659           0           0           0           0           0           0           0           0           0           0           0           0           0           0           0           0           0           0           0           0           0           0           0           0           0           0
          0  0.00352438           0           0           0           0           0           0           0           0           0           0           0           0           0           0           0           0           0           0           0           0           0           0           0           0           0
          0           0    0.134991           0           0           0           0           0           0           0           0           0           0           0           0           0           0           0           0           0           0           0           0           0           0           0           0
          0           0           0     88.1188           0           0           0           0           0           0           0           0           0           0           0           0           0           0           0           0           0           0           0           0           0           0           0
          0           0           0           0  0.00305132           0           0           0           0           0           0           0           0           0           0           0           0           0           0           0           0           0           0           0           0           0           0
          0           0           0           0           0   0.0616215           0           0           0           0           0           0           0           0           0           0           0           0           0           0           0           0           0           0           0           0           0
          0           0           0           0           0           0 0.000726815           0           0           0           0           0           0           0           0           0           0           0           0           0           0           0           0           0           0           0           0
          0           0           0           0           0           0           0 2.56604e-06           0           0           0           0           0           0           0           0           0           0           0           0           0           0           0           0           0           0           0
          0           0           0           0           0           0           0           0  0.00279294           0           0           0           0           0           0           0           0           0           0           0           0           0           0           0           0           0           0
          0           0           0           0           0           0           0           0           0     1428.91           0           0           0           0           0           0           0           0           0           0           0           0           0           0           0           0           0
          0           0           0           0           0           0           0           0           0           0 1.78103e-06           0           0           0           0           0           0           0           0           0           0           0           0           0           0           0           0
          0           0           0           0           0           0           0           0           0           0           0 0.000639991           0           0           0           0           0           0           0           0           0           0           0           0           0           0           0
          0           0           0           0           0           0           0           0           0           0           0           0      1.0373           0           0           0           0           0           0           0           0           0           0           0           0           0           0
          0           0           0           0           0           0           0           0           0           0           0           0           0  0.00610373           0           0           0           0           0           0           0           0           0           0           0           0           0
          0           0           0           0           0           0           0           0           0           0           0           0           0           0     1.07439           0           0           0           0           0           0           0           0           0           0           0           0
          0           0           0           0           0           0           0           0           0           0           0           0           0           0           0  0.00507896           0           0           0           0           0           0           0           0           0           0           0
          0           0           0           0           0           0           0           0           0           0           0           0           0           0           0           0  0.00260182           0           0           0           0           0           0           0           0           0           0
          0           0           0           0           0           0           0           0           0           0           0           0           0           0           0           0           0 0.000195694           0           0           0           0           0           0           0           0           0
          0           0           0           0           0           0           0           0           0           0           0           0           0           0           0           0           0           0     5.28455           0           0           0           0           0           0           0           0
          0           0           0           0           0           0           0           0           0           0           0           0           0           0           0           0           0           0           0 2.15785e-06           0           0           0           0           0           0           0
          0           0           0           0           0           0           0           0           0           0           0           0           0           0           0           0           0           0           0           0 9.50361e-05           0           0           0           0           0           0
          0           0           0           0           0           0           0           0           0           0           0           0           0           0           0           0           0           0           0           0           0     4.94842           0           0           0           0           0
          0           0           0           0           0           0           0           0           0           0           0           0           0           0           0           0           0           0           0           0           0           0 0.000131639           0           0           0           0
          0           0           0           0           0           0           0           0           0           0           0           0           0           0           0           0           0           0           0           0           0           0           0  0.00134815           0           0           0
          0           0           0           0           0           0           0           0           0           0           0           0           0           0           0           0           0           0           0           0           0           0           0           0     2.73233           0           0
          0           0           0           0           0           0           0           0           0           0           0           0           0           0           0           0           0           0           0           0           0           0           0           0           0      2.0118           0
          0           0           0           0           0           0           0           0           0           0           0           0           0           0           0           0           0           0           0           0           0           0           0           0           0           0 6.48155e-05

GBMAT after targeted PSO:
 0.513693  0.163988  0.387984  0.828426  0.189305  0.664576   70035.7
 0.920438   0.76817  0.220933  0.715095  0.139481  0.145029   44208.3
 0.751348  0.532565  0.684891  0.827165  0.345966 0.0507717   17005.3
 0.437166   0.51781  0.583983  0.318163  0.166374 0.0961562   5293.37
 0.664739  0.188416  0.629404  0.549632 0.0148391 0.0947802   4410.65
 0.724054  0.265543  0.857836  0.955428  0.705331   0.11267   3986.63
 0.319048  0.881759  0.641686  0.142509  0.563236 0.0734497   3641.17
 0.329888  0.811258  0.377906  0.245795  0.716944 0.0397782   3541.88
 0.459324  0.629488  0.480914   0.25124  0.467567 0.0606855   3497.04
 0.457469  0.537558  0.480914   0.25124  0.467567 0.0606855   3491.02
 0.583553  0.541799  0.639032  0.179151  0.310581 0.0844265   3446.74
 0.615086  0.612075   0.49892    0.2787  0.567505 0.0652841   3431.53
 0.615086  0.612075   0.49892  0.242573  0.567505 0.0652841   3399.11
 0.584737  0.593842  0.467173     0.194  0.564389 0.0597043   3396.12
 0.581325  0.590657   0.57394  0.165602  0.437996 0.0760236   3381.98
 0.680911    0.3845  0.564667  0.168286  0.431688 0.0771162   3353.05
 0.752706  0.236253  0.552205  0.165088  0.371084 0.0778645   3347.99
  0.73424  0.310144  0.575168   0.14433  0.371097 0.0793258   3345.98
 0.749755  0.248062  0.555875  0.161771  0.371086  0.078098   3345.52
 0.751605  0.324082  0.559731  0.148867  0.368167 0.0781524   3344.13
 0.728963  0.267647  0.558904  0.149914  0.385254 0.0782843   3343.34
 0.803213  0.256227  0.589559  0.139475  0.318347 0.0834753   3338.24
 0.789396  0.273322  0.585966  0.140339  0.336955 0.0824002   3337.97
 0.811054  0.278494  0.585278  0.148458   0.35688  0.082628   3337.84
 0.801979  0.288117  0.587603  0.143987  0.352058 0.0826625   3337.82
 0.831906  0.286154   0.58384   0.14708  0.354467   0.08209   3337.29
  0.89943  0.251297  0.585402  0.143365  0.330124 0.0826715   3335.95
 0.877175  0.216662  0.581731  0.140455   0.34143 0.0819976   3335.49
 0.882612  0.236174  0.583144  0.142193   0.33812 0.0822575   3335.41
 0.868058  0.246219  0.584308  0.145425  0.347862 0.0825389   3335.23
 0.912496  0.276854  0.600859  0.137092  0.328163 0.0857571   3333.88
 0.906307  0.277557  0.598582  0.138491  0.330223 0.0852419   3333.83
 0.898437  0.262505  0.595393  0.140674  0.342874 0.0844356   3333.55
 0.921217  0.266928  0.593345  0.140643  0.346116 0.0843207    3333.5
 0.910925   0.26493   0.59427  0.140657  0.344651 0.0843726   3333.49
 0.890653  0.237225  0.616124   0.14169  0.344096 0.0877443   3331.56
 0.853307  0.206825  0.671377  0.128811  0.289925 0.0947797   3331.09
 0.869256  0.213702  0.631524  0.135233  0.314923 0.0895249    3330.9
 0.872818  0.196987  0.622541  0.136293  0.320683 0.0885281   3330.57
 0.898348  0.203121  0.622634  0.136016  0.321268 0.0886771   3330.13
 0.864953  0.131081  0.621156  0.135332  0.323453 0.0887211   3329.52
 0.882709  0.203772  0.718142  0.141043  0.350752  0.102207   3328.49
 0.893768   0.20043  0.671553  0.140046  0.326378 0.0958471   3327.37
 0.895734  0.185564  0.663068  0.139657   0.32844 0.0949214   3327.33
 0.892809  0.193294  0.675487  0.143354  0.331819 0.0965052   3327.13
 0.901713  0.194405  0.673781  0.143273  0.331553 0.0962591   3327.05
 0.895351  0.151445  0.667717  0.142035  0.332136 0.0953822    3326.7
 0.888487  0.161191  0.701481     0.142  0.330237  0.100028   3325.98
 0.891083  0.160746  0.693185  0.142298  0.328541 0.0989795   3325.95
 0.892293  0.158477  0.682877  0.142187  0.329971 0.0978873   3325.91
 0.904114  0.159418  0.689323  0.142122  0.330063 0.0986291   3325.54
 0.904114  0.159418  0.689323  0.142122  0.330063 0.0986291   10.3473
 0.974202  0.360247  0.541678  0.204992  0.253589  0.040724   8.55435
 0.715315  0.145683  0.734527  0.111053  0.212468  0.312041   6.98666
 0.968943   0.04512  0.548741  0.139375  0.120111 0.0673512   6.05602
  0.97579  0.228558  0.779243  0.346652  0.193245  0.103176   3.86908
 0.984081  0.223648  0.650081  0.136526 0.0692466  0.273266   3.68249
 0.977191  0.227729   0.75742  0.311149  0.172294  0.157652    2.8905
 0.981521  0.432276  0.689958  0.364931 0.0514322  0.158338   2.03411
 0.982309  0.284192  0.242603  0.351442  0.160768 0.0558591   2.01459
 0.981655  0.398974  0.521781  0.291411  0.066651  0.141007   1.89002
 0.988765  0.327765  0.541811   0.35704  0.109052   0.24101   1.76758
 0.983139   0.42537  0.229692  0.352161   0.19842 0.0796588   1.63262
 0.941896  0.444881  0.206732   0.22672 0.0644157    0.1199   1.32937
 0.885278  0.336914  0.145881  0.387545  0.166149 0.0822879    1.1199
 0.911729  0.308739  0.154939  0.345249  0.137309  0.107874   1.08404
 0.915366  0.351488   0.13518  0.533495   0.15185  0.137268   1.05867
 0.897206  0.346095  0.152828  0.436562 0.0897406  0.130023   1.02113
 0.932803  0.318732 0.0850032  0.596863  0.118739 0.0814438  0.917051
 0.932803  0.318732 0.0850032  0.596863  0.118739 0.0814438  0.917051
 0.932803  0.318732 0.0850032  0.768232  0.118739 0.0814438  0.906058
 0.906676  0.337118  0.113558  0.557349 0.0976797 0.0763597  0.889104
 0.907335  0.324563 0.0940585  0.807158  0.112061 0.0798316  0.883134
 0.915687  0.367331 0.0833882  0.675317  0.111236 0.0564401  0.880177
 0.915568  0.357841 0.0818931  0.672097  0.110048 0.0571483  0.876003
 0.915568  0.357841 0.0818931  0.672097  0.110048 0.0571483  0.876003
  0.91679  0.300944 0.0799978  0.679236  0.121309 0.0547736  0.870213
 0.916542  0.315673 0.0802744  0.682615  0.123182 0.0551544  0.869809
 0.929084  0.284614 0.0801797  0.681459  0.104604 0.0550241  0.867072
 0.928889  0.318504 0.0758033  0.689991 0.0912411 0.0582793  0.861362
 0.925683  0.314062  0.083326   0.68788 0.0832579 0.0536407  0.859591
 0.936372  0.298703 0.0735483  0.656686 0.0795418 0.0545986  0.859244
 0.929985  0.307881 0.0793907  0.675325 0.0817623 0.0540262   0.85692
 0.945955  0.305429 0.0791424  0.697463 0.0653255 0.0541753  0.852169
 0.945955  0.305429 0.0791424  0.622003 0.0332803 0.0541753  0.848112
 0.945425  0.305096 0.0814805  0.626636 0.0384011 0.0556863  0.847688
 0.931016  0.297206 0.0836431  0.634624 0.0379719 0.0619216  0.845953
 0.932556   0.29007   0.08581  0.633018 0.0387275 0.0608619  0.845159
 0.932094  0.294442 0.0841447  0.653552 0.0380952 0.0611341  0.844861
 0.916341  0.291787 0.0848937  0.644501  0.036643 0.0607396  0.844189
 0.922215  0.294543 0.0839013  0.638282 0.0294711 0.0589431  0.843749
 0.911079  0.294691 0.0838343  0.638482 0.0296946  0.058941  0.843625
 0.916266  0.292981 0.0839767   0.63916 0.0287661 0.0588733  0.843578
 0.929831   0.29357 0.0838461  0.686189 0.0291453 0.0588587   0.84323
 0.912652  0.293379  0.084643  0.692524 0.0308564  0.057986  0.843142
 0.924135  0.312235 0.0840253  0.668359 0.0204587 0.0571394  0.842959
 0.921381  0.305495 0.0840083  0.658138 0.0233666 0.0577464  0.842841
 0.945023  0.328653   0.10074  0.710914 0.0415746 0.0685112  0.842468
 0.871613  0.288559 0.0890418  0.687445 0.0304918 0.0620375  0.841584
 0.888653  0.282856 0.0880693   0.68154 0.0266049 0.0609139  0.840937
 0.911757  0.301627 0.0932626   0.69358 0.0327405 0.0640278  0.840295
 0.905193  0.296294 0.0917871  0.690159 0.0309972 0.0631431   0.84028
 0.905193  0.296294 0.0917871  0.690159 0.0309972 0.0631431   1.21722
 0.910384  0.285528  0.105408  0.684228  0.031377 0.0616358  0.824733
 0.912928  0.306986  0.102319  0.685125 0.0325852 0.0567725  0.822637
 0.912192  0.321839  0.105928  0.683368 0.0306923 0.0582598  0.816555
  0.91332  0.303385    0.1101   0.68896 0.0302144 0.0598263   0.79144
 0.919331  0.300611  0.106768  0.656974 0.0290171 0.0594996  0.781887
 0.893388  0.293585   0.11319  0.679916 0.0296614 0.0581919  0.769665
 0.893388  0.293585   0.11319  0.679916 0.0296614 0.0581919  0.769664
 0.893352  0.276316  0.106476  0.646834 0.0296514 0.0582706  0.763995
  0.89431  0.282676    0.1103  0.656259 0.0294616 0.0577561  0.763217
 0.894286   0.28273  0.109867  0.656259  0.029336 0.0585333   0.76166
 0.895008   0.28497  0.110596  0.661434 0.0294301 0.0620353  0.760857
 0.896031  0.285933  0.111262  0.660621 0.0294317 0.0614465  0.756421
 0.896031  0.285933  0.111262  0.660621 0.0294317 0.0614465  0.756421
 0.895183  0.285645  0.113563  0.662207 0.0292535 0.0609639  0.753261
 0.895731  0.286506   0.11214  0.662987 0.0312887 0.0605675  0.750742
  0.89573  0.278966  0.114751  0.673675 0.0320034 0.0619392  0.750326
 0.894334  0.279519  0.114423  0.672628 0.0318034 0.0618157  0.750005
 0.894547  0.283542  0.115573  0.666987 0.0323603 0.0635103    0.7467
 0.897955  0.285916  0.114003  0.658151 0.0313153 0.0637225  0.742634
 0.897777  0.285889    0.1137  0.658451 0.0313621 0.0644407  0.740961
 0.897786  0.285889  0.113713  0.658439 0.0313725 0.0644568  0.740926
 0.897651  0.285876   0.11389  0.658635 0.0312622 0.0652011  0.740065
 0.897649  0.285876  0.113882  0.658454 0.0312739 0.0651587  0.740059
 0.894902   0.28755   0.11347  0.659586 0.0323006 0.0647219   0.73999
  0.89096   0.28812  0.115316  0.659251  0.031851  0.067712  0.737099
 0.888413  0.274988  0.119067  0.658836 0.0314762 0.0721699  0.736043
 0.886206  0.276652  0.117902  0.658358  0.031642 0.0713828  0.735991
 0.888615  0.278695  0.117274   0.65868 0.0315532 0.0698769  0.735984
 0.889005  0.278772  0.117143  0.658664 0.0315275 0.0699039  0.735982
 0.888794  0.277421  0.118115  0.658726 0.0315092 0.0707129  0.735915
 0.888256  0.282768  0.120526   0.66843 0.0315476 0.0732558  0.735329
 0.902452  0.281255  0.119843  0.666207 0.0315367 0.0725363  0.735172
 0.900566  0.280021  0.119805  0.667224 0.0315324 0.0720837   0.73504
 0.900616  0.280021   0.11982  0.667423 0.0315324 0.0720409  0.735022
 0.900718  0.280024  0.119857  0.667527 0.0315323 0.0720447   0.73501
 0.900763   0.27998  0.119884  0.667595 0.0315322 0.0720657  0.735003
 0.896027  0.279987  0.119879  0.668545 0.0315459 0.0720743  0.734933
 0.896027  0.280325  0.120021  0.668219 0.0315554 0.0716456  0.734928
 0.895627  0.280108  0.119975  0.668608 0.0314692 0.0718503  0.734843
 0.895538   0.28012  0.119975  0.668652 0.0314712  0.071873  0.734843
 0.899955  0.277246  0.163578  0.836059 0.0313353 0.0984019  0.731684
 0.898526  0.271543  0.163014  0.834827 0.0319071 0.0993198  0.731486
 0.898526  0.271543  0.163014  0.834827 0.0319071 0.0993198  0.725326
 0.897034  0.275597  0.142854  0.757577 0.0317417 0.0863576  0.723689
 0.896992  0.275574  0.142645  0.737961 0.0317475 0.0861858  0.722968
  0.89722  0.250875  0.145674  0.752365 0.0317712 0.0881388  0.721361
 0.897225  0.251008   0.14568  0.752387 0.0316664 0.0879946  0.721236
 0.897225  0.251008   0.14568  0.752387 0.0316664 0.0879946  0.718163
 0.897225  0.251008   0.14568  0.752387 0.0316664 0.0879946  0.718163
truk:  0.515996 0.0603199  0.103199  0.896801   0.05516 0.0722394
total difference b/w truk and final GBVEC0.205158
CODE FINISHED RUNNING IN 19171 s TIME!
Job Statistics for 1522445:
           JobID       User               Start                 End    Elapsed     MaxRSS   TotalCPU      State Exit        NodeList                                  ReqTRES 
---------------- ---------- ------------------- ------------------- ---------- ---------- ---------- ---------- ---- --------------- ---------------------------------------- 
         1522445   rsjxw007 2021-08-03T14:39:19 2021-08-03T19:58:52   05:19:33              05:18:10  COMPLETED  0:0   r1pl-hpcf-n21         billing=1,cpu=1,mem=7812M,node=1 
   1522445.batch            2021-08-03T14:39:19 2021-08-03T19:58:52   05:19:33      1.18M   05:18:10  COMPLETED  0:0   r1pl-hpcf-n21                                          
  1522445.extern            2021-08-03T14:39:19 2021-08-03T19:58:52   05:19:33          0  00:00.001  COMPLETED  0:0   r1pl-hpcf-n21                                          
CPU Efficiency: 99.57% of 05:19:33 core-walltime
