PSO_S_ODE_NonLinear
Using two part PSO Sample Size:25000 with:27 moments.
Using Record Time:48.45
Bounds for Uniform Distribution (0,1)
Blind PSO --> nParts:3000 Nsteps:20
Targeted PSO --> nParts:60 Nsteps:1000
sdbeta:0.1
wt:
1 0 0 0 0 0 0 0 0 0 0 0 0 0 0 0 0 0 0 0 0 0 0 0 0 0 0
0 1 0 0 0 0 0 0 0 0 0 0 0 0 0 0 0 0 0 0 0 0 0 0 0 0 0
0 0 1 0 0 0 0 0 0 0 0 0 0 0 0 0 0 0 0 0 0 0 0 0 0 0 0
0 0 0 1 0 0 0 0 0 0 0 0 0 0 0 0 0 0 0 0 0 0 0 0 0 0 0
0 0 0 0 1 0 0 0 0 0 0 0 0 0 0 0 0 0 0 0 0 0 0 0 0 0 0
0 0 0 0 0 1 0 0 0 0 0 0 0 0 0 0 0 0 0 0 0 0 0 0 0 0 0
0 0 0 0 0 0 1 0 0 0 0 0 0 0 0 0 0 0 0 0 0 0 0 0 0 0 0
0 0 0 0 0 0 0 1 0 0 0 0 0 0 0 0 0 0 0 0 0 0 0 0 0 0 0
0 0 0 0 0 0 0 0 1 0 0 0 0 0 0 0 0 0 0 0 0 0 0 0 0 0 0
0 0 0 0 0 0 0 0 0 1 0 0 0 0 0 0 0 0 0 0 0 0 0 0 0 0 0
0 0 0 0 0 0 0 0 0 0 1 0 0 0 0 0 0 0 0 0 0 0 0 0 0 0 0
0 0 0 0 0 0 0 0 0 0 0 1 0 0 0 0 0 0 0 0 0 0 0 0 0 0 0
0 0 0 0 0 0 0 0 0 0 0 0 1 0 0 0 0 0 0 0 0 0 0 0 0 0 0
0 0 0 0 0 0 0 0 0 0 0 0 0 1 0 0 0 0 0 0 0 0 0 0 0 0 0
0 0 0 0 0 0 0 0 0 0 0 0 0 0 1 0 0 0 0 0 0 0 0 0 0 0 0
0 0 0 0 0 0 0 0 0 0 0 0 0 0 0 1 0 0 0 0 0 0 0 0 0 0 0
0 0 0 0 0 0 0 0 0 0 0 0 0 0 0 0 1 0 0 0 0 0 0 0 0 0 0
0 0 0 0 0 0 0 0 0 0 0 0 0 0 0 0 0 1 0 0 0 0 0 0 0 0 0
0 0 0 0 0 0 0 0 0 0 0 0 0 0 0 0 0 0 1 0 0 0 0 0 0 0 0
0 0 0 0 0 0 0 0 0 0 0 0 0 0 0 0 0 0 0 1 0 0 0 0 0 0 0
0 0 0 0 0 0 0 0 0 0 0 0 0 0 0 0 0 0 0 0 1 0 0 0 0 0 0
0 0 0 0 0 0 0 0 0 0 0 0 0 0 0 0 0 0 0 0 0 1 0 0 0 0 0
0 0 0 0 0 0 0 0 0 0 0 0 0 0 0 0 0 0 0 0 0 0 1 0 0 0 0
0 0 0 0 0 0 0 0 0 0 0 0 0 0 0 0 0 0 0 0 0 0 0 1 0 0 0
0 0 0 0 0 0 0 0 0 0 0 0 0 0 0 0 0 0 0 0 0 0 0 0 1 0 0
0 0 0 0 0 0 0 0 0 0 0 0 0 0 0 0 0 0 0 0 0 0 0 0 0 1 0
0 0 0 0 0 0 0 0 0 0 0 0 0 0 0 0 0 0 0 0 0 0 0 0 0 0 1
mu: 80 120  85
covarMat:
 50   0   0
  0 100   0
  0   0  50

Yt: 3.99672  3.44981  2.34885 0.128483  5.92715  3.31439  55.4172  98.0831  10.5164 0.019367  134.721  20.9019 0.743675  10.0009  0.68049  11.4251   14.265  12.5962 0.142682  110.822  17.4802 0.312053  23.4247  14.8249 0.474102 0.442573  32.7477
seedk:0.164725   0.3271  0.66174  0.10654 0.606094 0.912884| cost:6561.22
Xt:4.93856 4.95037 1.47372 1.79715 8.22124 1.06828 65.5347  124.64 5.96205 4.15534 187.805 3.13284 8.84672 8.61178 11.8095  29.268 6.24258 15.4484 7.26315 147.352 11.1984 3.81246 25.2229 4.32183 15.2309 2.76361 18.2838
PSO begins!
overflow!
underflow!0.00447525
pos0.00447525    0.95395   0.235903   0.293291  0.0363092   0.459782
overflow!
overflow!
underflow!0.00368204
pos  0.830829   0.928812  0.0661428   0.692213    0.87465 0.00368204
overflow!
underflow!0.00308575
pos  0.632929   0.292463   0.992572    0.42545   0.519885 0.00308575
underflow!0.00347967
pos 0.0483505 0.00347967   0.719488   0.166895   0.710302   0.295455
overflow!
overflow!
underflow!0.00497526
pos  0.655359   0.907021   0.875497    0.20953   0.439432 0.00497526
underflow!0.00130094
pos  0.997674   0.702236      0.886   0.750461 0.00130094   0.369178
overflow!
underflow!0.00316289
pos  0.755212   0.607421   0.813091   0.463793 0.00316289   0.648649
overflow!
overflow!
underflow!0.00262587
pos0.00262587    0.82855  0.0154016    0.60264   0.341177  0.0646079
overflow!
underflow!0.000980267
pos   0.144795 0.000980267    0.283183    0.770157    0.591939   0.0920158
overflow!
underflow!0.000832709
pos    0.78242 0.000832709   0.0652744    0.346462    0.836052    0.261161
overflow!
underflow!1.84644e-05
pos   0.615798    0.935572    0.990519    0.880275 1.84644e-05    0.556272
overflow!
underflow!0.00304618
pos  0.163994   0.748867    0.11702    0.37936   0.832708 0.00304618
overflow!
overflow!
overflow!
underflow!0.00263632
pos  0.602383   0.689666 0.00263632  0.0511933   0.688263   0.283953
overflow!
underflow!0.000351027
pos   0.360808   0.0707377    0.660201     0.58252 0.000351027    0.684282
underflow!0.00426123
pos  0.359333   0.688235 0.00426123 0.00192359   0.156759  0.0247966
underflow!0.00192359
pos  0.359333   0.688235 0.00426123 0.00192359   0.156759  0.0247966
underflow!0.00429637
pos  0.873114   0.394186   0.349979   0.748896 0.00429637     0.1341
overflow!
underflow!0.00420851
pos0.00420851   0.466349   0.825016   0.396062   0.216434   0.583323
underflow!0.00478159
pos0.00478159   0.621164   0.818931   0.202407   0.611884   0.913436
underflow!0.000414323
pos   0.775537    0.792134 0.000414323     0.54159    0.156096    0.717571
underflow!0.00340511
pos   0.28237   0.744087   0.294076   0.338894 0.00340511  0.0747326
overflow!
underflow!0.00417797
pos  0.887556   0.373808   0.583213 0.00417797   0.792162   0.848779
overflow!
overflow!
underflow!0.000473159
pos    0.20386 0.000473159    0.112545    0.177593    0.031004    0.624676
overflow!
overflow!
overflow!
underflow!0.000207612
pos   0.733779    0.533213    0.505039    0.872336 0.000207612    0.302768
overflow!
overflow!
overflow!
overflow!
overflow!
overflow!
underflow!0.00196842
pos  0.578714   0.605369   0.509847   0.224718   0.828594 0.00196842
underflow!0.0023537
pos 0.566132  0.980508  0.546047  0.110373  0.154341 0.0023537
underflow!0.00124996
pos  0.585361 0.00124996   0.950767   0.123447   0.866708   0.145124
overflow!
underflow!0.00129232
pos   0.12005    0.87509   0.660736   0.408151  0.0117933 0.00129232
overflow!
overflow!
overflow!
underflow!0.000392934
pos0.000392934    0.738978    0.855486   0.0121758    0.685318   0.0410823
overflow!
overflow!
overflow!
overflow!
overflow!
overflow!
underflow!0.00434994
pos 0.0649244   0.583597   0.236765   0.501337 0.00434994   0.794643
overflow!
overflow!
overflow!
overflow!
underflow!0.00409838
pos  0.787747   0.701871   0.955056   0.490717 0.00409838   0.499433
overflow!
underflow!0.00432254
pos  0.955429 0.00432254   0.546335   0.870726   0.584169    0.18904
underflow!0.000578828
pos    0.18719 0.000578828    0.319425    0.799502    0.750775    0.861637
