PSO_S_ODE_NonLinear
Using two part PSO
Bounds for Uniform Distribution0,1
Blind PSO using 27 moments.
Sample Size:100 Nparts:300 Nsteps:40
Targeted PSO updated nParts:20 Nsteps:200
using tf:48.45
mu: 80 120  85
covarMat:
 50   0   0
  0 100   0
  0   0  50

Yt:  3.83092   2.83823   2.46815  0.126574   5.43295   3.48392   49.1447   38.9408   12.9033 0.0189478   69.2498   25.8356  0.781411    9.8219  0.658122   11.2614   14.0065   8.21411  0.139637   47.2945   11.4173  0.339665    21.457   18.2571   0.49825  0.481675    30.156
seedk:0.210978 0.268926 0.119001 0.799059 0.356168 0.265682| cost:54888.5
Xt:  3.19169   5.75732   2.67384  0.144054   8.57521   1.19763   38.0037   145.195   18.1963 0.0270563   226.465   3.65055   4.91641   11.4041  0.749531     17.07   5.10798   30.6184  0.445632   176.259   13.7142  0.459345    49.274   8.15023  0.932033  0.205744   22.0702
PSO begins!
GBMAT from first PSO:

  0.210978   0.268926   0.119001   0.799059   0.356168   0.265682    54888.5
   0.18355   0.702781   0.574021   0.483533   0.837188   0.789165      48497
  0.795179   0.905579   0.384448   0.631233   0.580229   0.179102     7430.5
  0.744364   0.568644   0.607585   0.455039   0.360175   0.191764    4010.79
  0.926684   0.433355   0.623088   0.168641   0.149832   0.195596    3893.97
  0.931459   0.330219    0.70689   0.291052   0.296992   0.225253    3879.06
  0.957277   0.316547   0.572897    0.26643   0.407202    0.19218    3805.96
  0.944201   0.225955   0.541342   0.439533    0.64938   0.179708    3797.01
   0.95148   0.213873   0.508225   0.421688   0.620104   0.170843    3786.96
  0.951977   0.213209   0.497538   0.413827   0.617486    0.16869    3785.83
  0.964048   0.165286   0.606182    0.38879   0.637465   0.204498    3785.72
  0.965617   0.191047   0.580237   0.376646    0.64356   0.194377    3783.04
  0.959838   0.117929   0.560228   0.384598   0.630702   0.190227    3772.33
  0.959916   0.117753   0.560228   0.384945   0.630998   0.190227     3772.3
  0.962733   0.132465    0.51309   0.312138   0.607701   0.174043    3769.68
  0.952717  0.0905687    0.45046   0.352063    0.59042   0.151963    3750.55
  0.953329  0.0763274   0.465738   0.347422   0.616685   0.157462    3748.74
  0.959296  0.0992965   0.422844    0.37163   0.620921   0.143229    3747.88
  0.990188  0.0509022   0.491442   0.356354   0.619226   0.168348    3747.67
  0.975311  0.0931881   0.431502   0.369701   0.620707   0.146399    3746.17
  0.945862  0.0625673    0.35187   0.348921   0.575938   0.122166    3743.47
  0.948024  0.0552083   0.392572   0.367985   0.591321    0.13327    3740.52
  0.963475  0.0517495   0.341363   0.341035    0.68722   0.118219    3737.23
  0.966385  0.0738597   0.384678   0.365235   0.642947   0.130584    3737.12
  0.972531  0.0568487   0.378634   0.368089    0.61915   0.128332    3736.05
   0.97672  0.0466284   0.390773   0.366678   0.615676   0.132383    3735.71
  0.973148  0.0553437   0.380421   0.305429   0.618638   0.128928    3735.62
  0.981858  0.0366473   0.366434   0.340871    0.59847   0.125574    3727.82
  0.980258  0.0240184    0.37415   0.352848   0.604003   0.128067    3727.33
  0.989611  0.0239927   0.355585   0.340761   0.682299   0.122172    3725.97
  0.993227  0.0239927   0.355585   0.340761   0.682299   0.122172    3725.72
  0.986105   0.018122   0.360943    0.36693   0.650912   0.123857     3724.2
  0.987495  0.0163094   0.325955    0.36693   0.650912   0.112778     3724.1
  0.986524  0.0214787    0.34521   0.367002   0.648481   0.117927    3723.43
  0.986996  0.0223554   0.355469   0.347554   0.646964   0.121547    3723.39
  0.987072  0.0222239    0.35352   0.352053   0.647434   0.120834    3723.25
  0.979674  0.0214097    0.28141   0.293112   0.580612   0.095876    3721.17
  0.982436  0.0213176   0.322106   0.322527   0.589595   0.109914    3721.04
  0.980937  0.0213676   0.300023   0.306566   0.584721   0.102297    3720.24
  0.987259  0.0156734   0.318114   0.336642   0.606641   0.108554     3720.1
  0.988589  0.0166283    0.32477   0.336127   0.615048   0.111019     3720.1
   0.98389  0.0195388   0.309572   0.317973   0.596423   0.105662    3719.95
   0.98517  0.0196995   0.310317   0.318392   0.597047    0.10591    3719.94
  0.981757  0.0117189    0.31161   0.311015   0.575224   0.106384    3718.92
  0.985301  0.0122274   0.310936   0.316271   0.588076   0.106263    3718.75
  0.986292  0.0119747    0.30248   0.317697   0.611926   0.103338     3718.6
  0.985396 0.00885241   0.305744     0.3157   0.601879   0.104479    3718.14
  0.986904 0.00927514   0.292915   0.325567   0.596396   0.100061    3718.07
  0.987399  0.0092499   0.299395   0.322223   0.593219   0.102275    3717.98
  0.987401 0.00937928   0.300185   0.321454   0.594655   0.102563    3717.96
  0.988917 0.00787969   0.302372   0.308783   0.572133   0.103297    3717.63
  0.988891 0.00783365   0.302343   0.308754   0.572372   0.103291    3717.62
  0.988877 0.00761862   0.302403   0.311496   0.575058   0.103308    3717.62
  0.988757 0.00775716   0.301824   0.310776   0.575282   0.103194    3717.61
  0.988763 0.00776459   0.301861   0.310605   0.575178   0.103204    3717.61
  0.988734 0.00639591   0.296853   0.310727    0.57557   0.101594    3717.38

truk:  0.515996 0.0603199  0.103199  0.896801   0.05516 0.0722394
total difference b/w truk and final GBVEC0.879062

targeted PSO has started!
Updating Weight Matrix!
GBVEC AND COST:  0.988734
0.00639591
  0.296853
  0.310727
   0.57557
  0.101594
   3717.38
GBVEC:  0.988734
0.00639591
  0.296853
  0.310727
   0.57557
  0.101594cost:3717.38
Chkpt reached!
new weight matrix:
  0.0114942           0           0           0           0           0           0           0           0           0           0           0           0           0           0           0           0           0           0           0           0           0           0           0           0           0           0
          0   0.0124351           0           0           0           0           0           0           0           0           0           0           0           0           0           0           0           0           0           0           0           0           0           0           0           0           0
          0           0   0.0838794           0           0           0           0           0           0           0           0           0           0           0           0           0           0           0           0           0           0           0           0           0           0           0           0
          0           0           0     1.49907           0           0           0           0           0           0           0           0           0           0           0           0           0           0           0           0           0           0           0           0           0           0           0
          0           0           0           0  0.00917879           0           0           0           0           0           0           0           0           0           0           0           0           0           0           0           0           0           0           0           0           0           0
          0           0           0           0           0   0.0175674           0           0           0           0           0           0           0           0           0           0           0           0           0           0           0           0           0           0           0           0           0
          0           0           0           0           0           0 1.23688e-05           0           0           0           0           0           0           0           0           0           0           0           0           0           0           0           0           0           0           0           0
          0           0           0           0           0           0           0 1.55654e-05           0           0           0           0           0           0           0           0           0           0           0           0           0           0           0           0           0           0           0
          0           0           0           0           0           0           0           0  0.00028561           0           0           0           0           0           0           0           0           0           0           0           0           0           0           0           0           0           0
          0           0           0           0           0           0           0           0           0    0.092163           0           0           0           0           0           0           0           0           0           0           0           0           0           0           0           0           0
          0           0           0           0           0           0           0           0           0           0 6.44822e-06           0           0           0           0           0           0           0           0           0           0           0           0           0           0           0           0
          0           0           0           0           0           0           0           0           0           0           0 8.44383e-06           0           0           0           0           0           0           0           0           0           0           0           0           0           0           0
          0           0           0           0           0           0           0           0           0           0           0           0    0.859836           0           0           0           0           0           0           0           0           0           0           0           0           0           0
          0           0           0           0           0           0           0           0           0           0           0           0           0  0.00110468           0           0           0           0           0           0           0           0           0           0           0           0           0
          0           0           0           0           0           0           0           0           0           0           0           0           0           0  0.00375587           0           0           0           0           0           0           0           0           0           0           0           0
          0           0           0           0           0           0           0           0           0           0           0           0           0           0           0 0.000530052           0           0           0           0           0           0           0           0           0           0           0
          0           0           0           0           0           0           0           0           0           0           0           0           0           0           0           0 0.000209001           0           0           0           0           0           0           0           0           0           0
          0           0           0           0           0           0           0           0           0           0           0           0           0           0           0           0           0 0.000253298           0           0           0           0           0           0           0           0           0
          0           0           0           0           0           0           0           0           0           0           0           0           0           0           0           0           0           0   0.0163446           0           0           0           0           0           0           0           0
          0           0           0           0           0           0           0           0           0           0           0           0           0           0           0           0           0           0           0 1.09116e-05           0           0           0           0           0           0           0
          0           0           0           0           0           0           0           0           0           0           0           0           0           0           0           0           0           0           0           0 3.41309e-05           0           0           0           0           0           0
          0           0           0           0           0           0           0           0           0           0           0           0           0           0           0           0           0           0           0           0           0   0.0223603           0           0           0           0           0
          0           0           0           0           0           0           0           0           0           0           0           0           0           0           0           0           0           0           0           0           0           0  7.5331e-05           0           0           0           0
          0           0           0           0           0           0           0           0           0           0           0           0           0           0           0           0           0           0           0           0           0           0           0 5.84858e-05           0           0           0
          0           0           0           0           0           0           0           0           0           0           0           0           0           0           0           0           0           0           0           0           0           0           0           0  0.00480271           0           0
          0           0           0           0           0           0           0           0           0           0           0           0           0           0           0           0           0           0           0           0           0           0           0           0           0  0.00265016           0
          0           0           0           0           0           0           0           0           0           0           0           0           0           0           0           0           0           0           0           0           0           0           0           0           0           0 1.08861e-05

underflow!1.41594e-131
pos           1 1.41594e-131     0.406704     0.141135     0.685139    0.0368709
underflow!1.98651e-28
pos          1 1.98651e-28    0.411885    0.162313    0.251879   0.0197719
underflow!0
pos       1        0 0.344407 0.264179 0.760889 0.240364
underflow!0
pos          1           0    0.205043    0.237257    0.405939 4.58355e-05
underflow!4.58355e-05
pos          1           0    0.205043    0.237257    0.405939 4.58355e-05
underflow!1.5012e-21
pos         1 1.5012e-21   0.424073   0.472655   0.715467 1.4644e-05
underflow!1.4644e-05
pos         1 1.5012e-21   0.424073   0.472655   0.715467 1.4644e-05
underflow!0
pos         1          0    0.33944   0.235356   0.644968 0.00654821
underflow!2.04861e-104
pos           1 2.04861e-104     0.172532     0.432267     0.466151     0.283035
underflow!0.000751496
pos   0.998676 0.000751496    0.393797    0.161061    0.785321   0.0444756
underflow!1.00911e-05
pos   0.999982 1.00911e-05    0.416657    0.239427    0.411256   0.0105118
underflow!1.01415e-05
pos   0.999982 1.01415e-05    0.272878    0.388711    0.748761   0.0105493
underflow!4.26409e-05
pos   0.999925 4.26409e-05    0.265148    0.180708    0.717793    0.130485
underflow!4.09807e-05
pos   0.986048 4.09807e-05    0.382431    0.475788    0.310439    0.099087
underflow!7.28612e-07
pos   0.999999 7.28612e-07    0.241078    0.212709    0.537492   0.0243781
underflow!1.17945e-06
pos   0.999998 1.17945e-06    0.159877    0.377086    0.448203  0.00254513
underflow!2.37509e-06
pos   0.999996 2.37509e-06    0.590539    0.437082    0.617255     0.56637
underflow!4.33233e-07
pos   0.999999 4.33233e-07    0.112416    0.377731    0.090925  0.00466619
underflow!0.000271911
pos   0.999945 0.000271911     0.13313     0.31732    0.561639    0.284915
underflow!1.10374e-06
pos   0.999998 1.10374e-06     0.35382    0.159153    0.624699  0.00248925
underflow!2.29515e-05
pos   0.999958 2.29515e-05    0.542177    0.218149    0.773926    0.477558
underflow!3.00904e-06
pos   0.999995 3.00904e-06    0.244329    0.273282    0.769959    0.102071
underflow!8.98446e-06
pos   0.986963 8.98446e-06    0.361118    0.506454    0.326052   0.0953925
underflow!7.15538e-06
pos   0.999987 7.15538e-06    0.176006    0.304373    0.520702   0.0178147
underflow!4.41765e-06
pos   0.999992 4.41765e-06     0.11024    0.424843     0.48431    0.186689
underflow!0.000836311
pos   0.972851 0.000836311    0.199331    0.283938    0.637562    0.229901
underflow!7.16493e-07
pos   0.999999 7.16493e-07   0.0635906    0.172931    0.614731  0.00154781
underflow!9.94039e-06
pos    0.99996 9.94039e-06    0.366393    0.309713    0.759353     0.31966
underflow!5.13789e-06
pos   0.999991 5.13789e-06   0.0642791    0.330664    0.525014   0.0217913
underflow!2.9874e-06
pos  0.999993 2.9874e-06  0.0565729   0.894576   0.462392 0.00828841
underflow!1.9724e-06
pos  0.999997 1.9724e-06   0.366169   0.529825  0.0963006 0.00464622
underflow!0.000745841
pos    0.99998 0.000745841    0.187456    0.412654    0.304996   0.0172568
underflow!0.000786147
pos   0.999995 0.000786147    0.123714    0.562154    0.493501    0.188252
underflow!0.000774413
pos   0.999992 0.000774413    0.132505    0.556471    0.368854   0.0190545
underflow!0.000915048
pos   0.999832 0.000915048    0.402117    0.348692    0.552838     0.31678
underflow!0.000582538
pos   0.999688 0.000582538    0.142714    0.477146    0.300657   0.0154408
underflow!0.000835804
pos   0.999294 0.000835804   0.0994376    0.613729    0.452156   0.0483507
underflow!0.000830176
pos   0.999751 0.000830176    0.289635    0.360836    0.503156   0.0248894
underflow!0.000336376
pos   0.999608 0.000336376    0.122742    0.577393     0.23994   0.0126387
Updating Weight Matrix!
GBVEC AND COST: 0.999913
 0.261039
 0.125051
 0.802342
0.0384071
0.0556683
 0.138025
GBVEC: 0.999913
 0.261039
 0.125051
 0.802342
0.0384071
0.0556683cost:0.138025
Chkpt reached!
new weight matrix:
  0.0119175           0           0           0           0           0           0           0           0           0           0           0           0           0           0           0           0           0           0           0           0           0           0           0           0           0           0
          0   0.0098408           0           0           0           0           0           0           0           0           0           0           0           0           0           0           0           0           0           0           0           0           0           0           0           0           0
          0           0   0.0751129           0           0           0           0           0           0           0           0           0           0           0           0           0           0           0           0           0           0           0           0           0           0           0           0
          0           0           0     114.637           0           0           0           0           0           0           0           0           0           0           0           0           0           0           0           0           0           0           0           0           0           0           0
          0           0           0           0  0.00740414           0           0           0           0           0           0           0           0           0           0           0           0           0           0           0           0           0           0           0           0           0           0
          0           0           0           0           0   0.0229956           0           0           0           0           0           0           0           0           0           0           0           0           0           0           0           0           0           0           0           0           0
          0           0           0           0           0           0 1.32042e-05           0           0           0           0           0           0           0           0           0           0           0           0           0           0           0           0           0           0           0           0
          0           0           0           0           0           0           0 8.52569e-06           0           0           0           0           0           0           0           0           0           0           0           0           0           0           0           0           0           0           0
          0           0           0           0           0           0           0           0 0.000270668           0           0           0           0           0           0           0           0           0           0           0           0           0           0           0           0           0           0
          0           0           0           0           0           0           0           0           0     1775.17           0           0           0           0           0           0           0           0           0           0           0           0           0           0           0           0           0
          0           0           0           0           0           0           0           0           0           0  3.3826e-06           0           0           0           0           0           0           0           0           0           0           0           0           0           0           0           0
          0           0           0           0           0           0           0           0           0           0           0 2.33338e-05           0           0           0           0           0           0           0           0           0           0           0           0           0           0           0
          0           0           0           0           0           0           0           0           0           0           0           0     0.60914           0           0           0           0           0           0           0           0           0           0           0           0           0           0
          0           0           0           0           0           0           0           0           0           0           0           0           0 0.000869406           0           0           0           0           0           0           0           0           0           0           0           0           0
          0           0           0           0           0           0           0           0           0           0           0           0           0           0    0.279344           0           0           0           0           0           0           0           0           0           0           0           0
          0           0           0           0           0           0           0           0           0           0           0           0           0           0           0 0.000772469           0           0           0           0           0           0           0           0           0           0           0
          0           0           0           0           0           0           0           0           0           0           0           0           0           0           0           0 0.000227317           0           0           0           0           0           0           0           0           0           0
          0           0           0           0           0           0           0           0           0           0           0           0           0           0           0           0           0 0.000107907           0           0           0           0           0           0           0           0           0
          0           0           0           0           0           0           0           0           0           0           0           0           0           0           0           0           0           0     5.26526           0           0           0           0           0           0           0           0
          0           0           0           0           0           0           0           0           0           0           0           0           0           0           0           0           0           0           0 5.58595e-06           0           0           0           0           0           0           0
          0           0           0           0           0           0           0           0           0           0           0           0           0           0           0           0           0           0           0           0 2.55167e-05           0           0           0           0           0           0
          0           0           0           0           0           0           0           0           0           0           0           0           0           0           0           0           0           0           0           0           0     2.20773           0           0           0           0           0
          0           0           0           0           0           0           0           0           0           0           0           0           0           0           0           0           0           0           0           0           0           0 4.86549e-05           0           0           0           0
          0           0           0           0           0           0           0           0           0           0           0           0           0           0           0           0           0           0           0           0           0           0           0 8.51042e-05           0           0           0
          0           0           0           0           0           0           0           0           0           0           0           0           0           0           0           0           0           0           0           0           0           0           0           0     1.40743           0           0
          0           0           0           0           0           0           0           0           0           0           0           0           0           0           0           0           0           0           0           0           0           0           0           0           0    0.658579           0
          0           0           0           0           0           0           0           0           0           0           0           0           0           0           0           0           0           0           0           0           0           0           0           0           0           0 1.20374e-05

underflow!-0.141359
pos  0.999776  -0.141359 0.00221107   0.802779  0.0788898   0.192842
underflow!-0.0550469
pos  0.999911   0.274873   0.131802   0.761823 -0.0550469  0.0600263
overflow!
underflow!-0.0235234
pos  0.999908   0.234752   0.103515   0.806479 -0.0235234  0.0604561
underflow!-0.173885
pos 0.999921 -0.515991 -0.173885   1.62442  0.127098  0.176728
underflow!-0.0698967
pos  0.999925 -0.0698967 0.00844155   0.780352  0.0342832  0.0541793
underflow!-0.0520297
pos  0.999917   0.232399   0.108299   0.788082  0.0387613 -0.0520297
overflow!
underflow!-0.191916
pos 0.999917  0.362413  0.182716  0.800235 0.0598607 -0.191916
underflow!-0.00253879
pos   0.999907 -0.00253879    0.128502    0.695326   0.0351504   0.0378741
underflow!-0.0639623
pos  0.999881  -0.244683   0.202803   0.808809 -0.0375182 -0.0639623
underflow!-0.0375182
pos  0.999881  -0.244683   0.202803   0.808809 -0.0375182 -0.0639623
underflow!-0.0986068
pos   1.00009  -0.189894 -0.0986068   0.769262  0.0234064  0.0694396
underflow!-0.00134851
pos   0.999837    0.112771     0.16528     0.90136   0.0297132 -0.00134851
overflow!
underflow!-0.201149
pos 0.999859 -0.502404 0.0849409   1.20051 0.0708879 -0.201149
underflow!-0.522973
pos 0.999882  0.235762 0.0697857  0.686486  0.040103 -0.522973
underflow!-0.00416814
pos   0.999857    0.237526   0.0392857    0.811037   0.0365571 -0.00416814
underflow!0.000232936
pos   0.999927    0.310068    0.110657    0.790496   0.0348247 0.000232936
underflow!-0.00594145
pos   0.999871 -0.00594145    0.181354    0.815378   0.0024271   0.0963796
underflow!-0.118751
pos 0.999914  0.236149  0.111274  0.808396 0.0431582 -0.118751
overflow!
underflow!-0.100082
pos 0.999914 0.0276504 0.0725772      1.26 -0.028106 -0.100082
underflow!-0.028106
pos 0.999914 0.0276504 0.0725772      1.26 -0.028106 -0.100082
underflow!-0.725931
pos 0.999866  -1.33905 -0.725931   2.26149  -0.29313   2.06635
overflow!
underflow!-0.0911927
pos  0.999853   0.320797   0.200257   0.660009 -0.0911927  0.0691957
underflow!-0.0930991
pos  0.999877   0.233923   0.058767   0.798145 -0.0930991       -nan
overflow!
overflow!
underflow!-0.466428
pos 0.999312 -0.466428  0.119151  -0.25603 0.0145249      -nan
underflow!-0.0272635
pos  0.999889   0.235185 -0.0272635   0.988518   0.044267   0.194949
underflow!-0.0543716
pos   0.99992   0.219618   0.131319   0.797563 -0.0543716  0.0542865
underflow!-0.0685609
pos  0.999897  0.0486018 -0.0685609   0.690093  0.0315323  0.0750437
overflow!
underflow!-0.00462379
pos   0.999882     0.23548   0.0831517    0.808433 -0.00462379   0.0822975
underflow!-0.257547
pos 0.999828  0.475869 -0.803284   1.19666 0.0409873 -0.257547
overflow!
overflow!
underflow!-1.7178
pos  0.99968   -1.7178  0.378783   0.69358 -0.374036  0.202714
underflow!-0.00192131
pos   0.999927   -0.463589 -0.00192131        -nan   0.0181672        -nan
underflow!-0.0474313
pos  0.999982  0.0737085   0.731754   0.541317 -0.0474313       -nan
underflow!-0.0348328
pos   1.00006 -0.0348328    1.59859    0.54638   0.594451    1.07129
slurmstepd: error: *** JOB 1522448 ON r1pl-hpcf-n21 CANCELLED AT 2021-08-04T09:29:59 ***
Job Statistics for 1522448:
           JobID       User               Start                 End    Elapsed     MaxRSS   TotalCPU      State Exit        NodeList                                  ReqTRES 
---------------- ---------- ------------------- ------------------- ---------- ---------- ---------- ---------- ---- --------------- ---------------------------------------- 
         1522448   rsjxw007 2021-08-03T14:42:09 2021-08-04T09:29:59   18:47:50              18:42:55 CANCELLED+  0:0   r1pl-hpcf-n21         billing=1,cpu=1,mem=7812M,node=1 
   1522448.batch            2021-08-03T14:42:09 2021-08-04T09:30:00   18:47:51      1.18M   18:42:55  CANCELLED 0:15   r1pl-hpcf-n21                                          
  1522448.extern            2021-08-03T14:42:09 2021-08-04T09:29:59   18:47:50          0  00:00.001  COMPLETED  0:0   r1pl-hpcf-n21                                          
CPU Efficiency: 99.56% of 18:47:50 core-walltime
