PSO_S_ODE_NonLinear
Using two part PSO Sample Size:25000 with:12 moments.
Using Record Time:38.76
Bounds for Uniform Distribution (0,1)
Blind PSO --> nParts:900 Nsteps:15
Targeted PSO --> nParts:25 Nsteps:500
mu: 80 120  85
covarMat:
 50   0   0
  0 100   0
  0   0  50

Yt:  3.99021   3.48796   2.35537  0.127709   5.97104   3.27049   55.3759   99.1214   10.5766 0.0191981   136.207   20.3161
seedk: 0.926797  0.266029  0.267741  0.491455 0.0564153  0.563171| cost:3960.64
Xt: 3.51223  4.70044  2.90006 0.310288  7.91079  1.37873  49.5911  128.829  16.2659 0.116533  188.418  3.67641
PSO begins!
underflow!0.000301075
pos   0.847314    0.410019 0.000301075   0.0620314    0.657916    0.341725
underflow!0.0009839
pos 0.780339  0.536519 0.0009839   0.99153  0.827932  0.336821
underflow!0.000878905
pos0.000878905    0.012541    0.617655    0.918246    0.507912    0.641165
underflow!5.4104e-05
pos   0.56761   0.774754   0.868653 5.4104e-05   0.107801   0.465445
underflow!0.000980584
pos   0.637105    0.992991    0.584075    0.291872    0.557727 0.000980584
GBMAT from targeted PSO:

 0.926797  0.266029  0.267741  0.491455 0.0564153  0.563171   3960.64
 0.926797  0.266029  0.267741  0.491455 0.0564153  0.563171   3960.64
 0.923645  0.761529  0.399213    0.6966  0.181663  0.256882   40.4094
 0.928186   0.32243   0.29644  0.567486  0.241491  0.201446   31.6096
 0.928186   0.32243   0.29644  0.567486  0.241491  0.201446   31.6096
 0.713252   0.17928  0.397467  0.830083  0.233243  0.259532   29.5511
  0.88962  0.119739  0.385347  0.772263  0.286098  0.260353   26.2602
  0.93445  0.224773  0.319551  0.782815  0.176155  0.213586   22.1607
 0.934956   0.21893  0.310144   0.77265 0.0798418  0.207846   19.2236
 0.927171  0.200538  0.250226  0.796518 0.0920796  0.168167   18.0771
 0.916014  0.218955  0.263945  0.779469 0.0982548  0.179653   17.2546
 0.952006  0.128329  0.264856  0.782636 0.0654774  0.183492   14.9427
 0.952006  0.128329  0.264856  0.782636 0.0654774  0.183492   14.9427
 0.945314   0.14146  0.238725  0.766141 0.0657833  0.164821   14.5702
 0.931988  0.136117  0.210854  0.861547 0.0434853  0.145356   13.4434
 0.936107  0.135658  0.217084  0.891591 0.0347425  0.149851   13.2224

truk:  0.515996 0.0603199  0.103199  0.896801   0.05516 0.0722394
total difference b/w truk and final GBVEC0.201606

targeted PSO has started!
Updating Weight Matrix!
GBVEC AND COST: 0.936107  0.135658  0.217084  0.891591 0.0347425  0.149851   13.2224
Chkpt reached!
new weight matrix:
  0.0122065           0           0           0           0           0           0           0           0           0           0           0
          0  0.00569343           0           0           0           0           0           0           0           0           0           0
          0           0   0.0984175           0           0           0           0           0           0           0           0           0
          0           0           0     118.238           0           0           0           0           0           0           0           0
          0           0           0           0  0.00492248           0           0           0           0           0           0           0
          0           0           0           0           0    0.049093           0           0           0           0           0           0
          0           0           0           0           0           0 4.82564e-06           0           0           0           0           0
          0           0           0           0           0           0           0 5.91749e-07           0           0           0           0
          0           0           0           0           0           0           0           0 0.000512463           0           0           0
          0           0           0           0           0           0           0           0           0     1477.37           0           0
          0           0           0           0           0           0           0           0           0           0 4.90874e-07           0
          0           0           0           0           0           0           0           0           0           0           0 0.000126687

New PBMAT:
    0.84846   0.0638558    0.137402    0.870823   0.0140001   0.0710702   0.0588062
   0.940327   0.0724617    0.292567    0.899776  9.3101e-05   0.0945761     2.04046
   0.878955   0.0545209    0.264265    0.927821  0.00900007   0.0862722     1.78787
   0.948617    0.129157    0.273625    0.941554 1.51012e-07    0.107643    0.983651
   0.993831    0.101302   0.0998092    0.902035   0.0333047    0.152529     0.53093
   0.987945    0.371327    0.275114    0.965608    0.102226    0.180387     5.50769
   0.902207    0.178066    0.242759    0.827967    0.164772    0.156899     21.6347
   0.952287     0.23854    0.259891     0.86079  0.00158675    0.195949     0.78247
   0.917901     0.08899    0.294506    0.868472  0.00275552    0.132469     2.29887
   0.986903   0.0648083    0.285445    0.987076 5.03777e-06    0.232141    0.719502
   0.975112    0.104648    0.171682    0.882682    0.237817    0.227858     4.52033
   0.890735    0.232923     0.30498    0.968379   0.0945306   0.0660902     39.9547
   0.975803    0.182481    0.138688    0.846038  1.4103e-06    0.200245    0.309093
   0.798419   0.0204084   0.0862114    0.941777  0.00128743    0.220624     1.27325
   0.982711    0.239247    0.389651    0.819737   0.0426929    0.213205      15.494
   0.892668    0.098403    0.156086    0.951176  0.00202166     0.18816    0.211407
   0.960309   0.0777339    0.211873    0.885477   0.0209026    0.100613    0.994692
   0.974091   0.0211238    0.294899    0.823479   0.0495834    0.153017     10.0588
   0.947637   0.0726036    0.134051    0.928479  0.00117438    0.259441    0.553627
   0.968849    0.102266    0.296686    0.812424 0.000900769     0.31794     2.62578
   0.950158    0.128879    0.134362    0.930483   0.0034063    0.198722     0.43198
   0.868694    0.075877    0.171865    0.980611   0.0298723    0.158372    0.028713
    0.84998    0.165415    0.346043    0.816886 8.50044e-08    0.207804     4.62317
   0.985101   0.0816001    0.115223    0.872505   0.0084271    0.260267    0.701763
    0.92828    0.127975   0.0991762    0.882418   0.0149123    0.177665    0.759586

underflow!9.3101e-05
pos  0.940327  0.0724617   0.292567   0.899776 9.3101e-05  0.0945761
underflow!1.4103e-06
pos  0.975803   0.182481   0.138688   0.846038 1.4103e-06   0.200245
underflow!0.000900769
pos   0.968849    0.102266    0.296686    0.812424 0.000900769     0.31794
underflow!8.50044e-08
pos    0.84998    0.165415    0.346043    0.816886 8.50044e-08    0.207804
underflow!0.000383704
pos    0.79325  0.00305034    0.254802    0.968417 0.000383704   0.0270714
underflow!0.000286688
pos   0.981595   0.0603801    0.266201     0.94287 0.000286688    0.247999
underflow!0.000507763
pos   0.872254   0.0878809   0.0385867    0.754543 0.000507763    0.276476
underflow!0.000756405
pos   0.951969   0.0771755    0.609718    0.964721 0.000756405    0.533949
underflow!0.000862408
pos   0.834582   0.0640736    0.134801    0.820656 0.000862408   0.0387761
underflow!0.000238694
pos   0.996409    0.118146    0.153303    0.780817 0.000238694    0.137587
underflow!0.0009646
pos 0.982455  0.141953  0.161704  0.811069 0.0009646  0.139102
underflow!0.00070462
pos  0.913037   0.116143  0.0563368   0.978895 0.00070462  0.0507965
underflow!0.000146739
pos   0.949061   0.0478867    0.271988    0.993517 0.000146739   0.0959209
underflow!0.000751671
pos    0.97478    0.165058   0.0814877    0.841451 0.000751671    0.138237
underflow!0.000532469
pos   0.837079     0.11434    0.182002    0.927368 0.000532469    0.186947
underflow!0.000891522
pos   0.975896   0.0949119    0.124957    0.869461 0.000891522    0.159534
underflow!0.000468242
pos   0.925549    0.149106   0.0236723    0.884927 0.000468242    0.135223
underflow!0.000726094
pos   0.963849     0.14956    0.161924     0.89488 0.000726094   0.0544884
underflow!0.000983664
pos   0.818635   0.0659171    0.133188    0.820602 0.000983664    0.134326
underflow!0.000652563
pos   0.978545   0.0199484    0.362706    0.957465 0.000652563   0.0516613
underflow!0.000438706
pos   0.970093   0.0914937    0.207046    0.819612 0.000438706    0.108967
underflow!0.000529045
pos   0.861017    0.274645   0.0628428    0.923373 0.000529045   0.0613689
underflow!0.000864877
pos   0.745572    0.310386     0.10292    0.964912 0.000864877   0.0186137
underflow!0.000695454
pos   0.946844    0.155136    0.162963    0.833933 0.000695454    0.108455
