PSO_S_ODE_NonLinear
Using two part PSO Sample Size:5000 with:27 moments.
Using Record Time:38.76
Bounds for Uniform Distribution (0,1)
Blind PSO --> nParts:300 Nsteps:10
Targeted PSO --> nParts:10 Nsteps:200
mu: 80 120  85
covarMat:
 50   0   0
  0 100   0
  0   0  50

Yt:  3.86138   3.67592   2.36215  0.125939   6.16401   3.27766   52.8699   107.821   10.6244 0.0188167   145.485   20.4145  0.746337   9.75415  0.653698   11.1542   13.8546   13.0559  0.147045   121.024    17.561  0.307424   23.9877   14.7225  0.473286  0.431053   32.7145
seedk: 0.247879  0.630493  0.785758 0.0109075  0.227506 0.0610778| cost:30654.7
Xt: 6.14991 0.714827 0.202176  5.89309   6.8101  2.48554   80.563  22.2243 0.208345  55.8875  100.598  30.8877  1.15327  1.30756  39.3081  41.7689  16.7315 0.996678  7.37605  30.5971  10.9173  2.76621  3.97123  2.52725  66.0297  34.2772  47.7217
PSO begins!
underflow!0.000471538
pos   0.445998     0.26238    0.906874    0.261539 0.000471538    0.763307
underflow!0.000247125
pos   0.870566     0.76551    0.191817 0.000247125    0.941345    0.709816
GBMAT from targeted PSO:

 0.247879  0.630493  0.785758 0.0109075  0.227506 0.0610778   30654.7
 0.247879  0.630493  0.785758 0.0109075  0.227506 0.0610778   30654.7
 0.883475  0.161681  0.316132  0.933576  0.776809  0.270747     102.5
 0.916599  0.422955  0.500625  0.973385  0.519945  0.406367   84.1287
 0.630597  0.421882  0.347968  0.914449  0.145876    0.2609   52.2169
 0.630597  0.421882  0.347968  0.914449  0.145876    0.2609   52.2169
 0.806359  0.372741  0.272497  0.949255  0.203083   0.22016   43.2448
 0.756648  0.367998  0.309359  0.955964  0.146982  0.240521   43.2393
 0.778881  0.379294  0.292479  0.946096  0.169674  0.232089   41.4967
 0.794708  0.434611  0.280748  0.951282  0.173343  0.222961   41.1653
 0.709625  0.348411  0.231535   0.95788  0.145534  0.183695    37.828

truk:  0.515996 0.0603199  0.103199  0.896801   0.05516 0.0722394
total difference b/w truk and final GBVEC0.161279

targeted PSO has started!
Updating Weight Matrix!
GBVEC AND COST:0.709625 0.348411 0.231535  0.95788 0.145534 0.183695   37.828
Chkpt reached!
new weight matrix:
  0.0134294           0           0           0           0           0           0           0           0           0           0           0           0           0           0           0           0           0           0           0           0           0           0           0           0           0           0
          0  0.00530673           0           0           0           0           0           0           0           0           0           0           0           0           0           0           0           0           0           0           0           0           0           0           0           0           0
          0           0   0.0951453           0           0           0           0           0           0           0           0           0           0           0           0           0           0           0           0           0           0           0           0           0           0           0           0
          0           0           0     77.7054           0           0           0           0           0           0           0           0           0           0           0           0           0           0           0           0           0           0           0           0           0           0           0
          0           0           0           0  0.00458973           0           0           0           0           0           0           0           0           0           0           0           0           0           0           0           0           0           0           0           0           0           0
          0           0           0           0           0   0.0544389           0           0           0           0           0           0           0           0           0           0           0           0           0           0           0           0           0           0           0           0           0
          0           0           0           0           0           0 7.22894e-06           0           0           0           0           0           0           0           0           0           0           0           0           0           0           0           0           0           0           0           0
          0           0           0           0           0           0           0 5.60768e-07           0           0           0           0           0           0           0           0           0           0           0           0           0           0           0           0           0           0           0
          0           0           0           0           0           0           0           0 0.000507191           0           0           0           0           0           0           0           0           0           0           0           0           0           0           0           0           0           0
          0           0           0           0           0           0           0           0           0     525.734           0           0           0           0           0           0           0           0           0           0           0           0           0           0           0           0           0
          0           0           0           0           0           0           0           0           0           0 4.79985e-07           0           0           0           0           0           0           0           0           0           0           0           0           0           0           0           0
          0           0           0           0           0           0           0           0           0           0           0 0.000164176           0           0           0           0           0           0           0           0           0           0           0           0           0           0           0
          0           0           0           0           0           0           0           0           0           0           0           0    0.242938           0           0           0           0           0           0           0           0           0           0           0           0           0           0
          0           0           0           0           0           0           0           0           0           0           0           0           0 0.000593499           0           0           0           0           0           0           0           0           0           0           0           0           0
          0           0           0           0           0           0           0           0           0           0           0           0           0           0    0.170165           0           0           0           0           0           0           0           0           0           0           0           0
          0           0           0           0           0           0           0           0           0           0           0           0           0           0           0 0.000528735           0           0           0           0           0           0           0           0           0           0           0
          0           0           0           0           0           0           0           0           0           0           0           0           0           0           0           0 0.000317814           0           0           0           0           0           0           0           0           0           0
          0           0           0           0           0           0           0           0           0           0           0           0           0           0           0           0           0  0.00017712           0           0           0           0           0           0           0           0           0
          0           0           0           0           0           0           0           0           0           0           0           0           0           0           0           0           0           0     3.23665           0           0           0           0           0           0           0           0
          0           0           0           0           0           0           0           0           0           0           0           0           0           0           0           0           0           0           0 5.20947e-07           0           0           0           0           0           0           0
          0           0           0           0           0           0           0           0           0           0           0           0           0           0           0           0           0           0           0           0 0.000105703           0           0           0           0           0           0
          0           0           0           0           0           0           0           0           0           0           0           0           0           0           0           0           0           0           0           0           0     1.46893           0           0           0           0           0
          0           0           0           0           0           0           0           0           0           0           0           0           0           0           0           0           0           0           0           0           0           0 9.55604e-05           0           0           0           0
          0           0           0           0           0           0           0           0           0           0           0           0           0           0           0           0           0           0           0           0           0           0           0 0.000290171           0           0           0
          0           0           0           0           0           0           0           0           0           0           0           0           0           0           0           0           0           0           0           0           0           0           0           0    0.820648           0           0
          0           0           0           0           0           0           0           0           0           0           0           0           0           0           0           0           0           0           0           0           0           0           0           0           0     0.87877           0
          0           0           0           0           0           0           0           0           0           0           0           0           0           0           0           0           0           0           0           0           0           0           0           0           0           0  5.6694e-05

New PBMAT:
  0.511512   0.477781   0.176207   0.695395   0.202162   0.244787    4.40223
  0.675165   0.385252   0.170496          1   0.192263   0.115139    3.37168
  0.758456   0.273636   0.150761    0.57651   0.072392  0.0918701    4.27442
  0.667211    0.48253    0.27382   0.999862   0.374737   0.111928    66.2162
  0.649363   0.116291   0.373064   0.999988 0.00388056   0.069958    3.93494
   0.64094   0.376623  0.0804954   0.994208   0.301501  0.0393241    11.4457
  0.603803   0.456321  0.0244813          1   0.584076   0.651342    3.46523
  0.493724   0.109833   0.255737   0.999554  0.0109691    0.06806    1.42674
  0.613207   0.140738   0.294813   0.986163  0.0115207  0.0833772    1.90139
  0.684694   0.327106  0.0997488   0.999706   0.240664  0.0177771    61.0442

Updating Weight Matrix!
GBVEC AND COST:  0.726755   0.119361   0.117204   0.992591  0.0605334  0.0889074 0.00459788
Chkpt reached!
new weight matrix:
  0.0133425           0           0           0           0           0           0           0           0           0           0           0           0           0           0           0           0           0           0           0           0           0           0           0           0           0           0
          0  0.00530766           0           0           0           0           0           0           0           0           0           0           0           0           0           0           0           0           0           0           0           0           0           0           0           0           0
          0           0   0.0927812           0           0           0           0           0           0           0           0           0           0           0           0           0           0           0           0           0           0           0           0           0           0           0           0
          0           0           0     174.217           0           0           0           0           0           0           0           0           0           0           0           0           0           0           0           0           0           0           0           0           0           0           0
          0           0           0           0  0.00459956           0           0           0           0           0           0           0           0           0           0           0           0           0           0           0           0           0           0           0           0           0           0
          0           0           0           0           0    0.051773           0           0           0           0           0           0           0           0           0           0           0           0           0           0           0           0           0           0           0           0           0
          0           0           0           0           0           0 7.23323e-06           0           0           0           0           0           0           0           0           0           0           0           0           0           0           0           0           0           0           0           0
          0           0           0           0           0           0           0 5.61993e-07           0           0           0           0           0           0           0           0           0           0           0           0           0           0           0           0           0           0           0
          0           0           0           0           0           0           0           0 0.000480265           0           0           0           0           0           0           0           0           0           0           0           0           0           0           0           0           0           0
          0           0           0           0           0           0           0           0           0     3834.12           0           0           0           0           0           0           0           0           0           0           0           0           0           0           0           0           0
          0           0           0           0           0           0           0           0           0           0  4.8116e-07           0           0           0           0           0           0           0           0           0           0           0           0           0           0           0           0
          0           0           0           0           0           0           0           0           0           0           0 0.000149792           0           0           0           0           0           0           0           0           0           0           0           0           0           0           0
          0           0           0           0           0           0           0           0           0           0           0           0    0.901431           0           0           0           0           0           0           0           0           0           0           0           0           0           0
          0           0           0           0           0           0           0           0           0           0           0           0           0 0.000593188           0           0           0           0           0           0           0           0           0           0           0           0           0
          0           0           0           0           0           0           0           0           0           0           0           0           0           0    0.411708           0           0           0           0           0           0           0           0           0           0           0           0
          0           0           0           0           0           0           0           0           0           0           0           0           0           0           0 0.000550591           0           0           0           0           0           0           0           0           0           0           0
          0           0           0           0           0           0           0           0           0           0           0           0           0           0           0           0 0.000308817           0           0           0           0           0           0           0           0           0           0
          0           0           0           0           0           0           0           0           0           0           0           0           0           0           0           0           0 0.000178002           0           0           0           0           0           0           0           0           0
          0           0           0           0           0           0           0           0           0           0           0           0           0           0           0           0           0           0     9.54593           0           0           0           0           0           0           0           0
          0           0           0           0           0           0           0           0           0           0           0           0           0           0           0           0           0           0           0 5.22116e-07           0           0           0           0           0           0           0
          0           0           0           0           0           0           0           0           0           0           0           0           0           0           0           0           0           0           0           0 0.000104657           0           0           0           0           0           0
          0           0           0           0           0           0           0           0           0           0           0           0           0           0           0           0           0           0           0           0           0     3.55445           0           0           0           0           0
          0           0           0           0           0           0           0           0           0           0           0           0           0           0           0           0           0           0           0           0           0           0 9.57291e-05           0           0           0           0
          0           0           0           0           0           0           0           0           0           0           0           0           0           0           0           0           0           0           0           0           0           0           0  0.00026917           0           0           0
          0           0           0           0           0           0           0           0           0           0           0           0           0           0           0           0           0           0           0           0           0           0           0           0     2.35315           0           0
          0           0           0           0           0           0           0           0           0           0           0           0           0           0           0           0           0           0           0           0           0           0           0           0           0     1.92175           0
          0           0           0           0           0           0           0           0           0           0           0           0           0           0           0           0           0           0           0           0           0           0           0           0           0           0 5.58058e-05

underflow!0.000320694
pos   0.888712   0.0720721    0.147713           1 0.000140255 0.000320694
underflow!2.81079e-10
pos   0.938292    0.228882    0.175189    0.971935 2.81079e-10  0.00853156
underflow!3.68704e-05
pos   0.482929    0.122513 3.68704e-05           1   0.0127883  0.00949759
underflow!8.14719e-05
pos   0.661202   0.0882501   0.0987175           1 8.14719e-05   0.0288005
Updating Weight Matrix!
GBVEC AND COST: 0.726719  0.102382  0.122452  0.993918 0.0541618 0.0902687 0.0037824
Chkpt reached!
new weight matrix:
  0.0133177           0           0           0           0           0           0           0           0           0           0           0           0           0           0           0           0           0           0           0           0           0           0           0           0           0           0
          0  0.00532703           0           0           0           0           0           0           0           0           0           0           0           0           0           0           0           0           0           0           0           0           0           0           0           0           0
          0           0   0.0934359           0           0           0           0           0           0           0           0           0           0           0           0           0           0           0           0           0           0           0           0           0           0           0           0
          0           0           0     175.386           0           0           0           0           0           0           0           0           0           0           0           0           0           0           0           0           0           0           0           0           0           0           0
          0           0           0           0  0.00461886           0           0           0           0           0           0           0           0           0           0           0           0           0           0           0           0           0           0           0           0           0           0
          0           0           0           0           0     0.05059           0           0           0           0           0           0           0           0           0           0           0           0           0           0           0           0           0           0           0           0           0
          0           0           0           0           0           0 7.22083e-06           0           0           0           0           0           0           0           0           0           0           0           0           0           0           0           0           0           0           0           0
          0           0           0           0           0           0           0 5.63855e-07           0           0           0           0           0           0           0           0           0           0           0           0           0           0           0           0           0           0           0
          0           0           0           0           0           0           0           0 0.000485783           0           0           0           0           0           0           0           0           0           0           0           0           0           0           0           0           0           0
          0           0           0           0           0           0           0           0           0     3876.31           0           0           0           0           0           0           0           0           0           0           0           0           0           0           0           0           0
          0           0           0           0           0           0           0           0           0           0  4.8299e-07           0           0           0           0           0           0           0           0           0           0           0           0           0           0           0           0
          0           0           0           0           0           0           0           0           0           0           0 0.000142439           0           0           0           0           0           0           0           0           0           0           0           0           0           0           0
          0           0           0           0           0           0           0           0           0           0           0           0    0.957826           0           0           0           0           0           0           0           0           0           0           0           0           0           0
          0           0           0           0           0           0           0           0           0           0           0           0           0 0.000597012           0           0           0           0           0           0           0           0           0           0           0           0           0
          0           0           0           0           0           0           0           0           0           0           0           0           0           0    0.413631           0           0           0           0           0           0           0           0           0           0           0           0
          0           0           0           0           0           0           0           0           0           0           0           0           0           0           0 0.000554393           0           0           0           0           0           0           0           0           0           0           0
          0           0           0           0           0           0           0           0           0           0           0           0           0           0           0           0 0.000304703           0           0           0           0           0           0           0           0           0           0
          0           0           0           0           0           0           0           0           0           0           0           0           0           0           0           0           0 0.000180222           0           0           0           0           0           0           0           0           0
          0           0           0           0           0           0           0           0           0           0           0           0           0           0           0           0           0           0     9.68384           0           0           0           0           0           0           0           0
          0           0           0           0           0           0           0           0           0           0           0           0           0           0           0           0           0           0           0 5.23944e-07           0           0           0           0           0           0           0
          0           0           0           0           0           0           0           0           0           0           0           0           0           0           0           0           0           0           0           0 0.000102396           0           0           0           0           0           0
          0           0           0           0           0           0           0           0           0           0           0           0           0           0           0           0           0           0           0           0           0     3.58666           0           0           0           0           0
          0           0           0           0           0           0           0           0           0           0           0           0           0           0           0           0           0           0           0           0           0           0 9.71834e-05           0           0           0           0
          0           0           0           0           0           0           0           0           0           0           0           0           0           0           0           0           0           0           0           0           0           0           0   0.0002635           0           0           0
          0           0           0           0           0           0           0           0           0           0           0           0           0           0           0           0           0           0           0           0           0           0           0           0      2.3839           0           0
          0           0           0           0           0           0           0           0           0           0           0           0           0           0           0           0           0           0           0           0           0           0           0           0           0     1.88537           0
          0           0           0           0           0           0           0           0           0           0           0           0           0           0           0           0           0           0           0           0           0           0           0           0           0           0 5.47048e-05

underflow!1.42443e-05
pos   0.799965   0.0212129    0.137518           1 1.42443e-05   0.0297639
underflow!2.82015e-05
pos   0.905169  0.00479813   0.0615021           1 2.82015e-05   0.0328634
Updating Weight Matrix!
GBVEC AND COST:  0.728135   0.103834   0.122056   0.993767  0.0532812  0.0883595 0.00361951
Chkpt reached!
new weight matrix:
  0.0133043           0           0           0           0           0           0           0           0           0           0           0           0           0           0           0           0           0           0           0           0           0           0           0           0           0           0
          0  0.00533743           0           0           0           0           0           0           0           0           0           0           0           0           0           0           0           0           0           0           0           0           0           0           0           0           0
          0           0   0.0939213           0           0           0           0           0           0           0           0           0           0           0           0           0           0           0           0           0           0           0           0           0           0           0           0
          0           0           0     175.831           0           0           0           0           0           0           0           0           0           0           0           0           0           0           0           0           0           0           0           0           0           0           0
          0           0           0           0  0.00462883           0           0           0           0           0           0           0           0           0           0           0           0           0           0           0           0           0           0           0           0           0           0
          0           0           0           0           0     0.04998           0           0           0           0           0           0           0           0           0           0           0           0           0           0           0           0           0           0           0           0           0
          0           0           0           0           0           0 7.21293e-06           0           0           0           0           0           0           0           0           0           0           0           0           0           0           0           0           0           0           0           0
          0           0           0           0           0           0           0 5.64832e-07           0           0           0           0           0           0           0           0           0           0           0           0           0           0           0           0           0           0           0
          0           0           0           0           0           0           0           0 0.000489968           0           0           0           0           0           0           0           0           0           0           0           0           0           0           0           0           0           0
          0           0           0           0           0           0           0           0           0     3891.21           0           0           0           0           0           0           0           0           0           0           0           0           0           0           0           0           0
          0           0           0           0           0           0           0           0           0           0  4.8395e-07           0           0           0           0           0           0           0           0           0           0           0           0           0           0           0           0
          0           0           0           0           0           0           0           0           0           0           0 0.000138673           0           0           0           0           0           0           0           0           0           0           0           0           0           0           0
          0           0           0           0           0           0           0           0           0           0           0           0    0.960089           0           0           0           0           0           0           0           0           0           0           0           0           0           0
          0           0           0           0           0           0           0           0           0           0           0           0           0 0.000599495           0           0           0           0           0           0           0           0           0           0           0           0           0
          0           0           0           0           0           0           0           0           0           0           0           0           0           0    0.413922           0           0           0           0           0           0           0           0           0           0           0           0
          0           0           0           0           0           0           0           0           0           0           0           0           0           0           0  0.00055665           0           0           0           0           0           0           0           0           0           0           0
          0           0           0           0           0           0           0           0           0           0           0           0           0           0           0           0 0.000302145           0           0           0           0           0           0           0           0           0           0
          0           0           0           0           0           0           0           0           0           0           0           0           0           0           0           0           0 0.000181392           0           0           0           0           0           0           0           0           0
          0           0           0           0           0           0           0           0           0           0           0           0           0           0           0           0           0           0     9.75426           0           0           0           0           0           0           0           0
          0           0           0           0           0           0           0           0           0           0           0           0           0           0           0           0           0           0           0 5.24903e-07           0           0           0           0           0           0           0
          0           0           0           0           0           0           0           0           0           0           0           0           0           0           0           0           0           0           0           0 0.000101233           0           0           0           0           0           0
          0           0           0           0           0           0           0           0           0           0           0           0           0           0           0           0           0           0           0           0           0     3.60921           0           0           0           0           0
          0           0           0           0           0           0           0           0           0           0           0           0           0           0           0           0           0           0           0           0           0           0 9.79937e-05           0           0           0           0
          0           0           0           0           0           0           0           0           0           0           0           0           0           0           0           0           0           0           0           0           0           0           0 0.000260955           0           0           0
          0           0           0           0           0           0           0           0           0           0           0           0           0           0           0           0           0           0           0           0           0           0           0           0     2.40025           0           0
          0           0           0           0           0           0           0           0           0           0           0           0           0           0           0           0           0           0           0           0           0           0           0           0           0     1.86515           0
          0           0           0           0           0           0           0           0           0           0           0           0           0           0           0           0           0           0           0           0           0           0           0           0           0           0  5.4151e-05

underflow!0.000112529
pos   0.529084   0.0336732  0.00486372           1 0.000112529  0.00598407
underflow!7.32139e-07
pos   0.909443  0.00280729    0.211708    0.999541    0.116738 7.32139e-07
underflow!0.000979571
pos   0.642767  0.00129702    0.190134    0.953815 0.000979571   0.0594018
underflow!0.000827614
pos    0.77424 4.17633e-06    0.246579           1 0.000827614 7.83041e-07
underflow!4.17633e-06
pos    0.77424 4.17633e-06    0.246579           1 0.000827614 7.83041e-07
Updating Weight Matrix!
GBVEC AND COST:  0.729258   0.100401   0.123151    0.99417  0.0529076  0.0892415 0.00358019
Chkpt reached!
new weight matrix:
  0.0133041           0           0           0           0           0           0           0           0           0           0           0           0           0           0           0           0           0           0           0           0           0           0           0           0           0           0
          0  0.00533747           0           0           0           0           0           0           0           0           0           0           0           0           0           0           0           0           0           0           0           0           0           0           0           0           0
          0           0   0.0938732           0           0           0           0           0           0           0           0           0           0           0           0           0           0           0           0           0           0           0           0           0           0           0           0
          0           0           0     175.422           0           0           0           0           0           0           0           0           0           0           0           0           0           0           0           0           0           0           0           0           0           0           0
          0           0           0           0  0.00462903           0           0           0           0           0           0           0           0           0           0           0           0           0           0           0           0           0           0           0           0           0           0
          0           0           0           0           0   0.0499728           0           0           0           0           0           0           0           0           0           0           0           0           0           0           0           0           0           0           0           0           0
          0           0           0           0           0           0 7.21333e-06           0           0           0           0           0           0           0           0           0           0           0           0           0           0           0           0           0           0           0           0
          0           0           0           0           0           0           0 5.64845e-07           0           0           0           0           0           0           0           0           0           0           0           0           0           0           0           0           0           0           0
          0           0           0           0           0           0           0           0 0.000489538           0           0           0           0           0           0           0           0           0           0           0           0           0           0           0           0           0           0
          0           0           0           0           0           0           0           0           0     3873.06           0           0           0           0           0           0           0           0           0           0           0           0           0           0           0           0           0
          0           0           0           0           0           0           0           0           0           0 4.83962e-07           0           0           0           0           0           0           0           0           0           0           0           0           0           0           0           0
          0           0           0           0           0           0           0           0           0           0           0 0.000138624           0           0           0           0           0           0           0           0           0           0           0           0           0           0           0
          0           0           0           0           0           0           0           0           0           0           0           0    0.971329           0           0           0           0           0           0           0           0           0           0           0           0           0           0
          0           0           0           0           0           0           0           0           0           0           0           0           0 0.000599358           0           0           0           0           0           0           0           0           0           0           0           0           0
          0           0           0           0           0           0           0           0           0           0           0           0           0           0    0.413064           0           0           0           0           0           0           0           0           0           0           0           0
          0           0           0           0           0           0           0           0           0           0           0           0           0           0           0 0.000556553           0           0           0           0           0           0           0           0           0           0           0
          0           0           0           0           0           0           0           0           0           0           0           0           0           0           0           0 0.000302274           0           0           0           0           0           0           0           0           0           0
          0           0           0           0           0           0           0           0           0           0           0           0           0           0           0           0           0 0.000181403           0           0           0           0           0           0           0           0           0
          0           0           0           0           0           0           0           0           0           0           0           0           0           0           0           0           0           0     9.72673           0           0           0           0           0           0           0           0
          0           0           0           0           0           0           0           0           0           0           0           0           0           0           0           0           0           0           0 5.24915e-07           0           0           0           0           0           0           0
          0           0           0           0           0           0           0           0           0           0           0           0           0           0           0           0           0           0           0           0 0.000101224           0           0           0           0           0           0
          0           0           0           0           0           0           0           0           0           0           0           0           0           0           0           0           0           0           0           0           0     3.59642           0           0           0           0           0
          0           0           0           0           0           0           0           0           0           0           0           0           0           0           0           0           0           0           0           0           0           0 9.79869e-05           0           0           0           0
          0           0           0           0           0           0           0           0           0           0           0           0           0           0           0           0           0           0           0           0           0           0           0 0.000260793           0           0           0
          0           0           0           0           0           0           0           0           0           0           0           0           0           0           0           0           0           0           0           0           0           0           0           0     2.39294           0           0
          0           0           0           0           0           0           0           0           0           0           0           0           0           0           0           0           0           0           0           0           0           0           0           0           0     1.85994           0
          0           0           0           0           0           0           0           0           0           0           0           0           0           0           0           0           0           0           0           0           0           0           0           0           0           0 5.41434e-05

underflow!1.49027e-06
pos   0.507598   0.0119299   0.0941072    0.998001 1.49027e-06   0.0709914
underflow!1.39141e-12
pos    0.77944   0.0314374     0.02862           1 1.39141e-12   0.0443807
GBMAT after targeted PSO:
  0.247879   0.630493   0.785758  0.0109075   0.227506  0.0610778    30654.7
  0.247879   0.630493   0.785758  0.0109075   0.227506  0.0610778    30654.7
  0.883475   0.161681   0.316132   0.933576   0.776809   0.270747      102.5
  0.916599   0.422955   0.500625   0.973385   0.519945   0.406367    84.1287
  0.630597   0.421882   0.347968   0.914449   0.145876     0.2609    52.2169
  0.630597   0.421882   0.347968   0.914449   0.145876     0.2609    52.2169
  0.806359   0.372741   0.272497   0.949255   0.203083    0.22016    43.2448
  0.756648   0.367998   0.309359   0.955964   0.146982   0.240521    43.2393
  0.778881   0.379294   0.292479   0.946096   0.169674   0.232089    41.4967
  0.794708   0.434611   0.280748   0.951282   0.173343   0.222961    41.1653
  0.709625   0.348411   0.231535    0.95788   0.145534   0.183695     37.828
  0.709625   0.348411   0.231535    0.95788   0.145534   0.183695    2.86273
  0.709625   0.348411   0.231535    0.95788   0.145534   0.183695    2.86273
  0.518845  0.0937536   0.215374   0.998426   0.113155   0.171443    1.37544
  0.518845  0.0937536   0.215374   0.998426   0.113155   0.171443    1.37544
  0.620807    0.19679   0.144981   0.999625  0.0295005  0.0774916   0.111889
  0.620807    0.19679   0.144981   0.999625  0.0295005  0.0774916   0.111889
  0.620807    0.19679   0.144981   0.999625  0.0295005  0.0774916   0.111889
  0.620807    0.19679   0.144981   0.999625  0.0295005  0.0774916   0.111889
  0.620807    0.19679   0.144981   0.999625  0.0295005  0.0774916   0.111889
  0.603089   0.185052    0.13821   0.999653  0.0440384  0.0965692  0.0675194
  0.603089   0.185052    0.13821   0.999653  0.0440384  0.0965692  0.0675194
  0.603089   0.185052    0.13821   0.999653  0.0440384  0.0965692  0.0675194
  0.603089   0.185052    0.13821   0.999653  0.0440384  0.0965692  0.0675194
  0.603089   0.185052    0.13821   0.999653  0.0440384  0.0965692  0.0675194
  0.603089   0.185052    0.13821   0.999653  0.0440384  0.0965692  0.0675194
  0.603089   0.185052    0.13821   0.999653  0.0440384  0.0965692  0.0675194
  0.754527   0.205356   0.136382    0.99969   0.043082   0.106853   0.047582
  0.754527   0.205356   0.136382    0.99969   0.043082   0.106853   0.047582
  0.754527   0.205356   0.136382    0.99975   0.043082  0.0945577  0.0292729
  0.754527   0.205356   0.136382    0.99975   0.043082  0.0945577  0.0292729
  0.754527   0.205356   0.136382    0.99975   0.043082  0.0945577  0.0292729
    0.7803   0.113976   0.128376   0.975526  0.0601733   0.104518   0.017336
    0.7803   0.113976   0.128376   0.975526  0.0601733   0.104518   0.017336
  0.762741   0.173621   0.134906   0.992029  0.0485292  0.0976506  0.0147283
  0.762741   0.173621   0.134906   0.992029  0.0485292  0.0976506  0.0147283
  0.762741   0.173621   0.134906   0.992029  0.0485292  0.0976506  0.0147283
  0.709671   0.149279   0.129401   0.989385  0.0512951   0.091079  0.0121194
  0.709671   0.149279   0.129401   0.989385  0.0512951   0.091079  0.0121194
  0.709671   0.149279   0.129401   0.989385  0.0512951   0.091079  0.0121194
  0.726755   0.119361   0.117204   0.992591  0.0605334  0.0889074 0.00459788
  0.726755   0.119361   0.117204   0.992591  0.0605334  0.0889074 0.00459788
  0.726755   0.119361   0.117204   0.992591  0.0605334  0.0889074 0.00459788
  0.726755   0.119361   0.117204   0.992591  0.0605334  0.0889074 0.00459788
  0.726755   0.119361   0.117204   0.992591  0.0605334  0.0889074 0.00459788
  0.726755   0.119361   0.117204   0.992591  0.0605334  0.0889074 0.00459788
  0.726755   0.119361   0.117204   0.992591  0.0605334  0.0889074 0.00459788
  0.726755   0.119361   0.117204   0.992591  0.0605334  0.0889074 0.00459788
  0.726755   0.119361   0.117204   0.992591  0.0605334  0.0889074 0.00459788
  0.726755   0.119361   0.117204   0.992591  0.0605334  0.0889074 0.00459788
  0.726755   0.119361   0.117204   0.992591  0.0605334  0.0889074 0.00459788
  0.726755   0.119361   0.117204   0.992591  0.0605334  0.0889074 0.00459788
  0.726755   0.119361   0.117204   0.992591  0.0605334  0.0889074 0.00800143
  0.726755   0.119361   0.117204   0.992591  0.0605334  0.0889074 0.00800143
  0.726755   0.119361   0.117204   0.992591  0.0605334  0.0889074 0.00800143
  0.726755   0.119361   0.117204   0.992591  0.0605334  0.0889074 0.00800143
  0.726755   0.119361   0.117204   0.992591  0.0605334  0.0889074 0.00800143
  0.726755   0.119361   0.117204   0.992591  0.0605334  0.0889074 0.00800143
  0.726755   0.119361   0.117204   0.992591  0.0605334  0.0889074 0.00800143
  0.726755   0.119361   0.117204   0.992591  0.0605334  0.0889074 0.00800143
  0.726755   0.119361   0.117204   0.992591  0.0605334  0.0889074 0.00800143
  0.726755   0.119361   0.117204   0.992591  0.0605334  0.0889074 0.00800143
  0.726755   0.119361   0.117204   0.992591  0.0605334  0.0889074 0.00800143
  0.726755   0.119361   0.117204   0.992591  0.0605334  0.0889074 0.00800143
  0.729513   0.113286   0.117563   0.993286  0.0546027   0.082465  0.0046195
  0.729513   0.113286   0.117563   0.993286  0.0546027   0.082465  0.0046195
  0.729513   0.113286   0.117563   0.993286  0.0546027   0.082465  0.0046195
  0.729513   0.113286   0.117563   0.993286  0.0546027   0.082465  0.0046195
  0.729513   0.113286   0.117563   0.993286  0.0546027   0.082465  0.0046195
  0.729513   0.113286   0.117563   0.993286  0.0546027   0.082465  0.0046195
  0.729513   0.113286   0.117563   0.993286  0.0546027   0.082465  0.0046195
  0.729513   0.113286   0.117563   0.993286  0.0546027   0.082465  0.0046195
  0.729513   0.113286   0.117563   0.993286  0.0546027   0.082465  0.0046195
  0.729513   0.113286   0.117563   0.993286  0.0546027   0.082465  0.0046195
  0.729513   0.113286   0.117563   0.993286  0.0546027   0.082465  0.0046195
  0.729513   0.113286   0.117563   0.993286  0.0546027   0.082465  0.0046195
  0.729513   0.113286   0.117563   0.993286  0.0546027   0.082465  0.0046195
  0.729513   0.113286   0.117563   0.993286  0.0546027   0.082465  0.0046195
  0.729513   0.113286   0.117563   0.993286  0.0546027   0.082465  0.0046195
  0.729513   0.113286   0.117563   0.993286  0.0546027   0.082465  0.0046195
  0.729513   0.113286   0.117563   0.993286  0.0546027   0.082465  0.0046195
  0.729513   0.113286   0.117563   0.993286  0.0546027   0.082465  0.0046195
  0.729513   0.113286   0.117563   0.993286  0.0546027   0.082465  0.0046195
  0.729513   0.113286   0.117563   0.993286  0.0546027   0.082465  0.0046195
  0.729513   0.113286   0.117563   0.993286  0.0546027   0.082465  0.0046195
  0.729513   0.113286   0.117563   0.993286  0.0546027   0.082465  0.0046195
  0.729513   0.113286   0.117563   0.993286  0.0546027   0.082465  0.0046195
  0.729513   0.113286   0.117563   0.993286  0.0546027   0.082465  0.0046195
  0.729513   0.113286   0.117563   0.993286  0.0546027   0.082465  0.0046195
  0.726719   0.102382   0.122452   0.993918  0.0541618  0.0902687  0.0037824
  0.726719   0.102382   0.122452   0.993918  0.0541618  0.0902687  0.0037824
  0.726719   0.102382   0.122452   0.993918  0.0541618  0.0902687  0.0037824
  0.726719   0.102382   0.122452   0.993918  0.0541618  0.0902687  0.0037824
  0.726719   0.102382   0.122452   0.993918  0.0541618  0.0902687 0.00381499
  0.726719   0.102382   0.122452   0.993918  0.0541618  0.0902687 0.00381499
  0.726719   0.102382   0.122452   0.993918  0.0541618  0.0902687 0.00381499
  0.726719   0.102382   0.122452   0.993918  0.0541618  0.0902687 0.00381499
  0.726719   0.102382   0.122452   0.993918  0.0541618  0.0902687 0.00381499
  0.726719   0.102382   0.122452   0.993918  0.0541618  0.0902687 0.00381499
  0.726719   0.102382   0.122452   0.993918  0.0541618  0.0902687 0.00381499
  0.726719   0.102382   0.122452   0.993918  0.0541618  0.0902687 0.00381499
  0.726719   0.102382   0.122452   0.993918  0.0541618  0.0902687 0.00381499
  0.726719   0.102382   0.122452   0.993918  0.0541618  0.0902687 0.00381499
  0.726719   0.102382   0.122452   0.993918  0.0541618  0.0902687 0.00381499
  0.726719   0.102382   0.122452   0.993918  0.0541618  0.0902687 0.00381499
  0.726719   0.102382   0.122452   0.993918  0.0541618  0.0902687 0.00381499
  0.726719   0.102382   0.122452   0.993918  0.0541618  0.0902687 0.00381499
  0.726719   0.102382   0.122452   0.993918  0.0541618  0.0902687 0.00381499
  0.726719   0.102382   0.122452   0.993918  0.0541618  0.0902687 0.00381499
  0.726719   0.102382   0.122452   0.993918  0.0541618  0.0902687 0.00381499
  0.726719   0.102382   0.122452   0.993918  0.0541618  0.0902687 0.00381499
  0.726719   0.102382   0.122452   0.993918  0.0541618  0.0902687 0.00381499
  0.726719   0.102382   0.122452   0.993918  0.0541618  0.0902687 0.00381499
  0.726719   0.102382   0.122452   0.993918  0.0541618  0.0902687 0.00381499
  0.726719   0.102382   0.122452   0.993918  0.0541618  0.0902687 0.00381499
  0.726719   0.102382   0.122452   0.993918  0.0541618  0.0902687 0.00381499
  0.726719   0.102382   0.122452   0.993918  0.0541618  0.0902687 0.00381499
  0.726719   0.102382   0.122452   0.993918  0.0541618  0.0902687 0.00381499
  0.734007   0.103669   0.122113    0.99356  0.0542608  0.0895978  0.0036298
  0.734007   0.103669   0.122113    0.99356  0.0542608  0.0895978  0.0036298
  0.734007   0.103669   0.122113    0.99356  0.0542608  0.0895978  0.0036298
  0.734007   0.103669   0.122113    0.99356  0.0542608  0.0895978  0.0036298
  0.734007   0.103669   0.122113    0.99356  0.0542608  0.0895978  0.0036298
  0.734007   0.103669   0.122113    0.99356  0.0542608  0.0895978  0.0036298
  0.728135   0.103834   0.122056   0.993767  0.0532812  0.0883595 0.00361951
  0.728135   0.103834   0.122056   0.993767  0.0532812  0.0883595 0.00361951
  0.728135   0.103834   0.122056   0.993767  0.0532812  0.0883595 0.00361951
  0.728135   0.103834   0.122056   0.993767  0.0532812  0.0883595 0.00361951
  0.728135   0.103834   0.122056   0.993767  0.0532812  0.0883595 0.00361951
  0.728135   0.103834   0.122056   0.993767  0.0532812  0.0883595 0.00361951
  0.728135   0.103834   0.122056   0.993767  0.0532812  0.0883595 0.00361951
  0.728135   0.103834   0.122056   0.993767  0.0532812  0.0883595 0.00361951
  0.728135   0.103834   0.122056   0.993767  0.0532812  0.0883595 0.00361951
  0.728135   0.103834   0.122056   0.993767  0.0532812  0.0883595 0.00361951
  0.728135   0.103834   0.122056   0.993767  0.0532812  0.0883595 0.00362714
  0.728135   0.103834   0.122056   0.993767  0.0532812  0.0883595 0.00362714
  0.728135   0.103834   0.122056   0.993767  0.0532812  0.0883595 0.00362714
  0.728135   0.103834   0.122056   0.993767  0.0532812  0.0883595 0.00362714
  0.728135   0.103834   0.122056   0.993767  0.0532812  0.0883595 0.00362714
  0.728135   0.103834   0.122056   0.993767  0.0532812  0.0883595 0.00362714
  0.728135   0.103834   0.122056   0.993767  0.0532812  0.0883595 0.00362714
  0.728135   0.103834   0.122056   0.993767  0.0532812  0.0883595 0.00362714
  0.728135   0.103834   0.122056   0.993767  0.0532812  0.0883595 0.00362714
  0.728135   0.103834   0.122056   0.993767  0.0532812  0.0883595 0.00362714
  0.728135   0.103834   0.122056   0.993767  0.0532812  0.0883595 0.00362714
  0.728135   0.103834   0.122056   0.993767  0.0532812  0.0883595 0.00362714
  0.728135   0.103834   0.122056   0.993767  0.0532812  0.0883595 0.00362714
  0.727929   0.101773   0.121518   0.993935  0.0534415  0.0877247 0.00362509
  0.727929   0.101773   0.121518   0.993935  0.0534415  0.0877247 0.00362509
  0.727929   0.101773   0.121518   0.993935  0.0534415  0.0877247 0.00362509
  0.727929   0.101773   0.121518   0.993935  0.0534415  0.0877247 0.00362509
  0.727929   0.101773   0.121518   0.993935  0.0534415  0.0877247 0.00362509
  0.727929   0.101773   0.121518   0.993935  0.0534415  0.0877247 0.00362509
  0.727929   0.101773   0.121518   0.993935  0.0534415  0.0877247 0.00362509
  0.727929   0.101773   0.121518   0.993935  0.0534415  0.0877247 0.00362509
  0.721091   0.102506   0.121689   0.993961    0.05366  0.0878919 0.00359401
  0.721091   0.102506   0.121689   0.993961    0.05366  0.0878919 0.00359401
  0.721091   0.102506   0.121689   0.993961    0.05366  0.0878919 0.00359401
  0.723849   0.102207   0.121615    0.99395  0.0535708  0.0878232  0.0035814
  0.723849   0.102207   0.121615    0.99395  0.0535708  0.0878232  0.0035814
  0.723849   0.102207   0.121615    0.99395  0.0535708  0.0878232  0.0035814
  0.723849   0.102207   0.121615    0.99395  0.0535708  0.0878232  0.0035814
  0.723849   0.102207   0.121615    0.99395  0.0535708  0.0878232  0.0035814
  0.723849   0.102207   0.121615    0.99395  0.0535708  0.0878232  0.0035814
  0.723849   0.102207   0.121615    0.99395  0.0535708  0.0878232  0.0035814
  0.723849   0.102207   0.121615    0.99395  0.0535708  0.0878232  0.0035814
  0.723849   0.102207   0.121615    0.99395  0.0535708  0.0878232  0.0035814
  0.723849   0.102207   0.121615    0.99395  0.0535708  0.0878232  0.0035814
  0.723849   0.102207   0.121615    0.99395  0.0535708  0.0878232  0.0035814
  0.729258   0.100401   0.123151    0.99417  0.0529076  0.0892415 0.00358019
  0.729258   0.100401   0.123151    0.99417  0.0529076  0.0892415 0.00358019
  0.729258   0.100401   0.123151    0.99417  0.0529076  0.0892415 0.00358019
  0.729258   0.100401   0.123151    0.99417  0.0529076  0.0892415 0.00358019
  0.729258   0.100401   0.123151    0.99417  0.0529076  0.0892415 0.00358019
  0.729258   0.100401   0.123151    0.99417  0.0529076  0.0892415 0.00358019
  0.729258   0.100401   0.123151    0.99417  0.0529076  0.0892415 0.00357533
  0.729258   0.100401   0.123151    0.99417  0.0529076  0.0892415 0.00357533
  0.729258   0.100401   0.123151    0.99417  0.0529076  0.0892415 0.00357533
  0.729258   0.100401   0.123151    0.99417  0.0529076  0.0892415 0.00357533
  0.729258   0.100401   0.123151    0.99417  0.0529076  0.0892415 0.00357533
  0.729258   0.100401   0.123151    0.99417  0.0529076  0.0892415 0.00357533
  0.729258   0.100401   0.123151    0.99417  0.0529076  0.0892415 0.00357533
  0.729258   0.100401   0.123151    0.99417  0.0529076  0.0892415 0.00357533
  0.729258   0.100401   0.123151    0.99417  0.0529076  0.0892415 0.00357533
  0.729258   0.100401   0.123151    0.99417  0.0529076  0.0892415 0.00357533
  0.729258   0.100401   0.123151    0.99417  0.0529076  0.0892415 0.00357533
  0.729258   0.100401   0.123151    0.99417  0.0529076  0.0892415 0.00357533
  0.729258   0.100401   0.123151    0.99417  0.0529076  0.0892415 0.00357533
  0.729258   0.100401   0.123151    0.99417  0.0529076  0.0892415 0.00357533
  0.729258   0.100401   0.123151    0.99417  0.0529076  0.0892415 0.00357533
  0.729258   0.100401   0.123151    0.99417  0.0529076  0.0892415 0.00357533
  0.729258   0.100401   0.123151    0.99417  0.0529076  0.0892415 0.00357533
  0.729258   0.100401   0.123151    0.99417  0.0529076  0.0892415 0.00357533
  0.727937  0.0996765   0.123164    0.99425  0.0530334  0.0896367 0.00357223
   0.72349  0.0997677   0.123038    0.99447  0.0530418  0.0894738 0.00356655
   0.72349  0.0997677   0.123038    0.99447  0.0530418  0.0894738 0.00356655
   0.72349  0.0997677   0.123038    0.99447  0.0530418  0.0894738 0.00356655
   0.72349  0.0997677   0.123038    0.99447  0.0530418  0.0894738 0.00356655
   0.72349  0.0997677   0.123038    0.99447  0.0530418  0.0894738 0.00356655
   0.72349  0.0997677   0.123038    0.99447  0.0530418  0.0894738 0.00356655
  0.723476  0.0997644   0.123064    0.99447  0.0530588  0.0894199 0.00355691
  0.723476  0.0997644   0.123064    0.99447  0.0530588  0.0894199 0.00355691
  0.723476  0.0997644   0.123064    0.99447  0.0530588  0.0894199 0.00355691
  0.723476  0.0997644   0.123064    0.99447  0.0530588  0.0894199 0.00355691
  0.723476  0.0997644   0.123064    0.99447  0.0530588  0.0894199 0.00355691
  0.723476  0.0997644   0.123064    0.99447  0.0530588  0.0894199 0.00355691
  0.723476  0.0997644   0.123064    0.99447  0.0530588  0.0894199 0.00355691
  0.723476  0.0997644   0.123064    0.99447  0.0530588  0.0894199 0.00355691
  0.723476  0.0997644   0.123064    0.99447  0.0530588  0.0894199 0.00355691
  0.723476  0.0997644   0.123064    0.99447  0.0530588  0.0894199 0.00355691
  0.723476  0.0997644   0.123064    0.99447  0.0530588  0.0894199 0.00355691
  0.723476  0.0997644   0.123064    0.99447  0.0530588  0.0894199 0.00355691
  0.723476  0.0997644   0.123064    0.99447  0.0530588  0.0894199 0.00355691
  0.723476  0.0997644   0.123064    0.99447  0.0530588  0.0894199 0.00355691
  0.723476  0.0997644   0.123064    0.99447  0.0530588  0.0894199 0.00355691
  0.723476  0.0997644   0.123064    0.99447  0.0530588  0.0894199 0.00355691
truk:  0.515996 0.0603199  0.103199  0.896801   0.05516 0.0722394
total difference b/w truk and final GBVEC:0.0548371
CODE FINISHED RUNNING IN 931 s TIME!
Job Statistics for 1523188:
           JobID       User               Start                 End    Elapsed     MaxRSS   TotalCPU      State Exit        NodeList                                  ReqTRES 
---------------- ---------- ------------------- ------------------- ---------- ---------- ---------- ---------- ---- --------------- ---------------------------------------- 
         1523188   rsjxw007 2021-08-05T16:29:25 2021-08-05T16:44:57   00:15:32             15:28.153  COMPLETED  0:0   r1pl-hpcf-n21         billing=1,cpu=1,mem=7812M,node=1 
   1523188.batch            2021-08-05T16:29:25 2021-08-05T16:44:57   00:15:32      3.03M  15:28.152  COMPLETED  0:0   r1pl-hpcf-n21                                          
  1523188.extern            2021-08-05T16:29:25 2021-08-05T16:44:57   00:15:32          0  00:00.001  COMPLETED  0:0   r1pl-hpcf-n21                                          
CPU Efficiency: 99.57% of 00:15:32 core-walltime
