PSO_S_ODE_NonLinear
Using two part PSOSample Size:100 with:27 moments.
Using Record Time:38.76
Bounds for Uniform Distribution (0,1)
Blind PSO --> nParts:300 Nsteps:5
Targeted PSO --> nParts:20 Nsteps:20
mu: 80 120  85
covarMat:
 50   0   0
  0 100   0
  0   0  50

Yt:  3.82376   2.87693   2.47531  0.125707   5.47794   3.43893   49.0986   39.5763   12.9946 0.0187632   70.3053   25.2911  0.781948   9.79928  0.655994   11.2372    13.908   8.38039  0.139629   48.0963   11.3028  0.337822   21.7128    18.124  0.496214  0.473689   29.9005
seedk:0.821059 0.153812    0.275 0.426084 0.712888 0.586828| cost:48589.1
Xt: 2.99647  4.94256  2.86906  0.61672  8.42834   1.3445  38.4582  136.813   20.573 0.475147  221.851  4.51794  1.49841   9.9885  2.69946  14.1864  4.68082   28.369  1.47386  166.655  13.2943  2.15223  51.0942  9.64092  4.10123  1.00858  23.9438
PSO begins!
underflow!0.000166736
pos  0.0357912    0.970328    0.722007 0.000166736    0.720659    0.632615
underflow!3.48441e-05
pos   0.293129   0.0500939 3.48441e-05    0.436097    0.358953    0.473464
GBMAT from targeted PSO:

0.821059 0.153812    0.275 0.426084 0.712888 0.586828  48589.1
0.821059 0.153812    0.275 0.426084 0.712888 0.586828  48589.1
0.786861  0.32067  0.51247 0.423658 0.384863  0.17684  3904.99
0.786861  0.32067  0.51247 0.423658 0.384863  0.17684  3904.99
0.817083 0.380519 0.587366 0.398597 0.485087 0.194752  3856.45
0.816232 0.385538 0.495301 0.409128 0.624851 0.165795  3828.08

truk:  0.515996 0.0603199  0.103199  0.896801   0.05516 0.0722394
total difference b/w truk and final GBVEC0.920778

targeted PSO has started!
Updating Weight Matrix!
GBVEC AND COST:0.816232 0.385538 0.495301 0.409128 0.624851 0.165795  3828.08
Chkpt reached!
new weight matrix:
  0.0115383           0           0           0           0           0           0           0           0           0           0           0           0           0           0           0           0           0           0           0           0           0           0           0           0           0           0
          0   0.0123789           0           0           0           0           0           0           0           0           0           0           0           0           0           0           0           0           0           0           0           0           0           0           0           0           0
          0           0   0.0849498           0           0           0           0           0           0           0           0           0           0           0           0           0           0           0           0           0           0           0           0           0           0           0           0
          0           0           0     1.89855           0           0           0           0           0           0           0           0           0           0           0           0           0           0           0           0           0           0           0           0           0           0           0
          0           0           0           0  0.00915115           0           0           0           0           0           0           0           0           0           0           0           0           0           0           0           0           0           0           0           0           0           0
          0           0           0           0           0   0.0175531           0           0           0           0           0           0           0           0           0           0           0           0           0           0           0           0           0           0           0           0           0
          0           0           0           0           0           0 1.23686e-05           0           0           0           0           0           0           0           0           0           0           0           0           0           0           0           0           0           0           0           0
          0           0           0           0           0           0           0 1.52575e-05           0           0           0           0           0           0           0           0           0           0           0           0           0           0           0           0           0           0           0
          0           0           0           0           0           0           0           0 0.000295311           0           0           0           0           0           0           0           0           0           0           0           0           0           0           0           0           0           0
          0           0           0           0           0           0           0           0           0    0.148909           0           0           0           0           0           0           0           0           0           0           0           0           0           0           0           0           0
          0           0           0           0           0           0           0           0           0           0 6.46475e-06           0           0           0           0           0           0           0           0           0           0           0           0           0           0           0           0
          0           0           0           0           0           0           0           0           0           0           0 8.34969e-06           0           0           0           0           0           0           0           0           0           0           0           0           0           0           0
          0           0           0           0           0           0           0           0           0           0           0           0    0.156152           0           0           0           0           0           0           0           0           0           0           0           0           0           0
          0           0           0           0           0           0           0           0           0           0           0           0           0   0.0011191           0           0           0           0           0           0           0           0           0           0           0           0           0
          0           0           0           0           0           0           0           0           0           0           0           0           0           0  0.00436341           0           0           0           0           0           0           0           0           0           0           0           0
          0           0           0           0           0           0           0           0           0           0           0           0           0           0           0 0.000546882           0           0           0           0           0           0           0           0           0           0           0
          0           0           0           0           0           0           0           0           0           0           0           0           0           0           0           0 0.000205083           0           0           0           0           0           0           0           0           0           0
          0           0           0           0           0           0           0           0           0           0           0           0           0           0           0           0           0 0.000255566           0           0           0           0           0           0           0           0           0
          0           0           0           0           0           0           0           0           0           0           0           0           0           0           0           0           0           0   0.0201091           0           0           0           0           0           0           0           0
          0           0           0           0           0           0           0           0           0           0           0           0           0           0           0           0           0           0           0 1.07602e-05           0           0           0           0           0           0           0
          0           0           0           0           0           0           0           0           0           0           0           0           0           0           0           0           0           0           0           0 3.27631e-05           0           0           0           0           0           0
          0           0           0           0           0           0           0           0           0           0           0           0           0           0           0           0           0           0           0           0           0   0.0292774           0           0           0           0           0
          0           0           0           0           0           0           0           0           0           0           0           0           0           0           0           0           0           0           0           0           0           0 7.84188e-05           0           0           0           0
          0           0           0           0           0           0           0           0           0           0           0           0           0           0           0           0           0           0           0           0           0           0           0 6.05591e-05           0           0           0
          0           0           0           0           0           0           0           0           0           0           0           0           0           0           0           0           0           0           0           0           0           0           0           0  0.00608499           0           0
          0           0           0           0           0           0           0           0           0           0           0           0           0           0           0           0           0           0           0           0           0           0           0           0           0  0.00329907           0
          0           0           0           0           0           0           0           0           0           0           0           0           0           0           0           0           0           0           0           0           0           0           0           0           0           0 1.09004e-05



new GBMAT with step:0
0.821059 0.153812    0.275 0.426084 0.712888 0.586828  48589.1
0.821059 0.153812    0.275 0.426084 0.712888 0.586828  48589.1
0.786861  0.32067  0.51247 0.423658 0.384863  0.17684  3904.99
0.786861  0.32067  0.51247 0.423658 0.384863  0.17684  3904.99
0.817083 0.380519 0.587366 0.398597 0.485087 0.194752  3856.45
0.816232 0.385538 0.495301 0.409128 0.624851 0.165795  3828.08
0.816232 0.385538 0.495301 0.409128 0.624851 0.165795  6.08993
0.816232 0.385538 0.495301 0.409128 0.624851 0.165795  6.08993
New PBMAT:
 0.818148  0.516591  0.439125 0.0877378  0.709469 0.0357524   194.119
 0.747037  0.211395  0.447176  0.504957   0.81993  0.017771   29.3291
 0.977513  0.372704    0.4917  0.303225  0.175492  0.126403   3.28179
 0.954483  0.370502  0.495195  0.612724  0.515005   0.03275   11.3161
 0.899994  0.434231  0.497338  0.573012  0.731245  0.119707   6.31202
  0.74756  0.263795  0.471685  0.361528   0.74462  0.128098   11.3484
 0.822199  0.341558  0.603708  0.356585   0.90053  0.120338    20.857
 0.741237  0.501745  0.383235   0.34323  0.344763  0.171664   2.85635
 0.878078  0.272451  0.449678   0.41724  0.740801 0.0769397   14.5541
 0.768195  0.166995  0.498693  0.350222  0.846002  0.229159   8.70254
 0.903999  0.402004  0.573187  0.371765  0.651278 0.0360984   28.6227
 0.659409  0.423453  0.723687  0.251939  0.649569  0.202536   16.5357
  0.92082  0.582681  0.437656  0.536244  0.582621 0.0902263   5.90685
 0.811004  0.388087    0.2409  0.261604  0.512402  0.194434   3.47655
 0.946796  0.486814  0.246328  0.321764  0.647291  0.194906   3.39179
 0.715727  0.519456  0.472292  0.642495  0.708408 0.0789697   7.00364
 0.830787  0.309999  0.514552  0.447187  0.675173 0.0219988   26.7403
 0.943793  0.380057  0.804976  0.345841  0.578368 0.0772422   22.8602
 0.868347  0.509102  0.368412  0.366126  0.577411 0.0895866   8.35972
 0.599686  0.291443  0.541687  0.496138  0.611474  0.287108   3.14934



new GBMAT with step:1
0.821059 0.153812    0.275 0.426084 0.712888 0.586828  48589.1
0.821059 0.153812    0.275 0.426084 0.712888 0.586828  48589.1
0.786861  0.32067  0.51247 0.423658 0.384863  0.17684  3904.99
0.786861  0.32067  0.51247 0.423658 0.384863  0.17684  3904.99
0.817083 0.380519 0.587366 0.398597 0.485087 0.194752  3856.45
0.816232 0.385538 0.495301 0.409128 0.624851 0.165795  3828.08
0.816232 0.385538 0.495301 0.409128 0.624851 0.165795  6.08993
0.816232 0.385538 0.495301 0.409128 0.624851 0.165795  6.08993
0.615061 0.251628 0.368743 0.668183 0.692608 0.161734  2.28595


new GBMAT with step:2
0.821059 0.153812    0.275 0.426084 0.712888 0.586828  48589.1
0.821059 0.153812    0.275 0.426084 0.712888 0.586828  48589.1
0.786861  0.32067  0.51247 0.423658 0.384863  0.17684  3904.99
0.786861  0.32067  0.51247 0.423658 0.384863  0.17684  3904.99
0.817083 0.380519 0.587366 0.398597 0.485087 0.194752  3856.45
0.816232 0.385538 0.495301 0.409128 0.624851 0.165795  3828.08
0.816232 0.385538 0.495301 0.409128 0.624851 0.165795  6.08993
0.816232 0.385538 0.495301 0.409128 0.624851 0.165795  6.08993
0.615061 0.251628 0.368743 0.668183 0.692608 0.161734  2.28595
0.800246 0.598283 0.455368 0.688371 0.325929 0.122173  1.65231


new GBMAT with step:3
0.821059 0.153812    0.275 0.426084 0.712888 0.586828  48589.1
0.821059 0.153812    0.275 0.426084 0.712888 0.586828  48589.1
0.786861  0.32067  0.51247 0.423658 0.384863  0.17684  3904.99
0.786861  0.32067  0.51247 0.423658 0.384863  0.17684  3904.99
0.817083 0.380519 0.587366 0.398597 0.485087 0.194752  3856.45
0.816232 0.385538 0.495301 0.409128 0.624851 0.165795  3828.08
0.816232 0.385538 0.495301 0.409128 0.624851 0.165795  6.08993
0.816232 0.385538 0.495301 0.409128 0.624851 0.165795  6.08993
0.615061 0.251628 0.368743 0.668183 0.692608 0.161734  2.28595
0.800246 0.598283 0.455368 0.688371 0.325929 0.122173  1.65231
0.800246 0.598283 0.455368 0.688371 0.325929 0.128871  1.57243
Updating Weight Matrix!
GBVEC AND COST:0.800246 0.598283 0.455368 0.688371 0.325929 0.128871  1.57243
Chkpt reached!
new weight matrix:
  0.0115293           0           0           0           0           0           0           0           0           0           0           0           0           0           0           0           0           0           0           0           0           0           0           0           0           0           0
          0   0.0134905           0           0           0           0           0           0           0           0           0           0           0           0           0           0           0           0           0           0           0           0           0           0           0           0           0
          0           0   0.0873389           0           0           0           0           0           0           0           0           0           0           0           0           0           0           0           0           0           0           0           0           0           0           0           0
          0           0           0      7.3056           0           0           0           0           0           0           0           0           0           0           0           0           0           0           0           0           0           0           0           0           0           0           0
          0           0           0           0   0.0101412           0           0           0           0           0           0           0           0           0           0           0           0           0           0           0           0           0           0           0           0           0           0
          0           0           0           0           0   0.0142858           0           0           0           0           0           0           0           0           0           0           0           0           0           0           0           0           0           0           0           0           0
          0           0           0           0           0           0 1.23612e-05           0           0           0           0           0           0           0           0           0           0           0           0           0           0           0           0           0           0           0           0
          0           0           0           0           0           0           0 1.77934e-05           0           0           0           0           0           0           0           0           0           0           0           0           0           0           0           0           0           0           0
          0           0           0           0           0           0           0           0 0.000307504           0           0           0           0           0           0           0           0           0           0           0           0           0           0           0           0           0           0
          0           0           0           0           0           0           0           0           0     2.53192           0           0           0           0           0           0           0           0           0           0           0           0           0           0           0           0           0
          0           0           0           0           0           0           0           0           0           0 8.83924e-06           0           0           0           0           0           0           0           0           0           0           0           0           0           0           0           0
          0           0           0           0           0           0           0           0           0           0           0 4.89875e-06           0           0           0           0           0           0           0           0           0           0           0           0           0           0           0
          0           0           0           0           0           0           0           0           0           0           0           0     0.11597           0           0           0           0           0           0           0           0           0           0           0           0           0           0
          0           0           0           0           0           0           0           0           0           0           0           0           0  0.00115675           0           0           0           0           0           0           0           0           0           0           0           0           0
          0           0           0           0           0           0           0           0           0           0           0           0           0           0   0.0147963           0           0           0           0           0           0           0           0           0           0           0           0
          0           0           0           0           0           0           0           0           0           0           0           0           0           0           0 0.000741441           0           0           0           0           0           0           0           0           0           0           0
          0           0           0           0           0           0           0           0           0           0           0           0           0           0           0           0 0.000164251           0           0           0           0           0           0           0           0           0           0
          0           0           0           0           0           0           0           0           0           0           0           0           0           0           0           0           0 0.000403233           0           0           0           0           0           0           0           0           0
          0           0           0           0           0           0           0           0           0           0           0           0           0           0           0           0           0           0    0.148024           0           0           0           0           0           0           0           0
          0           0           0           0           0           0           0           0           0           0           0           0           0           0           0           0           0           0           0 1.35095e-05           0           0           0           0           0           0           0
          0           0           0           0           0           0           0           0           0           0           0           0           0           0           0           0           0           0           0           0 4.09363e-05           0           0           0           0           0           0
          0           0           0           0           0           0           0           0           0           0           0           0           0           0           0           0           0           0           0           0           0    0.135813           0           0           0           0           0
          0           0           0           0           0           0           0           0           0           0           0           0           0           0           0           0           0           0           0           0           0           0 0.000106034           0           0           0           0
          0           0           0           0           0           0           0           0           0           0           0           0           0           0           0           0           0           0           0           0           0           0           0 5.05215e-05           0           0           0
          0           0           0           0           0           0           0           0           0           0           0           0           0           0           0           0           0           0           0           0           0           0           0           0   0.0397531           0           0
          0           0           0           0           0           0           0           0           0           0           0           0           0           0           0           0           0           0           0           0           0           0           0           0           0   0.0111999           0
          0           0           0           0           0           0           0           0           0           0           0           0           0           0           0           0           0           0           0           0           0           0           0           0           0           0 1.18469e-05



new GBMAT with step:4
0.821059 0.153812    0.275 0.426084 0.712888 0.586828  48589.1
0.821059 0.153812    0.275 0.426084 0.712888 0.586828  48589.1
0.786861  0.32067  0.51247 0.423658 0.384863  0.17684  3904.99
0.786861  0.32067  0.51247 0.423658 0.384863  0.17684  3904.99
0.817083 0.380519 0.587366 0.398597 0.485087 0.194752  3856.45
0.816232 0.385538 0.495301 0.409128 0.624851 0.165795  3828.08
0.816232 0.385538 0.495301 0.409128 0.624851 0.165795  6.08993
0.816232 0.385538 0.495301 0.409128 0.624851 0.165795  6.08993
0.615061 0.251628 0.368743 0.668183 0.692608 0.161734  2.28595
0.800246 0.598283 0.455368 0.688371 0.325929 0.122173  1.65231
0.800246 0.598283 0.455368 0.688371 0.325929 0.128871  1.57243
0.800246 0.598283 0.455368 0.688371 0.325929 0.128871  5.92533
0.800246 0.598283 0.455368 0.688371 0.325929 0.128871  5.92533


new GBMAT with step:5
0.821059 0.153812    0.275 0.426084 0.712888 0.586828  48589.1
0.821059 0.153812    0.275 0.426084 0.712888 0.586828  48589.1
0.786861  0.32067  0.51247 0.423658 0.384863  0.17684  3904.99
0.786861  0.32067  0.51247 0.423658 0.384863  0.17684  3904.99
0.817083 0.380519 0.587366 0.398597 0.485087 0.194752  3856.45
0.816232 0.385538 0.495301 0.409128 0.624851 0.165795  3828.08
0.816232 0.385538 0.495301 0.409128 0.624851 0.165795  6.08993
0.816232 0.385538 0.495301 0.409128 0.624851 0.165795  6.08993
0.615061 0.251628 0.368743 0.668183 0.692608 0.161734  2.28595
0.800246 0.598283 0.455368 0.688371 0.325929 0.122173  1.65231
0.800246 0.598283 0.455368 0.688371 0.325929 0.128871  1.57243
0.800246 0.598283 0.455368 0.688371 0.325929 0.128871  5.92533
0.800246 0.598283 0.455368 0.688371 0.325929 0.128871  5.92533
0.867177 0.685468 0.280955 0.871279 0.383329 0.372226  1.66886


new GBMAT with step:6
0.821059 0.153812    0.275 0.426084 0.712888 0.586828  48589.1
0.821059 0.153812    0.275 0.426084 0.712888 0.586828  48589.1
0.786861  0.32067  0.51247 0.423658 0.384863  0.17684  3904.99
0.786861  0.32067  0.51247 0.423658 0.384863  0.17684  3904.99
0.817083 0.380519 0.587366 0.398597 0.485087 0.194752  3856.45
0.816232 0.385538 0.495301 0.409128 0.624851 0.165795  3828.08
0.816232 0.385538 0.495301 0.409128 0.624851 0.165795  6.08993
0.816232 0.385538 0.495301 0.409128 0.624851 0.165795  6.08993
0.615061 0.251628 0.368743 0.668183 0.692608 0.161734  2.28595
0.800246 0.598283 0.455368 0.688371 0.325929 0.122173  1.65231
0.800246 0.598283 0.455368 0.688371 0.325929 0.128871  1.57243
0.800246 0.598283 0.455368 0.688371 0.325929 0.128871  5.92533
0.800246 0.598283 0.455368 0.688371 0.325929 0.128871  5.92533
0.867177 0.685468 0.280955 0.871279 0.383329 0.372226  1.66886
 0.88133 0.598934 0.288213 0.895112 0.366927 0.287187  1.39962


new GBMAT with step:7
0.821059 0.153812    0.275 0.426084 0.712888 0.586828  48589.1
0.821059 0.153812    0.275 0.426084 0.712888 0.586828  48589.1
0.786861  0.32067  0.51247 0.423658 0.384863  0.17684  3904.99
0.786861  0.32067  0.51247 0.423658 0.384863  0.17684  3904.99
0.817083 0.380519 0.587366 0.398597 0.485087 0.194752  3856.45
0.816232 0.385538 0.495301 0.409128 0.624851 0.165795  3828.08
0.816232 0.385538 0.495301 0.409128 0.624851 0.165795  6.08993
0.816232 0.385538 0.495301 0.409128 0.624851 0.165795  6.08993
0.615061 0.251628 0.368743 0.668183 0.692608 0.161734  2.28595
0.800246 0.598283 0.455368 0.688371 0.325929 0.122173  1.65231
0.800246 0.598283 0.455368 0.688371 0.325929 0.128871  1.57243
0.800246 0.598283 0.455368 0.688371 0.325929 0.128871  5.92533
0.800246 0.598283 0.455368 0.688371 0.325929 0.128871  5.92533
0.867177 0.685468 0.280955 0.871279 0.383329 0.372226  1.66886
 0.88133 0.598934 0.288213 0.895112 0.366927 0.287187  1.39962
0.897505 0.562303 0.334217 0.881429  0.29179 0.275511  1.29733
Updating Weight Matrix!
GBVEC AND COST:0.897505 0.562303 0.334217 0.881429  0.29179 0.275511  1.29733
Chkpt reached!
new weight matrix:
  0.0125496           0           0           0           0           0           0           0           0           0           0           0           0           0           0           0           0           0           0           0           0           0           0           0           0           0           0
          0  0.00780617           0           0           0           0           0           0           0           0           0           0           0           0           0           0           0           0           0           0           0           0           0           0           0           0           0
          0           0   0.0638236           0           0           0           0           0           0           0           0           0           0           0           0           0           0           0           0           0           0           0           0           0           0           0           0
          0           0           0     28.1439           0           0           0           0           0           0           0           0           0           0           0           0           0           0           0           0           0           0           0           0           0           0           0
          0           0           0           0  0.00591078           0           0           0           0           0           0           0           0           0           0           0           0           0           0           0           0           0           0           0           0           0           0
          0           0           0           0           0   0.0377133           0           0           0           0           0           0           0           0           0           0           0           0           0           0           0           0           0           0           0           0           0
          0           0           0           0           0           0 1.40255e-05           0           0           0           0           0           0           0           0           0           0           0           0           0           0           0           0           0           0           0           0
          0           0           0           0           0           0           0 3.94048e-06           0           0           0           0           0           0           0           0           0           0           0           0           0           0           0           0           0           0           0
          0           0           0           0           0           0           0           0 0.000232282           0           0           0           0           0           0           0           0           0           0           0           0           0           0           0           0           0           0
          0           0           0           0           0           0           0           0           0     65.7932           0           0           0           0           0           0           0           0           0           0           0           0           0           0           0           0           0
          0           0           0           0           0           0           0           0           0           0 1.62665e-06           0           0           0           0           0           0           0           0           0           0           0           0           0           0           0           0
          0           0           0           0           0           0           0           0           0           0           0 7.77473e-05           0           0           0           0           0           0           0           0           0           0           0           0           0           0           0
          0           0           0           0           0           0           0           0           0           0           0           0    0.110709           0           0           0           0           0           0           0           0           0           0           0           0           0           0
          0           0           0           0           0           0           0           0           0           0           0           0           0 0.000750505           0           0           0           0           0           0           0           0           0           0           0           0           0
          0           0           0           0           0           0           0           0           0           0           0           0           0           0    0.067824           0           0           0           0           0           0           0           0           0           0           0           0
          0           0           0           0           0           0           0           0           0           0           0           0           0           0           0 0.000595816           0           0           0           0           0           0           0           0           0           0           0
          0           0           0           0           0           0           0           0           0           0           0           0           0           0           0           0 0.000452543           0           0           0           0           0           0           0           0           0           0
          0           0           0           0           0           0           0           0           0           0           0           0           0           0           0           0           0 5.98523e-05           0           0           0           0           0           0           0           0           0
          0           0           0           0           0           0           0           0           0           0           0           0           0           0           0           0           0           0    0.593822           0           0           0           0           0           0           0           0
          0           0           0           0           0           0           0           0           0           0           0           0           0           0           0           0           0           0           0 2.57142e-06           0           0           0           0           0           0           0
          0           0           0           0           0           0           0           0           0           0           0           0           0           0           0           0           0           0           0           0  4.0331e-05           0           0           0           0           0           0
          0           0           0           0           0           0           0           0           0           0           0           0           0           0           0           0           0           0           0           0           0    0.391328           0           0           0           0           0
          0           0           0           0           0           0           0           0           0           0           0           0           0           0           0           0           0           0           0           0           0           0 3.19042e-05           0           0           0           0
          0           0           0           0           0           0           0           0           0           0           0           0           0           0           0           0           0           0           0           0           0           0           0  0.00013586           0           0           0
          0           0           0           0           0           0           0           0           0           0           0           0           0           0           0           0           0           0           0           0           0           0           0           0    0.186719           0           0
          0           0           0           0           0           0           0           0           0           0           0           0           0           0           0           0           0           0           0           0           0           0           0           0           0    0.256139           0
          0           0           0           0           0           0           0           0           0           0           0           0           0           0           0           0           0           0           0           0           0           0           0           0           0           0 2.10309e-05



new GBMAT with step:8
0.821059 0.153812    0.275 0.426084 0.712888 0.586828  48589.1
0.821059 0.153812    0.275 0.426084 0.712888 0.586828  48589.1
0.786861  0.32067  0.51247 0.423658 0.384863  0.17684  3904.99
0.786861  0.32067  0.51247 0.423658 0.384863  0.17684  3904.99
0.817083 0.380519 0.587366 0.398597 0.485087 0.194752  3856.45
0.816232 0.385538 0.495301 0.409128 0.624851 0.165795  3828.08
0.816232 0.385538 0.495301 0.409128 0.624851 0.165795  6.08993
0.816232 0.385538 0.495301 0.409128 0.624851 0.165795  6.08993
0.615061 0.251628 0.368743 0.668183 0.692608 0.161734  2.28595
0.800246 0.598283 0.455368 0.688371 0.325929 0.122173  1.65231
0.800246 0.598283 0.455368 0.688371 0.325929 0.128871  1.57243
0.800246 0.598283 0.455368 0.688371 0.325929 0.128871  5.92533
0.800246 0.598283 0.455368 0.688371 0.325929 0.128871  5.92533
0.867177 0.685468 0.280955 0.871279 0.383329 0.372226  1.66886
 0.88133 0.598934 0.288213 0.895112 0.366927 0.287187  1.39962
0.897505 0.562303 0.334217 0.881429  0.29179 0.275511  1.29733
0.897505 0.562303 0.334217 0.881429  0.29179 0.275511  3.85576
0.897505 0.562303 0.334217 0.881429  0.29179 0.275511  3.85576


new GBMAT with step:9
0.821059 0.153812    0.275 0.426084 0.712888 0.586828  48589.1
0.821059 0.153812    0.275 0.426084 0.712888 0.586828  48589.1
0.786861  0.32067  0.51247 0.423658 0.384863  0.17684  3904.99
0.786861  0.32067  0.51247 0.423658 0.384863  0.17684  3904.99
0.817083 0.380519 0.587366 0.398597 0.485087 0.194752  3856.45
0.816232 0.385538 0.495301 0.409128 0.624851 0.165795  3828.08
0.816232 0.385538 0.495301 0.409128 0.624851 0.165795  6.08993
0.816232 0.385538 0.495301 0.409128 0.624851 0.165795  6.08993
0.615061 0.251628 0.368743 0.668183 0.692608 0.161734  2.28595
0.800246 0.598283 0.455368 0.688371 0.325929 0.122173  1.65231
0.800246 0.598283 0.455368 0.688371 0.325929 0.128871  1.57243
0.800246 0.598283 0.455368 0.688371 0.325929 0.128871  5.92533
0.800246 0.598283 0.455368 0.688371 0.325929 0.128871  5.92533
0.867177 0.685468 0.280955 0.871279 0.383329 0.372226  1.66886
 0.88133 0.598934 0.288213 0.895112 0.366927 0.287187  1.39962
0.897505 0.562303 0.334217 0.881429  0.29179 0.275511  1.29733
0.897505 0.562303 0.334217 0.881429  0.29179 0.275511  3.85576
0.897505 0.562303 0.334217 0.881429  0.29179 0.275511  3.85576
0.916241 0.573316 0.147322 0.868692  0.25009 0.331606 0.944502


new GBMAT with step:10
0.821059 0.153812    0.275 0.426084 0.712888 0.586828  48589.1
0.821059 0.153812    0.275 0.426084 0.712888 0.586828  48589.1
0.786861  0.32067  0.51247 0.423658 0.384863  0.17684  3904.99
0.786861  0.32067  0.51247 0.423658 0.384863  0.17684  3904.99
0.817083 0.380519 0.587366 0.398597 0.485087 0.194752  3856.45
0.816232 0.385538 0.495301 0.409128 0.624851 0.165795  3828.08
0.816232 0.385538 0.495301 0.409128 0.624851 0.165795  6.08993
0.816232 0.385538 0.495301 0.409128 0.624851 0.165795  6.08993
0.615061 0.251628 0.368743 0.668183 0.692608 0.161734  2.28595
0.800246 0.598283 0.455368 0.688371 0.325929 0.122173  1.65231
0.800246 0.598283 0.455368 0.688371 0.325929 0.128871  1.57243
0.800246 0.598283 0.455368 0.688371 0.325929 0.128871  5.92533
0.800246 0.598283 0.455368 0.688371 0.325929 0.128871  5.92533
0.867177 0.685468 0.280955 0.871279 0.383329 0.372226  1.66886
 0.88133 0.598934 0.288213 0.895112 0.366927 0.287187  1.39962
0.897505 0.562303 0.334217 0.881429  0.29179 0.275511  1.29733
0.897505 0.562303 0.334217 0.881429  0.29179 0.275511  3.85576
0.897505 0.562303 0.334217 0.881429  0.29179 0.275511  3.85576
0.916241 0.573316 0.147322 0.868692  0.25009 0.331606 0.944502
0.916241 0.573316 0.147322 0.868692  0.25009 0.331606 0.944502


new GBMAT with step:11
 0.821059  0.153812     0.275  0.426084  0.712888  0.586828   48589.1
 0.821059  0.153812     0.275  0.426084  0.712888  0.586828   48589.1
 0.786861   0.32067   0.51247  0.423658  0.384863   0.17684   3904.99
 0.786861   0.32067   0.51247  0.423658  0.384863   0.17684   3904.99
 0.817083  0.380519  0.587366  0.398597  0.485087  0.194752   3856.45
 0.816232  0.385538  0.495301  0.409128  0.624851  0.165795   3828.08
 0.816232  0.385538  0.495301  0.409128  0.624851  0.165795   6.08993
 0.816232  0.385538  0.495301  0.409128  0.624851  0.165795   6.08993
 0.615061  0.251628  0.368743  0.668183  0.692608  0.161734   2.28595
 0.800246  0.598283  0.455368  0.688371  0.325929  0.122173   1.65231
 0.800246  0.598283  0.455368  0.688371  0.325929  0.128871   1.57243
 0.800246  0.598283  0.455368  0.688371  0.325929  0.128871   5.92533
 0.800246  0.598283  0.455368  0.688371  0.325929  0.128871   5.92533
 0.867177  0.685468  0.280955  0.871279  0.383329  0.372226   1.66886
  0.88133  0.598934  0.288213  0.895112  0.366927  0.287187   1.39962
 0.897505  0.562303  0.334217  0.881429   0.29179  0.275511   1.29733
 0.897505  0.562303  0.334217  0.881429   0.29179  0.275511   3.85576
 0.897505  0.562303  0.334217  0.881429   0.29179  0.275511   3.85576
 0.916241  0.573316  0.147322  0.868692   0.25009  0.331606  0.944502
 0.916241  0.573316  0.147322  0.868692   0.25009  0.331606  0.944502
 0.897733  0.573514 0.0994702  0.811388  0.174344   0.17067  0.686195
Updating Weight Matrix!
GBVEC AND COST: 0.897733  0.573514 0.0994702  0.811388  0.174344   0.17067  0.686195
Chkpt reached!
new weight matrix:
  0.0133774           0           0           0           0           0           0           0           0           0           0           0           0           0           0           0           0           0           0           0           0           0           0           0           0           0           0
          0   0.0066261           0           0           0           0           0           0           0           0           0           0           0           0           0           0           0           0           0           0           0           0           0           0           0           0           0
          0           0   0.0514403           0           0           0           0           0           0           0           0           0           0           0           0           0           0           0           0           0           0           0           0           0           0           0           0
          0           0           0     121.989           0           0           0           0           0           0           0           0           0           0           0           0           0           0           0           0           0           0           0           0           0           0           0
          0           0           0           0  0.00501486           0           0           0           0           0           0           0           0           0           0           0           0           0           0           0           0           0           0           0           0           0           0
          0           0           0           0           0   0.0547029           0           0           0           0           0           0           0           0           0           0           0           0           0           0           0           0           0           0           0           0           0
          0           0           0           0           0           0 1.53042e-05           0           0           0           0           0           0           0           0           0           0           0           0           0           0           0           0           0           0           0           0
          0           0           0           0           0           0           0 2.29105e-06           0           0           0           0           0           0           0           0           0           0           0           0           0           0           0           0           0           0           0
          0           0           0           0           0           0           0           0 0.000158063           0           0           0           0           0           0           0           0           0           0           0           0           0           0           0           0           0           0
          0           0           0           0           0           0           0           0           0     2165.04           0           0           0           0           0           0           0           0           0           0           0           0           0           0           0           0           0
          0           0           0           0           0           0           0           0           0           0 1.01112e-06           0           0           0           0           0           0           0           0           0           0           0           0           0           0           0           0
          0           0           0           0           0           0           0           0           0           0           0 0.000120045           0           0           0           0           0           0           0           0           0           0           0           0           0           0           0
          0           0           0           0           0           0           0           0           0           0           0           0    0.135105           0           0           0           0           0           0           0           0           0           0           0           0           0           0
          0           0           0           0           0           0           0           0           0           0           0           0           0 0.000726745           0           0           0           0           0           0           0           0           0           0           0           0           0
          0           0           0           0           0           0           0           0           0           0           0           0           0           0    0.333116           0           0           0           0           0           0           0           0           0           0           0           0
          0           0           0           0           0           0           0           0           0           0           0           0           0           0           0 0.000626814           0           0           0           0           0           0           0           0           0           0           0
          0           0           0           0           0           0           0           0           0           0           0           0           0           0           0           0 0.000831908           0           0           0           0           0           0           0           0           0           0
          0           0           0           0           0           0           0           0           0           0           0           0           0           0           0           0           0 4.21554e-05           0           0           0           0           0           0           0           0           0
          0           0           0           0           0           0           0           0           0           0           0           0           0           0           0           0           0           0     4.25214           0           0           0           0           0           0           0           0
          0           0           0           0           0           0           0           0           0           0           0           0           0           0           0           0           0           0           0 1.53545e-06           0           0           0           0           0           0           0
          0           0           0           0           0           0           0           0           0           0           0           0           0           0           0           0           0           0           0           0 0.000112007           0           0           0           0           0           0
          0           0           0           0           0           0           0           0           0           0           0           0           0           0           0           0           0           0           0           0           0     1.48752           0           0           0           0           0
          0           0           0           0           0           0           0           0           0           0           0           0           0           0           0           0           0           0           0           0           0           0 2.34259e-05           0           0           0           0
          0           0           0           0           0           0           0           0           0           0           0           0           0           0           0           0           0           0           0           0           0           0           0 0.000182935           0           0           0
          0           0           0           0           0           0           0           0           0           0           0           0           0           0           0           0           0           0           0           0           0           0           0           0    0.964944           0           0
          0           0           0           0           0           0           0           0           0           0           0           0           0           0           0           0           0           0           0           0           0           0           0           0           0     1.57298           0
          0           0           0           0           0           0           0           0           0           0           0           0           0           0           0           0           0           0           0           0           0           0           0           0           0           0 5.13785e-05



new GBMAT with step:12
 0.821059  0.153812     0.275  0.426084  0.712888  0.586828   48589.1
 0.821059  0.153812     0.275  0.426084  0.712888  0.586828   48589.1
 0.786861   0.32067   0.51247  0.423658  0.384863   0.17684   3904.99
 0.786861   0.32067   0.51247  0.423658  0.384863   0.17684   3904.99
 0.817083  0.380519  0.587366  0.398597  0.485087  0.194752   3856.45
 0.816232  0.385538  0.495301  0.409128  0.624851  0.165795   3828.08
 0.816232  0.385538  0.495301  0.409128  0.624851  0.165795   6.08993
 0.816232  0.385538  0.495301  0.409128  0.624851  0.165795   6.08993
 0.615061  0.251628  0.368743  0.668183  0.692608  0.161734   2.28595
 0.800246  0.598283  0.455368  0.688371  0.325929  0.122173   1.65231
 0.800246  0.598283  0.455368  0.688371  0.325929  0.128871   1.57243
 0.800246  0.598283  0.455368  0.688371  0.325929  0.128871   5.92533
 0.800246  0.598283  0.455368  0.688371  0.325929  0.128871   5.92533
 0.867177  0.685468  0.280955  0.871279  0.383329  0.372226   1.66886
  0.88133  0.598934  0.288213  0.895112  0.366927  0.287187   1.39962
 0.897505  0.562303  0.334217  0.881429   0.29179  0.275511   1.29733
 0.897505  0.562303  0.334217  0.881429   0.29179  0.275511   3.85576
 0.897505  0.562303  0.334217  0.881429   0.29179  0.275511   3.85576
 0.916241  0.573316  0.147322  0.868692   0.25009  0.331606  0.944502
 0.916241  0.573316  0.147322  0.868692   0.25009  0.331606  0.944502
 0.897733  0.573514 0.0994702  0.811388  0.174344   0.17067  0.686195
 0.897733  0.573514 0.0994702  0.811388  0.174344   0.17067  0.952187
 0.897733  0.573514 0.0994702  0.811388  0.174344   0.17067  0.952187
underflow!0.000508514
pos    0.89731    0.563225 0.000508514    0.704659   0.0786623    0.319182
underflow!0.00032396
pos  0.748765   0.640626 0.00032396   0.848644   0.339371  0.0853297


new GBMAT with step:13
 0.821059  0.153812     0.275  0.426084  0.712888  0.586828   48589.1
 0.821059  0.153812     0.275  0.426084  0.712888  0.586828   48589.1
 0.786861   0.32067   0.51247  0.423658  0.384863   0.17684   3904.99
 0.786861   0.32067   0.51247  0.423658  0.384863   0.17684   3904.99
 0.817083  0.380519  0.587366  0.398597  0.485087  0.194752   3856.45
 0.816232  0.385538  0.495301  0.409128  0.624851  0.165795   3828.08
 0.816232  0.385538  0.495301  0.409128  0.624851  0.165795   6.08993
 0.816232  0.385538  0.495301  0.409128  0.624851  0.165795   6.08993
 0.615061  0.251628  0.368743  0.668183  0.692608  0.161734   2.28595
 0.800246  0.598283  0.455368  0.688371  0.325929  0.122173   1.65231
 0.800246  0.598283  0.455368  0.688371  0.325929  0.128871   1.57243
 0.800246  0.598283  0.455368  0.688371  0.325929  0.128871   5.92533
 0.800246  0.598283  0.455368  0.688371  0.325929  0.128871   5.92533
 0.867177  0.685468  0.280955  0.871279  0.383329  0.372226   1.66886
  0.88133  0.598934  0.288213  0.895112  0.366927  0.287187   1.39962
 0.897505  0.562303  0.334217  0.881429   0.29179  0.275511   1.29733
 0.897505  0.562303  0.334217  0.881429   0.29179  0.275511   3.85576
 0.897505  0.562303  0.334217  0.881429   0.29179  0.275511   3.85576
 0.916241  0.573316  0.147322  0.868692   0.25009  0.331606  0.944502
 0.916241  0.573316  0.147322  0.868692   0.25009  0.331606  0.944502
 0.897733  0.573514 0.0994702  0.811388  0.174344   0.17067  0.686195
 0.897733  0.573514 0.0994702  0.811388  0.174344   0.17067  0.952187
 0.897733  0.573514 0.0994702  0.811388  0.174344   0.17067  0.952187
 0.880213  0.582789 0.0871597  0.840172  0.122233 0.0936102  0.509042


new GBMAT with step:14
 0.821059  0.153812     0.275  0.426084  0.712888  0.586828   48589.1
 0.821059  0.153812     0.275  0.426084  0.712888  0.586828   48589.1
 0.786861   0.32067   0.51247  0.423658  0.384863   0.17684   3904.99
 0.786861   0.32067   0.51247  0.423658  0.384863   0.17684   3904.99
 0.817083  0.380519  0.587366  0.398597  0.485087  0.194752   3856.45
 0.816232  0.385538  0.495301  0.409128  0.624851  0.165795   3828.08
 0.816232  0.385538  0.495301  0.409128  0.624851  0.165795   6.08993
 0.816232  0.385538  0.495301  0.409128  0.624851  0.165795   6.08993
 0.615061  0.251628  0.368743  0.668183  0.692608  0.161734   2.28595
 0.800246  0.598283  0.455368  0.688371  0.325929  0.122173   1.65231
 0.800246  0.598283  0.455368  0.688371  0.325929  0.128871   1.57243
 0.800246  0.598283  0.455368  0.688371  0.325929  0.128871   5.92533
 0.800246  0.598283  0.455368  0.688371  0.325929  0.128871   5.92533
 0.867177  0.685468  0.280955  0.871279  0.383329  0.372226   1.66886
  0.88133  0.598934  0.288213  0.895112  0.366927  0.287187   1.39962
 0.897505  0.562303  0.334217  0.881429   0.29179  0.275511   1.29733
 0.897505  0.562303  0.334217  0.881429   0.29179  0.275511   3.85576
 0.897505  0.562303  0.334217  0.881429   0.29179  0.275511   3.85576
 0.916241  0.573316  0.147322  0.868692   0.25009  0.331606  0.944502
 0.916241  0.573316  0.147322  0.868692   0.25009  0.331606  0.944502
 0.897733  0.573514 0.0994702  0.811388  0.174344   0.17067  0.686195
 0.897733  0.573514 0.0994702  0.811388  0.174344   0.17067  0.952187
 0.897733  0.573514 0.0994702  0.811388  0.174344   0.17067  0.952187
 0.880213  0.582789 0.0871597  0.840172  0.122233 0.0936102  0.509042
 0.868392  0.551815 0.0909922  0.874677  0.118178 0.0889235  0.422738


new GBMAT with step:15
 0.821059  0.153812     0.275  0.426084  0.712888  0.586828   48589.1
 0.821059  0.153812     0.275  0.426084  0.712888  0.586828   48589.1
 0.786861   0.32067   0.51247  0.423658  0.384863   0.17684   3904.99
 0.786861   0.32067   0.51247  0.423658  0.384863   0.17684   3904.99
 0.817083  0.380519  0.587366  0.398597  0.485087  0.194752   3856.45
 0.816232  0.385538  0.495301  0.409128  0.624851  0.165795   3828.08
 0.816232  0.385538  0.495301  0.409128  0.624851  0.165795   6.08993
 0.816232  0.385538  0.495301  0.409128  0.624851  0.165795   6.08993
 0.615061  0.251628  0.368743  0.668183  0.692608  0.161734   2.28595
 0.800246  0.598283  0.455368  0.688371  0.325929  0.122173   1.65231
 0.800246  0.598283  0.455368  0.688371  0.325929  0.128871   1.57243
 0.800246  0.598283  0.455368  0.688371  0.325929  0.128871   5.92533
 0.800246  0.598283  0.455368  0.688371  0.325929  0.128871   5.92533
 0.867177  0.685468  0.280955  0.871279  0.383329  0.372226   1.66886
  0.88133  0.598934  0.288213  0.895112  0.366927  0.287187   1.39962
 0.897505  0.562303  0.334217  0.881429   0.29179  0.275511   1.29733
 0.897505  0.562303  0.334217  0.881429   0.29179  0.275511   3.85576
 0.897505  0.562303  0.334217  0.881429   0.29179  0.275511   3.85576
 0.916241  0.573316  0.147322  0.868692   0.25009  0.331606  0.944502
 0.916241  0.573316  0.147322  0.868692   0.25009  0.331606  0.944502
 0.897733  0.573514 0.0994702  0.811388  0.174344   0.17067  0.686195
 0.897733  0.573514 0.0994702  0.811388  0.174344   0.17067  0.952187
 0.897733  0.573514 0.0994702  0.811388  0.174344   0.17067  0.952187
 0.880213  0.582789 0.0871597  0.840172  0.122233 0.0936102  0.509042
 0.868392  0.551815 0.0909922  0.874677  0.118178 0.0889235  0.422738
 0.868392  0.551815 0.0909922  0.874677  0.118178 0.0889235  0.422738
Updating Weight Matrix!
GBVEC AND COST: 0.868392  0.551815 0.0909922  0.874677  0.118178 0.0889235  0.422738
Chkpt reached!
new weight matrix:
  0.0128039           0           0           0           0           0           0           0           0           0           0           0           0           0           0           0           0           0           0           0           0           0           0           0           0           0           0
          0  0.00735792           0           0           0           0           0           0           0           0           0           0           0           0           0           0           0           0           0           0           0           0           0           0           0           0           0
          0           0   0.0593717           0           0           0           0           0           0           0           0           0           0           0           0           0           0           0           0           0           0           0           0           0           0           0           0
          0           0           0     125.431           0           0           0           0           0           0           0           0           0           0           0           0           0           0           0           0           0           0           0           0           0           0           0
          0           0           0           0  0.00557997           0           0           0           0           0           0           0           0           0           0           0           0           0           0           0           0           0           0           0           0           0           0
          0           0           0           0           0   0.0418583           0           0           0           0           0           0           0           0           0           0           0           0           0           0           0           0           0           0           0           0           0
          0           0           0           0           0           0 1.44642e-05           0           0           0           0           0           0           0           0           0           0           0           0           0           0           0           0           0           0           0           0
          0           0           0           0           0           0           0 3.25172e-06           0           0           0           0           0           0           0           0           0           0           0           0           0           0           0           0           0           0           0
          0           0           0           0           0           0           0           0  0.00020958           0           0           0           0           0           0           0           0           0           0           0           0           0           0           0           0           0           0
          0           0           0           0           0           0           0           0           0     2295.24           0           0           0           0           0           0           0           0           0           0           0           0           0           0           0           0           0
          0           0           0           0           0           0           0           0           0           0 1.37406e-06           0           0           0           0           0           0           0           0           0           0           0           0           0           0           0           0
          0           0           0           0           0           0           0           0           0           0           0 9.34456e-05           0           0           0           0           0           0           0           0           0           0           0           0           0           0           0
          0           0           0           0           0           0           0           0           0           0           0           0    0.169751           0           0           0           0           0           0           0           0           0           0           0           0           0           0
          0           0           0           0           0           0           0           0           0           0           0           0           0 0.000723443           0           0           0           0           0           0           0           0           0           0           0           0           0
          0           0           0           0           0           0           0           0           0           0           0           0           0           0    0.327894           0           0           0           0           0           0           0           0           0           0           0           0
          0           0           0           0           0           0           0           0           0           0           0           0           0           0           0 0.000630129           0           0           0           0           0           0           0           0           0           0           0
          0           0           0           0           0           0           0           0           0           0           0           0           0           0           0           0 0.000531591           0           0           0           0           0           0           0           0           0           0
          0           0           0           0           0           0           0           0           0           0           0           0           0           0           0           0           0 5.23615e-05           0           0           0           0           0           0           0           0           0
          0           0           0           0           0           0           0           0           0           0           0           0           0           0           0           0           0           0     4.95417           0           0           0           0           0           0           0           0
          0           0           0           0           0           0           0           0           0           0           0           0           0           0           0           0           0           0           0 2.13997e-06           0           0           0           0           0           0           0
          0           0           0           0           0           0           0           0           0           0           0           0           0           0           0           0           0           0           0           0 5.19251e-05           0           0           0           0           0           0
          0           0           0           0           0           0           0           0           0           0           0           0           0           0           0           0           0           0           0           0           0     1.80422           0           0           0           0           0
          0           0           0           0           0           0           0           0           0           0           0           0           0           0           0           0           0           0           0           0           0           0  2.8677e-05           0           0           0           0
          0           0           0           0           0           0           0           0           0           0           0           0           0           0           0           0           0           0           0           0           0           0           0 0.000147641           0           0           0
          0           0           0           0           0           0           0           0           0           0           0           0           0           0           0           0           0           0           0           0           0           0           0           0     1.18468           0           0
          0           0           0           0           0           0           0           0           0           0           0           0           0           0           0           0           0           0           0           0           0           0           0           0           0     1.23167           0
          0           0           0           0           0           0           0           0           0           0           0           0           0           0           0           0           0           0           0           0           0           0           0           0           0           0 2.68226e-05



new GBMAT with step:16
 0.821059  0.153812     0.275  0.426084  0.712888  0.586828   48589.1
 0.821059  0.153812     0.275  0.426084  0.712888  0.586828   48589.1
 0.786861   0.32067   0.51247  0.423658  0.384863   0.17684   3904.99
 0.786861   0.32067   0.51247  0.423658  0.384863   0.17684   3904.99
 0.817083  0.380519  0.587366  0.398597  0.485087  0.194752   3856.45
 0.816232  0.385538  0.495301  0.409128  0.624851  0.165795   3828.08
 0.816232  0.385538  0.495301  0.409128  0.624851  0.165795   6.08993
 0.816232  0.385538  0.495301  0.409128  0.624851  0.165795   6.08993
 0.615061  0.251628  0.368743  0.668183  0.692608  0.161734   2.28595
 0.800246  0.598283  0.455368  0.688371  0.325929  0.122173   1.65231
 0.800246  0.598283  0.455368  0.688371  0.325929  0.128871   1.57243
 0.800246  0.598283  0.455368  0.688371  0.325929  0.128871   5.92533
 0.800246  0.598283  0.455368  0.688371  0.325929  0.128871   5.92533
 0.867177  0.685468  0.280955  0.871279  0.383329  0.372226   1.66886
  0.88133  0.598934  0.288213  0.895112  0.366927  0.287187   1.39962
 0.897505  0.562303  0.334217  0.881429   0.29179  0.275511   1.29733
 0.897505  0.562303  0.334217  0.881429   0.29179  0.275511   3.85576
 0.897505  0.562303  0.334217  0.881429   0.29179  0.275511   3.85576
 0.916241  0.573316  0.147322  0.868692   0.25009  0.331606  0.944502
 0.916241  0.573316  0.147322  0.868692   0.25009  0.331606  0.944502
 0.897733  0.573514 0.0994702  0.811388  0.174344   0.17067  0.686195
 0.897733  0.573514 0.0994702  0.811388  0.174344   0.17067  0.952187
 0.897733  0.573514 0.0994702  0.811388  0.174344   0.17067  0.952187
 0.880213  0.582789 0.0871597  0.840172  0.122233 0.0936102  0.509042
 0.868392  0.551815 0.0909922  0.874677  0.118178 0.0889235  0.422738
 0.868392  0.551815 0.0909922  0.874677  0.118178 0.0889235  0.422738
 0.868392  0.551815 0.0909922  0.874677  0.118178 0.0889235  0.468142
 0.868392  0.551815 0.0909922  0.874677  0.118178 0.0889235  0.468142
underflow!5.08638e-05
pos   0.638986    0.611483    0.186203    0.948612    0.189504 5.08638e-05


new GBMAT with step:17
 0.821059  0.153812     0.275  0.426084  0.712888  0.586828   48589.1
 0.821059  0.153812     0.275  0.426084  0.712888  0.586828   48589.1
 0.786861   0.32067   0.51247  0.423658  0.384863   0.17684   3904.99
 0.786861   0.32067   0.51247  0.423658  0.384863   0.17684   3904.99
 0.817083  0.380519  0.587366  0.398597  0.485087  0.194752   3856.45
 0.816232  0.385538  0.495301  0.409128  0.624851  0.165795   3828.08
 0.816232  0.385538  0.495301  0.409128  0.624851  0.165795   6.08993
 0.816232  0.385538  0.495301  0.409128  0.624851  0.165795   6.08993
 0.615061  0.251628  0.368743  0.668183  0.692608  0.161734   2.28595
 0.800246  0.598283  0.455368  0.688371  0.325929  0.122173   1.65231
 0.800246  0.598283  0.455368  0.688371  0.325929  0.128871   1.57243
 0.800246  0.598283  0.455368  0.688371  0.325929  0.128871   5.92533
 0.800246  0.598283  0.455368  0.688371  0.325929  0.128871   5.92533
 0.867177  0.685468  0.280955  0.871279  0.383329  0.372226   1.66886
  0.88133  0.598934  0.288213  0.895112  0.366927  0.287187   1.39962
 0.897505  0.562303  0.334217  0.881429   0.29179  0.275511   1.29733
 0.897505  0.562303  0.334217  0.881429   0.29179  0.275511   3.85576
 0.897505  0.562303  0.334217  0.881429   0.29179  0.275511   3.85576
 0.916241  0.573316  0.147322  0.868692   0.25009  0.331606  0.944502
 0.916241  0.573316  0.147322  0.868692   0.25009  0.331606  0.944502
 0.897733  0.573514 0.0994702  0.811388  0.174344   0.17067  0.686195
 0.897733  0.573514 0.0994702  0.811388  0.174344   0.17067  0.952187
 0.897733  0.573514 0.0994702  0.811388  0.174344   0.17067  0.952187
 0.880213  0.582789 0.0871597  0.840172  0.122233 0.0936102  0.509042
 0.868392  0.551815 0.0909922  0.874677  0.118178 0.0889235  0.422738
 0.868392  0.551815 0.0909922  0.874677  0.118178 0.0889235  0.422738
 0.868392  0.551815 0.0909922  0.874677  0.118178 0.0889235  0.468142
 0.868392  0.551815 0.0909922  0.874677  0.118178 0.0889235  0.468142
 0.927216    0.4824  0.049874  0.874768 0.0930787 0.0212128     0.144


new GBMAT with step:18
 0.821059  0.153812     0.275  0.426084  0.712888  0.586828   48589.1
 0.821059  0.153812     0.275  0.426084  0.712888  0.586828   48589.1
 0.786861   0.32067   0.51247  0.423658  0.384863   0.17684   3904.99
 0.786861   0.32067   0.51247  0.423658  0.384863   0.17684   3904.99
 0.817083  0.380519  0.587366  0.398597  0.485087  0.194752   3856.45
 0.816232  0.385538  0.495301  0.409128  0.624851  0.165795   3828.08
 0.816232  0.385538  0.495301  0.409128  0.624851  0.165795   6.08993
 0.816232  0.385538  0.495301  0.409128  0.624851  0.165795   6.08993
 0.615061  0.251628  0.368743  0.668183  0.692608  0.161734   2.28595
 0.800246  0.598283  0.455368  0.688371  0.325929  0.122173   1.65231
 0.800246  0.598283  0.455368  0.688371  0.325929  0.128871   1.57243
 0.800246  0.598283  0.455368  0.688371  0.325929  0.128871   5.92533
 0.800246  0.598283  0.455368  0.688371  0.325929  0.128871   5.92533
 0.867177  0.685468  0.280955  0.871279  0.383329  0.372226   1.66886
  0.88133  0.598934  0.288213  0.895112  0.366927  0.287187   1.39962
 0.897505  0.562303  0.334217  0.881429   0.29179  0.275511   1.29733
 0.897505  0.562303  0.334217  0.881429   0.29179  0.275511   3.85576
 0.897505  0.562303  0.334217  0.881429   0.29179  0.275511   3.85576
 0.916241  0.573316  0.147322  0.868692   0.25009  0.331606  0.944502
 0.916241  0.573316  0.147322  0.868692   0.25009  0.331606  0.944502
 0.897733  0.573514 0.0994702  0.811388  0.174344   0.17067  0.686195
 0.897733  0.573514 0.0994702  0.811388  0.174344   0.17067  0.952187
 0.897733  0.573514 0.0994702  0.811388  0.174344   0.17067  0.952187
 0.880213  0.582789 0.0871597  0.840172  0.122233 0.0936102  0.509042
 0.868392  0.551815 0.0909922  0.874677  0.118178 0.0889235  0.422738
 0.868392  0.551815 0.0909922  0.874677  0.118178 0.0889235  0.422738
 0.868392  0.551815 0.0909922  0.874677  0.118178 0.0889235  0.468142
 0.868392  0.551815 0.0909922  0.874677  0.118178 0.0889235  0.468142
 0.927216    0.4824  0.049874  0.874768 0.0930787 0.0212128     0.144
 0.927216    0.4824  0.049874  0.874768 0.0930787 0.0212128     0.144


new GBMAT with step:19
 0.821059  0.153812     0.275  0.426084  0.712888  0.586828   48589.1
 0.821059  0.153812     0.275  0.426084  0.712888  0.586828   48589.1
 0.786861   0.32067   0.51247  0.423658  0.384863   0.17684   3904.99
 0.786861   0.32067   0.51247  0.423658  0.384863   0.17684   3904.99
 0.817083  0.380519  0.587366  0.398597  0.485087  0.194752   3856.45
 0.816232  0.385538  0.495301  0.409128  0.624851  0.165795   3828.08
 0.816232  0.385538  0.495301  0.409128  0.624851  0.165795   6.08993
 0.816232  0.385538  0.495301  0.409128  0.624851  0.165795   6.08993
 0.615061  0.251628  0.368743  0.668183  0.692608  0.161734   2.28595
 0.800246  0.598283  0.455368  0.688371  0.325929  0.122173   1.65231
 0.800246  0.598283  0.455368  0.688371  0.325929  0.128871   1.57243
 0.800246  0.598283  0.455368  0.688371  0.325929  0.128871   5.92533
 0.800246  0.598283  0.455368  0.688371  0.325929  0.128871   5.92533
 0.867177  0.685468  0.280955  0.871279  0.383329  0.372226   1.66886
  0.88133  0.598934  0.288213  0.895112  0.366927  0.287187   1.39962
 0.897505  0.562303  0.334217  0.881429   0.29179  0.275511   1.29733
 0.897505  0.562303  0.334217  0.881429   0.29179  0.275511   3.85576
 0.897505  0.562303  0.334217  0.881429   0.29179  0.275511   3.85576
 0.916241  0.573316  0.147322  0.868692   0.25009  0.331606  0.944502
 0.916241  0.573316  0.147322  0.868692   0.25009  0.331606  0.944502
 0.897733  0.573514 0.0994702  0.811388  0.174344   0.17067  0.686195
 0.897733  0.573514 0.0994702  0.811388  0.174344   0.17067  0.952187
 0.897733  0.573514 0.0994702  0.811388  0.174344   0.17067  0.952187
 0.880213  0.582789 0.0871597  0.840172  0.122233 0.0936102  0.509042
 0.868392  0.551815 0.0909922  0.874677  0.118178 0.0889235  0.422738
 0.868392  0.551815 0.0909922  0.874677  0.118178 0.0889235  0.422738
 0.868392  0.551815 0.0909922  0.874677  0.118178 0.0889235  0.468142
 0.868392  0.551815 0.0909922  0.874677  0.118178 0.0889235  0.468142
 0.927216    0.4824  0.049874  0.874768 0.0930787 0.0212128     0.144
 0.927216    0.4824  0.049874  0.874768 0.0930787 0.0212128     0.144
 0.928492    0.4824 0.0505075  0.874794 0.0914494 0.0241563   0.14334
GBMAT after targeted PSO:
 0.821059  0.153812     0.275  0.426084  0.712888  0.586828   48589.1
 0.821059  0.153812     0.275  0.426084  0.712888  0.586828   48589.1
 0.786861   0.32067   0.51247  0.423658  0.384863   0.17684   3904.99
 0.786861   0.32067   0.51247  0.423658  0.384863   0.17684   3904.99
 0.817083  0.380519  0.587366  0.398597  0.485087  0.194752   3856.45
 0.816232  0.385538  0.495301  0.409128  0.624851  0.165795   3828.08
 0.816232  0.385538  0.495301  0.409128  0.624851  0.165795   6.08993
 0.816232  0.385538  0.495301  0.409128  0.624851  0.165795   6.08993
 0.615061  0.251628  0.368743  0.668183  0.692608  0.161734   2.28595
 0.800246  0.598283  0.455368  0.688371  0.325929  0.122173   1.65231
 0.800246  0.598283  0.455368  0.688371  0.325929  0.128871   1.57243
 0.800246  0.598283  0.455368  0.688371  0.325929  0.128871   5.92533
 0.800246  0.598283  0.455368  0.688371  0.325929  0.128871   5.92533
 0.867177  0.685468  0.280955  0.871279  0.383329  0.372226   1.66886
  0.88133  0.598934  0.288213  0.895112  0.366927  0.287187   1.39962
 0.897505  0.562303  0.334217  0.881429   0.29179  0.275511   1.29733
 0.897505  0.562303  0.334217  0.881429   0.29179  0.275511   3.85576
 0.897505  0.562303  0.334217  0.881429   0.29179  0.275511   3.85576
 0.916241  0.573316  0.147322  0.868692   0.25009  0.331606  0.944502
 0.916241  0.573316  0.147322  0.868692   0.25009  0.331606  0.944502
 0.897733  0.573514 0.0994702  0.811388  0.174344   0.17067  0.686195
 0.897733  0.573514 0.0994702  0.811388  0.174344   0.17067  0.952187
 0.897733  0.573514 0.0994702  0.811388  0.174344   0.17067  0.952187
 0.880213  0.582789 0.0871597  0.840172  0.122233 0.0936102  0.509042
 0.868392  0.551815 0.0909922  0.874677  0.118178 0.0889235  0.422738
 0.868392  0.551815 0.0909922  0.874677  0.118178 0.0889235  0.422738
 0.868392  0.551815 0.0909922  0.874677  0.118178 0.0889235  0.468142
 0.868392  0.551815 0.0909922  0.874677  0.118178 0.0889235  0.468142
 0.927216    0.4824  0.049874  0.874768 0.0930787 0.0212128     0.144
 0.927216    0.4824  0.049874  0.874768 0.0930787 0.0212128     0.144
 0.928492    0.4824 0.0505075  0.874794 0.0914494 0.0241563   0.14334
truk:  0.515996 0.0603199  0.103199  0.896801   0.05516 0.0722394
total difference b/w truk and final GBVEC:0.355194
CODE FINISHED RUNNING IN 7 s TIME!
Job Statistics for 1523085:
           JobID       User               Start                 End    Elapsed     MaxRSS   TotalCPU      State Exit        NodeList                                  ReqTRES 
---------------- ---------- ------------------- ------------------- ---------- ---------- ---------- ---------- ---- --------------- ---------------------------------------- 
         1523085   rsjxw007 2021-08-05T11:36:36 2021-08-05T11:36:44   00:00:08             00:07.507  COMPLETED  0:0   r1pl-hpcf-n21         billing=1,cpu=1,mem=7812M,node=1 
   1523085.batch            2021-08-05T11:36:36 2021-08-05T11:36:44   00:00:08          0  00:07.506  COMPLETED  0:0   r1pl-hpcf-n21                                          
  1523085.extern            2021-08-05T11:36:36 2021-08-05T11:36:44   00:00:08          0  00:00.001  COMPLETED  0:0   r1pl-hpcf-n21                                          
CPU Efficiency: 100.00% of 00:00:08 core-walltime
