PSO_S_ODE_NonLinear
Using two part PSO
Bounds for Uniform Distribution0,1
Blind PSO using 27 moments.
Sample Size:10 Nparts:300 Nsteps:40
Targeted PSO updated nParts:20 Nsteps:200
using tf:48.45
mu: 80 120  85
covarMat:
 50   0   0
  0 100   0
  0   0  50

Yt:  2.71301   3.54373   2.75847  0.137444   6.43965   3.88796   13.0122   75.8543   11.2834 0.0212425   132.025   22.2234  0.873657   6.89741  0.466934     8.238   9.83734   21.8977  0.194986    97.947   30.3571  0.340294   33.5214   15.8336  0.556522   0.48286   46.6736
seedk:0.334054  0.68946 0.182741  0.60201 0.744263  0.60084| cost:84610.2
Xt:  2.42192   8.77879   2.05553  0.222412   11.0567  0.625175   11.9128   245.124   6.34138 0.0703889   290.892  0.586596   5.36691   6.36636   0.86972    12.603   1.93629   18.3517   0.76414    264.24   5.58153  0.562337   25.2554   1.92869   1.39687  0.171031   7.68124
PSO begins!
underflow!0.000778582
pos    0.54627    0.908848    0.667315 0.000778582    0.800535    0.460948
underflow!0.000682162
pos    0.88288     0.37419      0.4704     0.76702 0.000682162    0.938913
GBMAT from first PSO:

 0.334054   0.68946  0.182741   0.60201  0.744263   0.60084   84610.2
 0.935364  0.159167  0.803835  0.480056  0.897327  0.870237   57958.1
 0.904916  0.803616  0.795718  0.853882  0.285934  0.232085   18082.3
 0.271632  0.931366  0.364464  0.943964  0.610046 0.0366094   4263.21
 0.644792  0.909524  0.522588  0.613563  0.435268 0.0666794   3937.34
 0.574249   0.26273   0.64846  0.425618  0.478381 0.0879203   3625.51
 0.632885  0.243781  0.530231  0.409026  0.565048 0.0760441   3547.52
 0.632885  0.243781  0.530231  0.261309  0.650041 0.0760441   3391.04
 0.765039  0.121362  0.380485  0.222394  0.650131 0.0509313   3387.39
 0.743541  0.207183  0.443664  0.258619  0.630801 0.0604939   3367.13
 0.745639   0.22094  0.458143  0.266967  0.638209 0.0633622   3366.63
 0.699076   0.26116  0.479068  0.246586  0.644653 0.0651992   3357.19
 0.699076   0.26116  0.479068  0.246586  0.644653 0.0651992   3357.19
 0.758607  0.276395  0.526075  0.239934  0.580617 0.0722818    3355.8
 0.734161  0.276395  0.526075  0.233524  0.580617 0.0722818   3352.83
 0.734161  0.117791  0.515873  0.224795  0.580617 0.0722818   3344.67
 0.729319  0.150622  0.547646  0.203151  0.583089 0.0766606   3343.93
 0.717708  0.150477  0.538036  0.227223  0.572368 0.0754552   3343.37
 0.661632  0.131216  0.626087  0.273855  0.675516 0.0878279   3340.75
 0.668289  0.128167  0.588111  0.248774  0.647943 0.0823659   3338.85
 0.668289  0.128167  0.588111   0.24814  0.647943 0.0823659   3338.76
 0.684047  0.125275   0.58094  0.233359  0.642966  0.081377    3338.6
 0.687366  0.142606  0.578243  0.235818  0.635431 0.0812988   3338.25
 0.692591  0.136674  0.578948  0.241971  0.631043 0.0814177    3338.2
 0.700219  0.113281  0.581099  0.255469  0.673793 0.0822578   3336.94
 0.729044 0.0692183  0.612319  0.238276  0.645474 0.0876491   3333.06
  0.72904 0.0793366   0.60517  0.240989  0.645821 0.0860592   3332.73
 0.722618 0.0760479  0.611334   0.23676  0.617316 0.0867367   3332.53
  0.72018 0.0813246  0.622071  0.245024  0.637216  0.088356   3332.06
 0.726204 0.0757208  0.617743  0.243657  0.635317 0.0878674   3331.92
 0.737491 0.0615483    0.6176  0.243871  0.636147 0.0878225   3331.39
 0.762138 0.0708804  0.615054  0.243666  0.636593  0.087453   3331.39
 0.744489  0.064198  0.616877  0.243813  0.636273 0.0877175   3331.38
 0.778352 0.0674703  0.630848  0.242422  0.635242 0.0894864   3331.02
 0.765123 0.0663517  0.619208    0.2458  0.641202 0.0884323   3330.67
 0.807201 0.0669219  0.625142  0.244078  0.638164 0.0889697   3330.39
 0.812022 0.0581733  0.616176  0.233246  0.619693 0.0882456   3329.94
 0.780822 0.0605751  0.657656  0.240259  0.646355 0.0946028   3328.55
 0.780341 0.0610555  0.655669  0.240861  0.642751  0.093898   3327.83
 0.780341 0.0610555  0.655669  0.240861  0.642751  0.093898   3327.83
 0.779969 0.0609992   0.66109  0.238907  0.637027 0.0944513   3327.62
 0.784258 0.0550902  0.657972  0.239384  0.638491 0.0940273    3327.6
  0.78325 0.0566766  0.657205  0.239456  0.637123 0.0940196   3327.56
 0.782972 0.0555398  0.657285  0.239632  0.627007 0.0939717   3327.54
 0.805013 0.0572361  0.654811   0.23727  0.630208  0.093706   3327.36
 0.813222 0.0617739  0.653979   0.23797  0.633254 0.0936643   3327.32
 0.804027     0.054  0.653664  0.239246  0.634272  0.093686   3327.28

truk:  0.515996 0.0603199  0.103199  0.896801   0.05516 0.0722394
total difference b/w truk and final GBVEC1.15422

targeted PSO has started!
Chkpt reached!
new weight matrix:
  0.0424741           0           0           0           0           0           0           0           0           0           0           0           0           0           0           0           0           0           0           0           0           0           0           0           0           0           0
          0  0.00536561           0           0           0           0           0           0           0           0           0           0           0           0           0           0           0           0           0           0           0           0           0           0           0           0           0
          0           0    0.205088           0           0           0           0           0           0           0           0           0           0           0           0           0           0           0           0           0           0           0           0           0           0           0           0
          0           0           0    0.584688           0           0           0           0           0           0           0           0           0           0           0           0           0           0           0           0           0           0           0           0           0           0           0
          0           0           0           0  0.00427934           0           0           0           0           0           0           0           0           0           0           0           0           0           0           0           0           0           0           0           0           0           0
          0           0           0           0           0   0.0307355           0           0           0           0           0           0           0           0           0           0           0           0           0           0           0           0           0           0           0           0           0
          0           0           0           0           0           0 0.000453706           0           0           0           0           0           0           0           0           0           0           0           0           0           0           0           0           0           0           0           0
          0           0           0           0           0           0           0  6.3804e-06           0           0           0           0           0           0           0           0           0           0           0           0           0           0           0           0           0           0           0
          0           0           0           0           0           0           0           0  0.00369931           0           0           0           0           0           0           0           0           0           0           0           0           0           0           0           0           0           0
          0           0           0           0           0           0           0           0           0    0.021732           0           0           0           0           0           0           0           0           0           0           0           0           0           0           0           0           0
          0           0           0           0           0           0           0           0           0           0  3.3538e-06           0           0           0           0           0           0           0           0           0           0           0           0           0           0           0           0
          0           0           0           0           0           0           0           0           0           0           0 0.000183681           0           0           0           0           0           0           0           0           0           0           0           0           0           0           0
          0           0           0           0           0           0           0           0           0           0           0           0     1.16811           0           0           0           0           0           0           0           0           0           0           0           0           0           0
          0           0           0           0           0           0           0           0           0           0           0           0           0   0.0122069           0           0           0           0           0           0           0           0           0           0           0           0           0
          0           0           0           0           0           0           0           0           0           0           0           0           0           0  0.00736999           0           0           0           0           0           0           0           0           0           0           0           0
          0           0           0           0           0           0           0           0           0           0           0           0           0           0           0  0.00304666           0           0           0           0           0           0           0           0           0           0           0
          0           0           0           0           0           0           0           0           0           0           0           0           0           0           0           0  0.00227362           0           0           0           0           0           0           0           0           0           0
          0           0           0           0           0           0           0           0           0           0           0           0           0           0           0           0           0 0.000222493           0           0           0           0           0           0           0           0           0
          0           0           0           0           0           0           0           0           0           0           0           0           0           0           0           0           0           0  0.00737186           0           0           0           0           0           0           0           0
          0           0           0           0           0           0           0           0           0           0           0           0           0           0           0           0           0           0           0 4.65187e-06           0           0           0           0           0           0           0
          0           0           0           0           0           0           0           0           0           0           0           0           0           0           0           0           0           0           0           0 3.72032e-05           0           0           0           0           0           0
          0           0           0           0           0           0           0           0           0           0           0           0           0           0           0           0           0           0           0           0           0     0.19722           0           0           0           0           0
          0           0           0           0           0           0           0           0           0           0           0           0           0           0           0           0           0           0           0           0           0           0 0.000145423           0           0           0           0
          0           0           0           0           0           0           0           0           0           0           0           0           0           0           0           0           0           0           0           0           0           0           0  0.00156629           0           0           0
          0           0           0           0           0           0           0           0           0           0           0           0           0           0           0           0           0           0           0           0           0           0           0           0   0.0049421           0           0
          0           0           0           0           0           0           0           0           0           0           0           0           0           0           0           0           0           0           0           0           0           0           0           0           0  0.00382996           0
          0           0           0           0           0           0           0           0           0           0           0           0           0           0           0           0           0           0           0           0           0           0           0           0           0           0 2.79805e-05

underflow!1.55626e-07
pos   0.823257 1.55626e-07    0.374967    0.207639    0.661147 0.000104634
underflow!0.000261774
pos    0.53732 3.82522e-06    0.861089    0.328629    0.651589 0.000261774
underflow!5.20737e-11
pos   0.709915 5.20737e-11    0.415626    0.253528    0.611329  0.00159018
underflow!4.90267e-05
pos   0.804003 4.90267e-05    0.751148    0.193634    0.689468   0.0732751
underflow!2.82212e-12
pos   0.844872 2.82212e-12    0.843331   0.0279573    0.843177    0.103033
underflow!3.92367e-05
pos   0.939264 3.92367e-05     0.61202   0.0625633    0.470088     0.01043
underflow!4.76675e-05
pos   0.977939 4.76675e-05    0.814886   0.0629919    0.470103  0.00375013
underflow!0.000271386
pos   0.959547 0.000271386    0.730585   0.0335083     0.47714   0.0129157
underflow!0.000843047
pos   0.950109 0.000843047      0.5803     0.23777    0.739364  0.00617216
underflow!0.000938522
pos   0.845824 0.000938522    0.481035    0.690236    0.134495    0.301042
underflow!0.000979126
pos   0.847383 0.000979126     0.34162    0.789001    0.102605    0.211069
underflow!0.000759778
pos   0.833793 0.000759778    0.358301    0.862182    0.143012    0.214736
underflow!0.000968669
pos   0.735915 0.000968669    0.345206    0.799857    0.108058    0.285689
Chkpt reached!
new weight matrix:
  0.0491894           0           0           0           0           0           0           0           0           0           0           0           0           0           0           0           0           0           0           0           0           0           0           0           0           0           0
          0  0.00347987           0           0           0           0           0           0           0           0           0           0           0           0           0           0           0           0           0           0           0           0           0           0           0           0           0
          0           0    0.128286           0           0           0           0           0           0           0           0           0           0           0           0           0           0           0           0           0           0           0           0           0           0           0           0
          0           0           0     68.9601           0           0           0           0           0           0           0           0           0           0           0           0           0           0           0           0           0           0           0           0           0           0           0
          0           0           0           0    0.003023           0           0           0           0           0           0           0           0           0           0           0           0           0           0           0           0           0           0           0           0           0           0
          0           0           0           0           0   0.0644741           0           0           0           0           0           0           0           0           0           0           0           0           0           0           0           0           0           0           0           0           0
          0           0           0           0           0           0 0.000760174           0           0           0           0           0           0           0           0           0           0           0           0           0           0           0           0           0           0           0           0
          0           0           0           0           0           0           0  2.4954e-06           0           0           0           0           0           0           0           0           0           0           0           0           0           0           0           0           0           0           0
          0           0           0           0           0           0           0           0  0.00264337           0           0           0           0           0           0           0           0           0           0           0           0           0           0           0           0           0           0
          0           0           0           0           0           0           0           0           0     848.823           0           0           0           0           0           0           0           0           0           0           0           0           0           0           0           0           0
          0           0           0           0           0           0           0           0           0           0 1.74072e-06           0           0           0           0           0           0           0           0           0           0           0           0           0           0           0           0
          0           0           0           0           0           0           0           0           0           0           0 0.000683808           0           0           0           0           0           0           0           0           0           0           0           0           0           0           0
          0           0           0           0           0           0           0           0           0           0           0           0     1.04874           0           0           0           0           0           0           0           0           0           0           0           0           0           0
          0           0           0           0           0           0           0           0           0           0           0           0           0  0.00581475           0           0           0           0           0           0           0           0           0           0           0           0           0
          0           0           0           0           0           0           0           0           0           0           0           0           0           0    0.868556           0           0           0           0           0           0           0           0           0           0           0           0
          0           0           0           0           0           0           0           0           0           0           0           0           0           0           0  0.00479577           0           0           0           0           0           0           0           0           0           0           0
          0           0           0           0           0           0           0           0           0           0           0           0           0           0           0           0  0.00281158           0           0           0           0           0           0           0           0           0           0
          0           0           0           0           0           0           0           0           0           0           0           0           0           0           0           0           0 0.000194703           0           0           0           0           0           0           0           0           0
          0           0           0           0           0           0           0           0           0           0           0           0           0           0           0           0           0           0     4.70794           0           0           0           0           0           0           0           0
          0           0           0           0           0           0           0           0           0           0           0           0           0           0           0           0           0           0           0 2.10316e-06           0           0           0           0           0           0           0
          0           0           0           0           0           0           0           0           0           0           0           0           0           0           0           0           0           0           0           0 9.96436e-05           0           0           0           0           0           0
          0           0           0           0           0           0           0           0           0           0           0           0           0           0           0           0           0           0           0           0           0     3.64071           0           0           0           0           0
          0           0           0           0           0           0           0           0           0           0           0           0           0           0           0           0           0           0           0           0           0           0 0.000130519           0           0           0           0
          0           0           0           0           0           0           0           0           0           0           0           0           0           0           0           0           0           0           0           0           0           0           0  0.00134535           0           0           0
          0           0           0           0           0           0           0           0           0           0           0           0           0           0           0           0           0           0           0           0           0           0           0           0     2.16462           0           0
          0           0           0           0           0           0           0           0           0           0           0           0           0           0           0           0           0           0           0           0           0           0           0           0           0     1.74967           0
          0           0           0           0           0           0           0           0           0           0           0           0           0           0           0           0           0           0           0           0           0           0           0           0           0           0 6.70811e-05

underflow!-0.0306014
pos  0.491551  0.0149663   0.211189   0.915482 -0.0306014   0.128038
overflow!
overflow!
underflow!-0.788182
pos -2.79368 -0.788182   112.016   15.0346  0.762081  -15.9578
underflow!-2.79368
pos -2.79368 -0.788182   112.016   15.0346  0.762081  -15.9578
underflow!-0.0251041
pos      -nan       -nan       -nan       -nan -0.0251041   0.974892
underflow!-0.0768639
pos  0.595412  0.0250449   0.191436   0.995987  0.0157463 -0.0768639
underflow!-0.0824504
pos  0.292907  0.0424832   0.282956   0.953933 -0.0824504   0.127461
underflow!-0.00480318
pos   0.518026   0.0235089    0.238049    0.938053 -0.00480318    0.082983
underflow!-0.0163063
pos  0.562247 -0.0163063   0.221676   0.942448  0.0156639   0.124445
overflow!
underflow!-0.00565694
pos   0.407507 -0.00565694    0.260438    0.925872 -0.00146428    0.184873
overflow!
underflow!-0.0258399
pos  0.491733  0.0104604   0.283811   0.936367 -0.0258399  0.0707795
underflow!-0.129148
pos  0.531948 -0.0338219   0.212324  -0.368473  -0.129148   0.153453
overflow!
overflow!
overflow!
underflow!2.88444e-05
pos   0.265216 2.88444e-05    0.226033    0.922988   0.0243607    0.112083
overflow!
overflow!
overflow!
underflow!-0.724403
pos 0.453068   1.70843   6.05356   38.8551  0.727944 -0.724403
overflow!
overflow!
overflow!
underflow!-0.165776
pos 0.529853 0.0240875 -0.165776   0.94269 0.0288266  0.124428
overflow!
underflow!-0.445003
pos 0.560923 -0.445003  0.251705  0.959936 0.0108081 0.0982953
underflow!-0.0522698
pos  0.528643 -0.0522698   0.220627   0.942404  -0.209704   0.118325
underflow!-0.0139287
pos  0.528861  0.0213616   0.128788   0.942635  0.0341754 -0.0139287
underflow!-0.286669
pos  4.05103  0.250811 -0.454126  0.567315  0.131548 -0.286669
overflow!
underflow!-0.00170993
pos   0.519408   0.0252879 -0.00170993    0.943749   0.0210802    0.133363
underflow!-0.00406417
pos   0.528596 -0.00406417    0.221478     1.00789   0.0154755    0.202906
overflow!
underflow!-7.42594
pos 0.528861  0.261194   1.17426  0.942635 -0.544725  -7.42594
overflow!
overflow!
underflow!-0.61049
pos   -0.61049 -0.00422377     1.69697    0.443006    0.129174   -0.491874
overflow!
underflow!-0.491874
pos   -0.61049 -0.00422377     1.69697    0.443006    0.129174   -0.491874
underflow!-2.24558
pos0.528653 0.981038     -nan 0.942209 -2.24558     -nan
underflow!-0.0116966
pos      -nan  0.0273556       -nan    1.05001 -0.0116966       -nan
overflow!
underflow!-0.583614
pos     -nan 0.0691652  0.136845  0.960979 0.0408162 -0.583614
underflow!-0.456071
pos 0.529106 -0.456071      -nan  0.943137      -nan      -nan
overflow!
underflow!-0.14499
pos 0.334158 0.0187814  0.277011  0.893623  -0.14499  0.176491
underflow!-0.404098
pos     -nan  0.033253      -nan   1.34469 -0.404098      -nan
overflow!
underflow!-0.0251367
pos   1.79213  0.0994952  -0.351542    1.09062 -0.0251367   0.260456
underflow!-0.351542
pos   1.79213  0.0994952  -0.351542    1.09062 -0.0251367   0.260456
underflow!-0.140891
pos 0.776758 -0.140891  0.237451   1.35798      -nan -0.730663
Chkpt reached!
new weight matrix:
  0.0483432           0           0           0           0           0           0           0           0           0           0           0           0           0           0           0           0           0           0           0           0           0           0           0           0           0           0
          0  0.00356018           0           0           0           0           0           0           0           0           0           0           0           0           0           0           0           0           0           0           0           0           0           0           0           0           0
          0           0    0.138954           0           0           0           0           0           0           0           0           0           0           0           0           0           0           0           0           0           0           0           0           0           0           0           0
          0           0           0      88.666           0           0           0           0           0           0           0           0           0           0           0           0           0           0           0           0           0           0           0           0           0           0           0
          0           0           0           0  0.00307558           0           0           0           0           0           0           0           0           0           0           0           0           0           0           0           0           0           0           0           0           0           0
          0           0           0           0           0   0.0602798           0           0           0           0           0           0           0           0           0           0           0           0           0           0           0           0           0           0           0           0           0
          0           0           0           0           0           0  0.00070803           0           0           0           0           0           0           0           0           0           0           0           0           0           0           0           0           0           0           0           0
          0           0           0           0           0           0           0 2.62365e-06           0           0           0           0           0           0           0           0           0           0           0           0           0           0           0           0           0           0           0
          0           0           0           0           0           0           0           0   0.0028776           0           0           0           0           0           0           0           0           0           0           0           0           0           0           0           0           0           0
          0           0           0           0           0           0           0           0           0      1435.6           0           0           0           0           0           0           0           0           0           0           0           0           0           0           0           0           0
          0           0           0           0           0           0           0           0           0           0 1.81364e-06           0           0           0           0           0           0           0           0           0           0           0           0           0           0           0           0
          0           0           0           0           0           0           0           0           0           0           0 0.000618082           0           0           0           0           0           0           0           0           0           0           0           0           0           0           0
          0           0           0           0           0           0           0           0           0           0           0           0     1.03229           0           0           0           0           0           0           0           0           0           0           0           0           0           0
          0           0           0           0           0           0           0           0           0           0           0           0           0  0.00628535           0           0           0           0           0           0           0           0           0           0           0           0           0
          0           0           0           0           0           0           0           0           0           0           0           0           0           0     1.06733           0           0           0           0           0           0           0           0           0           0           0           0
          0           0           0           0           0           0           0           0           0           0           0           0           0           0           0  0.00521517           0           0           0           0           0           0           0           0           0           0           0
          0           0           0           0           0           0           0           0           0           0           0           0           0           0           0           0  0.00249672           0           0           0           0           0           0           0           0           0           0
          0           0           0           0           0           0           0           0           0           0           0           0           0           0           0           0           0 0.000196429           0           0           0           0           0           0           0           0           0
          0           0           0           0           0           0           0           0           0           0           0           0           0           0           0           0           0           0     5.27163           0           0           0           0           0           0           0           0
          0           0           0           0           0           0           0           0           0           0           0           0           0           0           0           0           0           0           0 2.20219e-06           0           0           0           0           0           0           0
          0           0           0           0           0           0           0           0           0           0           0           0           0           0           0           0           0           0           0           0 9.15285e-05           0           0           0           0           0           0
          0           0           0           0           0           0           0           0           0           0           0           0           0           0           0           0           0           0           0           0           0     5.20833           0           0           0           0           0
          0           0           0           0           0           0           0           0           0           0           0           0           0           0           0           0           0           0           0           0           0           0   0.0001323           0           0           0           0
          0           0           0           0           0           0           0           0           0           0           0           0           0           0           0           0           0           0           0           0           0           0           0   0.0013556           0           0           0
          0           0           0           0           0           0           0           0           0           0           0           0           0           0           0           0           0           0           0           0           0           0           0           0      2.8262           0           0
          0           0           0           0           0           0           0           0           0           0           0           0           0           0           0           0           0           0           0           0           0           0           0           0           0     1.93262           0
          0           0           0           0           0           0           0           0           0           0           0           0           0           0           0           0           0           0           0           0           0           0           0           0           0           0 6.30394e-05

underflow!-0.0852337
pos   -1.2822 -0.0852337       -nan   0.730419  -0.791385   0.130813
underflow!-1.2822
pos   -1.2822 -0.0852337       -nan   0.730419  -0.791385   0.130813
overflow!
overflow!
overflow!
underflow!-12.9194
pos-7.88291 -27.0174  6.17533 -12.9194     -nan  28.7827
overflow!
underflow!-7.88291
pos-7.88291 -27.0174  6.17533 -12.9194     -nan  28.7827
overflow!
underflow!-0.141234
pos-0.141234 0.0731227      -nan      -nan 0.0443007      -nan
overflow!
underflow!-0.705667
pos     -nan -0.705667      -nan      -nan      -nan      -nan
overflow!
underflow!-0.596368
pos     -nan      -nan      -nan      -nan -0.596368  0.243752
overflow!
overflow!
underflow!-2.79154
pos    -nan 0.304093     -nan     -nan -2.79154  3.84648
overflow!
underflow!-0.311575
pos   -13.838 -0.0887147  -0.311575    3.40689  0.0565691   0.384102
underflow!0.000441836
pos    0.53319   0.0239631     0.22034    0.942983 0.000441836    0.123661
underflow!-0.0160025
pos      -nan -0.0160025       -nan       -nan       -nan   0.271498
underflow!-0.0735521
pos  0.509563  0.0304741   0.222754       -nan -0.0735521   0.200798
underflow!-0.346024
pos  0.524267 -0.0696071  -0.346024   0.942546  0.0159539   0.709973
underflow!-0.0696071
pos  0.524267 -0.0696071  -0.346024   0.942546  0.0159539   0.709973
underflow!-2.20641
pos  -2.20641 0.00258439       -nan    1.41203  0.0233766   0.173875
overflow!
overflow!
underflow!-0.0076213
pos  0.487736 -0.0076213   0.193804       -nan  0.0155745  0.0908029
underflow!-0.00990465
pos   0.528934 -0.00990465        -nan        -nan   0.0172507    0.137669
overflow!
overflow!
overflow!
underflow!-0.0259661
pos  0.614462  0.0253065       -nan   0.942046 -0.0259661      0.148
underflow!-0.446077
pos-0.446077   3.41887 -0.648399      -nan 0.0156326 -0.265121
underflow!-0.159816
pos  0.50902  0.024105      -nan  0.943138 -0.159816  0.118977
underflow!-0.0688012
pos   0.38059 -0.0688012       -nan       -nan   0.048663   0.177627
underflow!-0.0430595
pos  0.560397  0.0207355   0.294087       -nan -0.0430595   0.100956
overflow!
overflow!
underflow!0.000633684
pos   0.506555   0.0440336    0.200536     1.00364   0.0285595 0.000633684
underflow!-0.354827
pos     -nan 0.0381433      -nan  0.904915 -0.366674 -0.354827
underflow!-2.68991
pos 40.6228     -nan  -13.444  14.6398  3.33188 -2.68991
overflow!
overflow!
underflow!-13.444
pos 40.6228     -nan  -13.444  14.6398  3.33188 -2.68991
underflow!-0.298867
pos     -nan 0.0255515      -nan  0.871546 0.0144742 -0.298867
slurmstepd: error: *** JOB 1522440 ON r1pl-hpcf-n21 CANCELLED AT 2021-08-03T14:29:48 ***
Job Statistics for 1522440:
           JobID       User               Start                 End    Elapsed     MaxRSS   TotalCPU      State Exit        NodeList                                  ReqTRES 
---------------- ---------- ------------------- ------------------- ---------- ---------- ---------- ---------- ---- --------------- ---------------------------------------- 
         1522440   rsjxw007 2021-08-03T14:25:09 2021-08-03T14:29:48   00:04:39             04:29.037 CANCELLED+  0:0   r1pl-hpcf-n21         billing=1,cpu=1,mem=7812M,node=1 
   1522440.batch            2021-08-03T14:25:09 2021-08-03T14:29:49   00:04:40      1.18M  04:29.035  CANCELLED 0:15   r1pl-hpcf-n21                                          
  1522440.extern            2021-08-03T14:25:09 2021-08-03T14:29:48   00:04:39          0  00:00.001  COMPLETED  0:0   r1pl-hpcf-n21                                          
CPU Efficiency: 96.42% of 00:04:39 core-walltime
