PSO_S_ODE_NonLinear
Using unequal weights, not targeted PSO (yet)
using unconstrained unifdist
PSO using 27 moments.
Sample Size:25000 Nparts:300 Nsteps:40
using tf:48.45
mu: 80 120  85
covarMat:
 50   0   0
  0 100   0
  0   0  50

Yt:  5.55407   1.68087  0.791511   0.33499   2.80738   6.43415   77.4799   55.5709   1.82712  0.133811   67.9473   84.3117  0.229762   3.31422   2.29908   5.84307   39.9994   4.85757 0.0990741   60.5275   20.7435  0.251084   6.93577   11.1615  0.483969   2.52456   34.4296
seedk:0.322775 0.883458 0.683985 0.245894 0.370801 0.874339| cost:34656.7
Xt: 4.66104  5.19545  1.75124 0.972853  7.91955  1.36998  61.4438  127.162  7.45521   1.1955  181.239   4.5624  8.50429  9.91065  6.39982  24.8148  7.75298  16.9713  3.51275  147.646  13.2764  2.22894  26.6554  5.83213  6.93719  1.74367  20.8522
PSO begins!
underflow!0.000803409
pos   0.929412    0.817836 0.000803409   0.0821635    0.942312    0.782977
underflow!0.000946288
pos   0.405389    0.147112    0.922582    0.300975    0.996732 0.000946288
underflow!0.000443038
pos   0.160436    0.649163    0.724701    0.120556 0.000443038    0.893759
underflow!0.000902082
pos   0.532604    0.569347    0.710704    0.128234 0.000902082    0.548572
