PSO_S_ODE_NonLinear
Using two part PSO Sample Size:25000 with:12 moments.
Using Record Time:38.76
Bounds for Uniform Distribution (0,1)
Blind PSO --> nParts:900 Nsteps:15
Targeted PSO --> nParts:25 Nsteps:500
mu: 80 120  85
covarMat:
 50   0   0
  0 100   0
  0   0  50

Yt:  3.99021   3.48796   2.35537  0.127709   5.97104   3.27049   55.3759   99.1214   10.5766 0.0191981   136.207   20.3161
seedk: 0.226406 0.0966589  0.516528  0.257426  0.365429  0.468283| cost:1049.2
Xt:4.57512  4.3943 1.83716 1.03163 7.26309 2.02643 61.9417  112.87   7.842 1.30793 162.406 9.54108
PSO begins!
underflow!0.000238481
pos   0.368932    0.204812    0.957353    0.277415 0.000238481   0.0465427
underflow!0.000265751
pos   0.882926    0.829886    0.846468    0.635214 0.000265751    0.498402
GBMAT from targeted PSO:

 0.226406 0.0966589  0.516528  0.257426  0.365429  0.468283    1049.2
 0.226406 0.0966589  0.516528  0.257426  0.365429  0.468283    1049.2
  0.82637  0.426455  0.429914  0.581834  0.300275  0.271926   49.0788
 0.830544   0.36081  0.406793   0.53834    0.2061  0.262392   40.5696
 0.575722  0.262959  0.165638  0.556139 0.0675055  0.108958     21.89
 0.575722  0.262959  0.165638  0.556139 0.0675055  0.108958     21.89
 0.575722  0.262959  0.165638  0.556139 0.0675055  0.108958     21.89
 0.778358  0.248443  0.173888  0.560957 0.0946149  0.116988   18.9829
 0.778358  0.248443  0.173888  0.560957 0.0946149  0.116988   18.9829
 0.815251  0.105732  0.204694  0.577868 0.0714916  0.141423   15.6449
 0.815251  0.105732  0.204694  0.577868 0.0714916  0.141423   15.6449
 0.862881 0.0924963  0.164116   0.59346 0.0548294  0.113982    14.183
 0.853198 0.0752817  0.169702  0.626075 0.0490155  0.117928    13.714
 0.818288 0.0896352  0.175262  0.720822 0.0323102  0.121523   13.2614
 0.811847 0.0840941  0.175309  0.719179 0.0305614  0.121583   13.2111
 0.833841 0.0656892  0.171471  0.701891 0.0192303  0.119845   12.9271

truk:  0.515996 0.0603199  0.103199  0.896801   0.05516 0.0722394
total difference b/w truk and final GBVEC0.147262

targeted PSO has started!
Updating Weight Matrix!
GBVEC AND COST: 0.833841 0.0656892  0.171471  0.701891 0.0192303  0.119845   12.9271
Chkpt reached!
new weight matrix:
  0.0121984           0           0           0           0           0           0           0           0           0           0           0
          0  0.00567584           0           0           0           0           0           0           0           0           0           0
          0           0   0.0972865           0           0           0           0           0           0           0           0           0
          0           0           0     123.805           0           0           0           0           0           0           0           0
          0           0           0           0  0.00490966           0           0           0           0           0           0           0
          0           0           0           0           0    0.049311           0           0           0           0           0           0
          0           0           0           0           0           0 4.83266e-06           0           0           0           0           0
          0           0           0           0           0           0           0 5.90333e-07           0           0           0           0
          0           0           0           0           0           0           0           0 0.000501255           0           0           0
          0           0           0           0           0           0           0           0           0     1672.22           0           0
          0           0           0           0           0           0           0           0           0           0 4.89591e-07           0
          0           0           0           0           0           0           0           0           0           0           0 0.000128238

New PBMAT:
   0.804905   0.0382925    0.243855    0.696109 5.29121e-07    0.174422     2.62419
   0.828787  0.00506818    0.146021    0.629516 0.000372278    0.086054    0.225305
    0.84941   0.0603084    0.117461    0.689685 3.16206e-08    0.061811   0.0909414
    0.88549   0.0253435    0.218131    0.705466 5.60258e-21    0.121754     1.57351
   0.806561  0.00894246    0.305673    0.691725 1.29217e-11    0.073334     8.05339
   0.688356    0.101172    0.109019    0.743456   0.0010477   0.0880153    0.244913
   0.671554    0.170064   0.0907036    0.661458 0.000673674   0.0968455    0.451301
   0.821681 9.37983e-05    0.203322    0.523286 4.53971e-05    0.068049     5.50928
   0.749411    0.018467    0.282203      0.6628 0.000572263   0.0768365     7.09835
   0.717732 0.000499804    0.191808     0.72838 8.40363e-41   0.0535839     1.07869
   0.899311    0.252946    0.224255    0.575285 4.87577e-11   0.0339663     4.38066
   0.892943  0.00686308    0.207778    0.619645 2.55088e-07    0.222936     2.32072
   0.929711    0.271095    0.248829    0.750043  0.00185872   0.0158402     3.79166
    0.80356    0.032379    0.128779    0.654443  0.00699011    0.147637   0.0857789
   0.706187    0.340491    0.181075    0.777135 0.000121171    0.238434    0.127548
   0.833602   0.0100293    0.139953    0.698189 1.42891e-13     0.24938     0.24478
   0.813791   0.0684812    0.094352    0.702347 3.21543e-12    0.416914       1.039
   0.939998    0.141421    0.181237    0.747812 5.84076e-15     0.12087    0.176083
   0.797951    0.273074     0.24358    0.672965 1.49117e-22    0.201901      2.1031
    0.87999  0.00394885    0.126257    0.749008   0.0115998    0.136251   0.0755762
   0.860109  0.00372022    0.162516    0.614621 0.000718468   0.0795198    0.783879
   0.881305   0.0528768    0.286439    0.773808 5.88714e-08    0.150477     3.51746
   0.844625   0.0386917    0.171059    0.628761  7.5694e-13   0.0544257     1.10467
    0.95003   0.0121773    0.122843    0.561628 1.29089e-06   0.0320365    0.582221
   0.912744   0.0616984    0.165941    0.737827 5.98273e-06    0.108583   0.0972965

underflow!0.000372278
pos   0.828787  0.00506818    0.146021    0.629516 0.000372278    0.086054
underflow!3.16206e-08
pos    0.84941   0.0603084    0.117461    0.689685 3.16206e-08    0.061811
underflow!5.60258e-21
pos    0.88549   0.0253435    0.218131    0.705466 5.60258e-21    0.121754
underflow!0.000673674
pos   0.671554    0.170064   0.0907036    0.661458 0.000673674   0.0968455
underflow!0.000572263
pos   0.749411    0.018467    0.282203      0.6628 0.000572263   0.0768365
underflow!2.55088e-07
pos   0.892943  0.00686308    0.207778    0.619645 2.55088e-07    0.222936
underflow!5.84076e-15
pos   0.939998    0.141421    0.181237    0.747812 5.84076e-15     0.12087
underflow!0.000718468
pos   0.860109  0.00372022    0.162516    0.614621 0.000718468   0.0795198
underflow!7.5694e-13
pos  0.844625  0.0386917   0.171059   0.628761 7.5694e-13  0.0544257
underflow!0.000940482
pos   0.728724   0.0903254   0.0889433    0.583319 0.000940482   0.0996742
underflow!0.000268654
pos   0.758572  0.00474449   0.0774457    0.605202 0.000268654   0.0748258
underflow!8.69164e-05
pos   0.928564    0.242484     0.40457    0.582813 8.69164e-05   0.0350636
underflow!0.000474167
pos   0.798403    0.256383    0.235598    0.671852 0.000474167    0.197963
underflow!0.000440928
pos   0.905858    0.159345    0.163551    0.732679 0.000440928    0.110903
underflow!0.000454137
pos    0.73353    0.124536   0.0381127     0.63646 0.000454137   0.0992509
underflow!0.000635128
pos   0.820264  0.00445822    0.356121     0.54609 0.000635128   0.0716238
underflow!0.000410435
pos    0.85668  0.00404716     0.19612    0.718589 0.000410435    0.206909
underflow!0.000806418
pos   0.907947    0.217133    0.175529    0.858701 0.000806418   0.0145889
underflow!0.000526959
pos   0.799436     0.12963    0.224922    0.665413 0.000526959    0.158473
underflow!0.00020971
pos  0.859462 0.00109253   0.146676   0.636786 0.00020971  0.0231886
underflow!0.000460235
pos   0.840123   0.0182001    0.386277    0.626616 0.000460235   0.0601537
underflow!0.0002493
pos  0.808353 0.00505387   0.211381   0.671141  0.0002493  0.0521504
underflow!0.000536012
pos   0.645154    0.103114   0.0637714     0.62609 0.000536012   0.0969057
underflow!0.000156079
pos   0.770501  0.00423822    0.351129    0.568072 0.000156079   0.0495324
underflow!0.000216179
pos   0.988557    0.214472   0.0483021    0.845285 0.000216179  0.00358683
underflow!0.000353898
pos   0.914323    0.147487    0.177865    0.669395 0.000353898   0.0925767
underflow!0.000398469
pos    0.92048  0.00669544   0.0323251    0.883506 0.000398469    0.111636
underflow!0.000134977
pos   0.647929   0.0369696   0.0483753    0.688248 0.000134977    0.107653
underflow!0.000154275
pos   0.894032  0.00354132    0.274155    0.563955 0.000154275   0.0343627
underflow!0.000517636
pos   0.846302   0.0142705    0.180009    0.349115 0.000517636   0.0612252
underflow!0.000689626
pos   0.638189    0.457166    0.124171    0.791479 0.000689626   0.0699097
underflow!0.000236955
pos   0.857995  0.00478611    0.217388    0.510245 0.000236955   0.0527281
underflow!0.000266454
pos   0.937815  0.00550173    0.135362    0.631376 0.000266454   0.0417982
underflow!0.000823498
pos   0.810671    0.377625    0.125782    0.824393 0.000823498    0.136348
underflow!0.000466704
pos   0.897598    0.289105    0.130212    0.684279 0.000466704   0.0897276
underflow!0.000240735
pos    0.95365   0.0179622    0.127831    0.589631 0.000240735    0.028916
underflow!0.000122788
pos   0.940698   0.0108373    0.133036    0.633804 0.000122788   0.0440992
underflow!0.000800366
pos    0.94745    0.191188    0.100466    0.830387 0.000800366    0.037154
underflow!0.00097509
pos  0.808133  0.0245178   0.129602   0.588453 0.00097509   0.149345
underflow!0.000128703
pos   0.763259   0.0166798    0.218896    0.597275 0.000128703    0.015128
underflow!0.000327138
pos   0.759842   0.0504922    0.038164    0.888174 0.000327138   0.0745036
underflow!0.000373551
pos   0.693225   0.0386366    0.361244    0.824533 0.000373551   0.0247886
underflow!0.000641888
pos   0.876773       0.079   0.0860745    0.638878 0.000641888   0.0908829
underflow!0.000634775
pos   0.852697   0.0153623    0.175928    0.868702 0.000634775   0.0314418
underflow!0.000775651
pos   0.904513    0.162602    0.142739    0.678649 0.000775651    0.117983
underflow!0.000742136
pos   0.928282   0.0447655    0.208531    0.561099 0.000742136    0.059416
underflow!0.000394405
pos   0.790418    0.484032   0.0644377    0.865983 0.000394405   0.0781219
underflow!0.000203326
pos   0.898455   0.0229326    0.273632    0.895447 0.000203326    0.074636
underflow!5.59461e-05
pos   0.889003    0.217412   0.0500803    0.594161 5.59461e-05   0.0267484
underflow!0.000535494
pos   0.935742   0.0473197   0.0680086    0.404138 0.000535494   0.0839413
underflow!0.000667474
pos   0.800484   0.0464537    0.245609    0.734392 0.000667474   0.0732867
underflow!8.74391e-05
pos   0.878308   0.0868529   0.0147842    0.754066 8.74391e-05   0.0849355
underflow!0.000322487
pos   0.669574   0.0278851    0.162536    0.406627 0.000322487   0.0680573
underflow!0.00028392
pos  0.904513   0.157269   0.075086   0.642706 0.00028392    0.19608
underflow!0.000393534
pos   0.913702   0.0685726   0.0696794    0.659366 0.000393534    0.281511
underflow!0.000446617
pos   0.899594    0.301351   0.0889217    0.687389 0.000446617   0.0471691
underflow!0.00027793
pos   0.91927  0.0545781  0.0771977   0.615011 0.00027793  0.0630176
underflow!0.000895458
pos   0.913944    0.153892    0.125158    0.673464 0.000895458   0.0523242
underflow!0.000325325
pos   0.784168   0.0945729    0.112828    0.723189 0.000325325   0.0878082
underflow!0.000256214
pos   0.858612   0.0375852   0.0427352    0.840268 0.000256214    0.027846
underflow!0.000183042
pos   0.688547   0.0302034     0.18031     0.52891 0.000183042    0.250017
underflow!0.000719912
pos   0.902096    0.162218    0.133126    0.676066 0.000719912    0.123595
underflow!0.000436416
pos   0.721533   0.0618592   0.0299668    0.598692 0.000436416   0.0211244
underflow!0.000873271
pos   0.815722   0.0534161    0.392102    0.604232 0.000873271   0.0246613
underflow!0.000594251
pos   0.916696   0.0833831    0.108144     0.77305 0.000594251   0.0697365
underflow!0.000333302
pos   0.914031   0.0529036    0.121626    0.650004 0.000333302   0.0308817
underflow!0.000753388
pos   0.837008   0.0884244   0.0976993    0.729476 0.000753388   0.0824395
underflow!0.000594235
pos   0.753262    0.271125    0.166005    0.741686 0.000594235    0.204797
underflow!0.000385011
pos   0.898898    0.272532    0.107467    0.671357 0.000385011   0.0711063
underflow!3.93999e-05
pos   0.907703    0.381833    0.115291    0.678675 3.93999e-05    0.032891
underflow!0.000690803
pos   0.988465  0.00656266   0.0389468     0.73869 0.000690803   0.0718154
underflow!0.000272535
pos   0.788066   0.0868705    0.088895     0.77839 0.000272535   0.0127705
underflow!0.000285722
pos   0.715856   0.0534353    0.170725    0.560874 0.000285722    0.471808
underflow!0.000469398
pos   0.953547   0.0312596    0.223141    0.829335 0.000469398    0.209995
underflow!0.00057687
pos  0.820366  0.0962779   0.187395   0.857885 0.00057687  0.0470369
underflow!0.000750068
pos   0.889832   0.0642409    0.156484    0.670628 0.000750068    0.103325
underflow!0.000786275
pos   0.898055   0.0309357    0.178207    0.685688 0.000786275   0.0383521
underflow!0.000431914
pos   0.894239    0.260597    0.121976    0.677993 0.000431914   0.0819163
underflow!0.000283919
pos   0.959652   0.0461261   0.0492606    0.751811 0.000283919   0.0322583
underflow!0.000361079
pos   0.917692   0.0668582   0.0826154    0.672157 0.000361079   0.0568047
underflow!0.00054081
pos  0.805939   0.307369   0.087687   0.817774 0.00054081  0.0505645
underflow!0.00028781
pos  0.928604  0.0182878  0.0663212    0.66069 0.00028781  0.0299224
underflow!0.000180026
pos   0.930885   0.0264764    0.210194    0.946191 0.000180026    0.145852
underflow!0.000646758
pos   0.866752   0.0416438    0.252317    0.775857 0.000646758     0.12687
underflow!0.00048824
pos  0.881315  0.0688868    0.15198   0.670331 0.00048824  0.0994554
underflow!0.000911464
pos   0.915005    0.202816    0.141142    0.737928 0.000911464   0.0829749
underflow!0.000829044
pos   0.844584   0.0950682    0.220205    0.657324 0.000829044   0.0763367
underflow!0.000701262
pos   0.896251    0.104163    0.120473    0.589674 0.000701262    0.095372
underflow!0.000940416
pos   0.907148   0.0620675    0.111645    0.567018 0.000940416   0.0664095
underflow!6.06936e-05
pos   0.929946    0.012879    0.498677    0.976009 6.06936e-05   0.0387551
underflow!0.000810967
pos   0.849942   0.0618663   0.0995182    0.654417 0.000810967   0.0585172
underflow!0.000175879
pos   0.855142   0.0479571    0.226233    0.836274 0.000175879   0.0727495
underflow!0.000233578
pos     0.9567     0.18596   0.0704149    0.881621 0.000233578   0.0392565
underflow!0.000269795
pos   0.814814    0.380441    0.121803    0.767298 0.000269795   0.0725274
underflow!0.000195675
pos     0.8561   0.0672882     0.11224    0.657284 0.000195675   0.0645214
underflow!0.000412364
pos   0.845186   0.0839472    0.219044    0.614746 0.000412364   0.0765584
underflow!0.000119497
pos   0.981216    0.104163    0.120473    0.589674 0.000119497    0.095372
underflow!0.000334865
pos   0.750405    0.090436    0.228668    0.613229 0.000334865    0.340237
underflow!0.000222119
pos   0.861699   0.0673853   0.0296575    0.535093 0.000222119   0.0203054
underflow!0.000611715
pos   0.888459    0.147946    0.145153    0.722247 0.000611715    0.197533
underflow!0.000357141
pos   0.966662   0.0383916   0.0995639    0.644444 0.000357141    0.123073
underflow!0.000799176
pos   0.936123   0.0631451   0.0479524    0.741548 0.000799176   0.0604656
underflow!0.000425886
pos   0.895134   0.0397986    0.133641    0.751066 0.000425886   0.0287806
underflow!0.000563987
pos   0.942362    0.132653    0.106718    0.812272 0.000563987    0.106674
underflow!0.000496489
pos   0.874811    0.252318   0.0937874    0.685657 0.000496489   0.0571112
underflow!0.000580204
pos   0.839753    0.082903     0.11365    0.584037 0.000580204    0.130443
underflow!0.00014488
pos  0.918539  0.0628593  0.0931426   0.707751 0.00014488  0.0687085
underflow!0.00035318
pos  0.911216    0.10713   0.282294   0.718143 0.00035318  0.0793275
underflow!0.000174149
pos   0.926491   0.0332266    0.333384    0.921496 0.000174149   0.0989837
underflow!0.000297513
pos   0.955714     0.47059     0.14334    0.835011 0.000297513   0.0646399
underflow!0.000489964
pos   0.836798   0.0858438    0.156087    0.770311 0.000489964    0.120708
underflow!0.000985022
pos   0.873465    0.103081    0.153446    0.736119 0.000985022   0.0981454
underflow!0.000179014
pos   0.869999    0.215207     0.11154    0.707929 0.000179014   0.0710601
underflow!0.000183878
pos   0.822071    0.439464    0.134419    0.759384 0.000183878   0.0851176
underflow!0.000595694
pos   0.906648   0.0471549    0.117818    0.563974 0.000595694   0.0816638
underflow!0.000481496
pos   0.878222   0.0699651    0.048727    0.584081 0.000481496    0.172545
underflow!0.000371606
pos   0.836798   0.0858438    0.156087    0.749931 0.000371606    0.120708
underflow!0.000456131
pos   0.881765   0.0667296    0.119019    0.777134 0.000456131    0.144355
underflow!0.000473444
pos   0.885404    0.225434    0.138209    0.703948 0.000473444   0.0994179
underflow!0.000175449
pos   0.877586   0.0449329    0.106696    0.813778 0.000175449   0.0456719
underflow!0.0005086
pos 0.872691   0.18723  0.101929  0.771572 0.0005086 0.0380126
underflow!0.00089899
pos  0.834136   0.080898   0.100666   0.718207 0.00089899   0.059916
underflow!0.000678978
pos    0.96739   0.0354442    0.232847    0.724119 0.000678978    0.575459
underflow!0.000883627
pos    0.92039   0.0487099    0.293383    0.769849 0.000883627    0.141434
underflow!0.000793193
pos   0.903646   0.0743054    0.112391    0.554759 0.000793193   0.0767844
underflow!0.000953395
pos   0.940649   0.0743751    0.205706    0.806057 0.000953395    0.373733
underflow!0.000333878
pos   0.915362   0.0383452    0.221025     0.96025 0.000333878    0.119565
underflow!0.000878755
pos   0.776131   0.0802379   0.0331753    0.735558 0.000878755   0.0797598
underflow!0.000462548
pos   0.938999    0.208593    0.155123    0.612324 0.000462548   0.0919069
underflow!0.000709639
pos   0.875136    0.138781    0.194543    0.776855 0.000709639   0.0616976
underflow!0.0005257
pos 0.952513 0.0527738 0.0725752  0.668443 0.0005257  0.328446
underflow!0.000842504
pos   0.858938   0.0372934    0.114412    0.769194 0.000842504   0.0681935
underflow!0.00052437
pos  0.898343  0.0917474  0.0851288   0.609331 0.00052437   0.111983
underflow!0.000266537
pos   0.875427   0.0736617    0.202648    0.803817 0.000266537   0.0729209
underflow!0.000427385
pos   0.830226   0.0434316    0.156291    0.710318 0.000427385    0.041119
underflow!0.00032452
pos  0.880219  0.0662391  0.0787472   0.706494 0.00032452  0.0690227
underflow!0.000948673
pos   0.872995   0.0198607    0.193808    0.703415 0.000948673   0.0449108
underflow!0.000906652
pos   0.917571   0.0928332    0.112038    0.668776 0.000906652   0.0684527
underflow!0.000818982
pos   0.874531   0.0766007   0.0825857    0.741877 0.000818982   0.0513378
underflow!0.00064801
pos  0.883919     0.1392   0.228908   0.697671 0.00064801  0.0856996
underflow!0.000789052
pos   0.882015   0.0632296    0.148582    0.693836 0.000789052    0.129468
underflow!0.00041549
pos  0.874609    0.11472  0.0789895   0.524629 0.00041549  0.0429309
underflow!0.000483809
pos   0.924475   0.0334459     0.10271     0.58051 0.000483809    0.150461
underflow!0.000885544
pos   0.858853   0.0443932    0.263753    0.794812 0.000885544    0.165077
underflow!0.000969076
pos   0.910305   0.0357232    0.182127    0.460353 0.000969076   0.0561163
underflow!0.000416324
pos   0.716684   0.0220369   0.0332806    0.743967 0.000416324   0.0551483
underflow!0.000285216
pos   0.874544      0.1246   0.0735129    0.654628 0.000285216   0.0558719
underflow!0.000839149
pos   0.913311   0.0949754    0.200716    0.694453 0.000839149   0.0895063
underflow!0.00064805
pos  0.890944  0.0242685  0.0581626   0.619614 0.00064805   0.089992
underflow!0.000375663
pos   0.776202   0.0382951   0.0646751    0.742402 0.000375663   0.0636888
underflow!0.000804179
pos    0.93224   0.0592609    0.150633    0.897521 0.000804179    0.150401
underflow!0.000938926
pos   0.952473   0.0723269    0.116301    0.678839 0.000938926   0.0841074
underflow!0.000879703
pos   0.914275   0.0377012    0.188068    0.884165 0.000879703    0.129666
underflow!0.000328544
pos   0.909218    0.092391    0.579582    0.829912 0.000328544    0.160584
underflow!0.000880113
pos   0.890757   0.0247241   0.0919907     0.48314 0.000880113   0.0526436
underflow!0.000756676
pos   0.839822    0.458428    0.157597     0.68089 0.000756676    0.111423
underflow!0.000834512
pos   0.859053   0.0907123    0.241867    0.763793 0.000834512    0.107515
underflow!0.000571886
pos   0.811009      0.1015    0.146755    0.627809 0.000571886    0.103953
underflow!0.000405094
pos   0.894543    0.196778    0.150216    0.807773 0.000405094   0.0457445
underflow!0.000664551
pos   0.925942   0.0860151    0.128771    0.744482 0.000664551   0.0918933
underflow!0.00093257
pos  0.950464  0.0660687  0.0333665   0.738627 0.00093257   0.100964
underflow!0.000962044
pos    0.88649   0.0759056    0.113226    0.593896 0.000962044   0.0938946
underflow!0.000465545
pos   0.907845   0.0549637    0.126597    0.652084 0.000465545   0.0930472
underflow!0.000597458
pos   0.875207    0.111327    0.206869    0.784535 0.000597458    0.109428
underflow!0.000640543
pos   0.910816    0.135364   0.0589521    0.908964 0.000640543     0.17556
underflow!0.000420363
pos   0.944401   0.0219979    0.104019     0.54186 0.000420363   0.0666868
underflow!0.000805568
pos   0.895279    0.209141    0.132059    0.746672 0.000805568     0.36063
underflow!0.00090426
pos  0.933157  0.0294392   0.110331   0.581031 0.00090426  0.0617513
underflow!0.000257638
pos   0.948321   0.0306809    0.126597    0.692209 0.000257638   0.0930472
underflow!0.000530988
pos    0.92809    0.119946    0.156716    0.675131 0.000530988     0.11769
underflow!0.000110837
pos   0.940913   0.0087031   0.0398938    0.459333 0.000110837    0.020526
underflow!0.000387691
pos   0.974873   0.0726536   0.0869669    0.723145 0.000387691   0.0326384
underflow!0.000577039
pos   0.904357   0.0677763    0.125478    0.672947 0.000577039    0.093631
underflow!0.00053822
pos  0.887868  0.0745551   0.224661   0.597649 0.00053822  0.0630271
underflow!9.74043e-05
pos   0.929453   0.0203445    0.126597    0.683814 9.74043e-05   0.0257727
underflow!0.000364379
pos    0.90087   0.0494538    0.185031    0.620172 0.000364379   0.0668073
underflow!0.000608979
pos   0.899856   0.0849476    0.120664    0.613776 0.000608979   0.0927819
underflow!0.000747596
pos   0.856629    0.453585    0.154092    0.659841 0.000747596    0.107148
underflow!0.00043386
pos  0.951181  0.0389512   0.165441   0.818792 0.00043386  0.0350245
underflow!0.0008726
pos 0.902669  0.030779  0.178002  0.832709 0.0008726  0.119991
underflow!0.000356775
pos   0.943891   0.0730809    0.212799    0.684721 0.000356775   0.0938565
underflow!0.000313808
pos     0.9318    0.150488   0.0653458    0.707124 0.000313808    0.295016
underflow!9.6064e-06
pos   0.81032  0.0498425  0.0495237    0.62125 9.6064e-06 0.00239601
underflow!0.000151104
pos   0.710229   0.0283641    0.092694    0.864413 0.000151104   0.0927966
underflow!0.000889564
pos   0.884822   0.0495667    0.111931    0.569988 0.000889564   0.0579155
underflow!0.00037855
pos  0.929635  0.0642812  0.0493771   0.760072 0.00037855   0.116017
underflow!0.00044006
pos  0.875135  0.0662365   0.144806   0.725979 0.00044006   0.102428
underflow!0.000391686
pos   0.745529   0.0965872    0.131307    0.657169 0.000391686   0.0939992
underflow!0.000618986
pos   0.907405    0.148315   0.0294397     0.68133 0.000618986   0.0625075
underflow!0.00070619
pos  0.808439  0.0612741   0.129451   0.713581 0.00070619  0.0908173
underflow!9.42859e-05
pos     0.8317   0.0583211    0.104371    0.607159 9.42859e-05   0.0554546
underflow!0.000443431
pos   0.934257      0.1602    0.119254    0.642851 0.000443431   0.0471385
underflow!0.000303875
pos   0.914757   0.0461593    0.044266    0.553827 0.000303875   0.0509186
underflow!0.00031039
pos  0.788991   0.116695  0.0653941   0.733929 0.00031039   0.100536
underflow!0.000241628
pos   0.889945   0.0656532    0.102091     0.70857 0.000241628   0.0411502
underflow!0.000121872
pos   0.866034   0.0758562    0.143858    0.585662 0.000121872     0.11874
underflow!0.000642835
pos   0.903242   0.0455234    0.305767    0.811444 0.000642835     0.12595
underflow!0.000258623
pos   0.786516    0.170869   0.0999402    0.657169 0.000258623   0.0620704
underflow!0.000362314
pos   0.904029    0.197434    0.122171     0.71101 0.000362314    0.157786
underflow!0.000835041
pos   0.904398    0.104693    0.137745    0.697556 0.000835041   0.0884562
underflow!0.000645595
pos   0.918634    0.104984   0.0689938     0.50383 0.000645595   0.0674188
underflow!0.000649859
pos   0.877157    0.136732    0.134645    0.681644 0.000649859   0.0306608
underflow!0.000641602
pos   0.828905     0.41343    0.200071    0.341951 0.000641602   0.0661296
underflow!0.00022091
pos  0.832985   0.107795   0.129605   0.799172 0.00022091   0.148601
underflow!0.000991333
pos   0.875525   0.0472371    0.289782    0.700574 0.000991333    0.215551
underflow!0.000422319
pos   0.904316   0.0666501    0.304241    0.516198 0.000422319   0.0903086
underflow!0.000400136
pos   0.529881   0.0292902    0.103804    0.621683 0.000400136    0.136857
underflow!0.00078963
pos  0.857646  0.0759785   0.157348   0.639823 0.00078963  0.0812631
underflow!0.000379605
pos   0.762262    0.126509    0.123694    0.690393 0.000379605    0.109621
underflow!0.000148886
pos   0.853889    0.492659   0.0843601    0.538394 0.000148886   0.0285425
underflow!0.000561973
pos   0.926183  0.00962734     0.12461      0.7734 0.000561973   0.0443105
underflow!0.000853585
pos   0.862087    0.100787    0.155354    0.707752 0.000853585    0.120469
underflow!0.000189163
pos   0.886901     0.14672    0.112551    0.754098 0.000189163    0.189574
underflow!0.000150288
pos   0.950774   0.0640445    0.246596    0.560846 0.000150288   0.0306485
underflow!0.000247277
pos   0.822688   0.0475217    0.127374    0.428824 0.000247277     0.12258
underflow!0.000148946
pos   0.630745   0.0438194     0.11489    0.617628 0.000148946   0.0749959
underflow!0.000361506
pos   0.854753   0.0593179    0.164392    0.586048 0.000361506   0.0619762
underflow!0.000303434
pos   0.835883   0.0303535   0.0701907    0.697056 0.000303434   0.0859651
underflow!0.000856891
pos   0.866658   0.0983298    0.136048    0.708133 0.000856891    0.113554
underflow!0.000332864
pos   0.747973    0.207327   0.0495539    0.729844 0.000332864   0.0892041
underflow!0.000169002
pos   0.775861   0.0204259    0.267031    0.872519 0.000169002   0.0515437
underflow!0.000615362
pos   0.850398   0.0415662    0.127548    0.720328 0.000615362   0.0956159
underflow!0.000660758
pos   0.779962   0.0692511   0.0720635    0.725663 0.000660758    0.144969
underflow!0.000121382
pos   0.896051   0.0609608   0.0789873     0.56196 0.000121382   0.0974283
underflow!0.000731423
pos   0.816702    0.077591    0.097093    0.716173 0.000731423    0.103215
underflow!9.49928e-05
pos   0.684947   0.0553179    0.118468    0.626244 9.49928e-05   0.0791368
underflow!0.000172045
pos   0.852792   0.0730606   0.0529161    0.610551 0.000172045   0.0369679
underflow!0.0003163
pos 0.898525 0.0296478  0.144552  0.791156 0.0003163 0.0765579
underflow!0.000607255
pos   0.844917   0.0471879    0.125145    0.745965 0.000607255   0.0847084
underflow!0.000476889
pos    0.92933   0.0819265   0.0886327    0.739707 0.000476889    0.086034
underflow!0.000214067
pos   0.867766   0.0340586    0.142746    0.707922 0.000214067   0.0517864
underflow!0.000669007
pos   0.817102   0.0925748    0.139515    0.688605 0.000669007   0.0972296
underflow!0.000353434
pos   0.886182    0.185044    0.148752    0.706992 0.000353434   0.0902156
underflow!0.000109237
pos    0.78559    0.124894   0.0459089    0.543043 0.000109237    0.173475
underflow!0.000447267
pos    0.86689   0.0606119    0.155798    0.703121 0.000447267   0.0558875
underflow!3.2704e-05
pos   0.68992  0.0587057   0.119521   0.628783 3.2704e-05  0.0803569
underflow!0.000598664
pos   0.719938   0.0991102    0.191451    0.791599 0.000598664   0.0584934
underflow!0.000326884
pos   0.860389    0.129931    0.111889    0.671411 0.000326884     0.13652
underflow!0.000342873
pos   0.736799   0.0243591    0.196544    0.911163 0.000342873   0.0965057
underflow!0.000391262
pos   0.871915    0.165494    0.131176    0.590232 0.000391262    0.111023
underflow!0.000384972
pos   0.847864   0.0684711    0.140544    0.707263 0.000384972   0.0952882
underflow!0.000275328
pos   0.826164    0.129485   0.0993977    0.756481 0.000275328   0.0477688
underflow!0.000283929
pos   0.890233    0.238521    0.140488    0.706512 0.000283929    0.141731
underflow!0.000208217
pos   0.800759    0.161619   0.0458933    0.464563 0.000208217    0.220214
underflow!0.000769085
pos   0.801102   0.0720476    0.187535    0.726752 0.000769085    0.114621
underflow!0.000316296
pos    0.85547   0.0354087    0.480489    0.578681 0.000316296   0.0656662
underflow!2.88723e-05
pos   0.692133   0.0602131   0.0966841    0.629912 2.88723e-05   0.0808997
underflow!0.000507256
pos   0.765911   0.0875494    0.142267    0.675729 0.000507256   0.0828754
underflow!0.000566042
pos   0.694933    0.271947   0.0346115    0.585943 0.000566042    0.058796
underflow!0.000457618
pos   0.822278     0.17369    0.275622    0.453017 0.000457618   0.0459957
underflow!0.000339574
pos   0.861432   0.0416979    0.070645    0.498338 0.000339574    0.169036
underflow!0.000686076
pos   0.761084   0.0518799    0.118698    0.640203 0.000686076    0.107829
underflow!0.000593985
pos   0.796719   0.0668046    0.060107    0.479621 0.000593985   0.0654266
underflow!3.48802e-05
pos   0.876242   0.0634169    0.019838    0.442965 3.48802e-05   0.0820535
underflow!0.000472098
pos    0.85858   0.0827649    0.108021    0.793652 0.000472098    0.056526
underflow!0.000426069
pos     0.6283   0.0685459    0.107577    0.748763 0.000426069   0.0878374
underflow!0.000366607
pos   0.776524    0.373746   0.0460768    0.727974 0.000366607    0.298168
underflow!0.000514039
pos    0.81476    0.119195    0.135372    0.671462 0.000514039    0.103111
underflow!0.000237282
pos   0.701827   0.0723883    0.105626     0.83076 0.000237282   0.0510639
underflow!0.000399203
pos   0.853853    0.041914    0.140998    0.644718 0.000399203   0.0482228
underflow!0.000630299
pos   0.870806    0.338546   0.0411345    0.844689 0.000630299    0.181507
underflow!0.000289186
pos    0.86772   0.0287363    0.255478    0.668527 0.000289186   0.0618216
underflow!0.000243606
pos   0.871485    0.177907       0.208     0.72116 0.000243606   0.0713949
underflow!0.000355758
pos   0.890123    0.145077    0.114871    0.639467 0.000355758    0.121027
underflow!0.000350669
pos    0.90645    0.281953    0.143503    0.667532 0.000350669    0.199643
underflow!0.000217522
pos   0.764449   0.0564083    0.277265    0.804004 0.000217522    0.102986
underflow!0.000927931
pos   0.812261    0.349343    0.186252     0.58713 0.000927931    0.104786
underflow!0.000402802
pos   0.816601   0.0449894    0.176199    0.685252 0.000402802   0.0992042
underflow!0.000376515
pos   0.743836   0.0956499    0.128549    0.665677 0.000376515   0.0923362
underflow!0.000355211
pos   0.855813   0.0485809   0.0945112    0.615354 0.000355211   0.0503568
underflow!0.000748385
pos   0.842402    0.079083    0.118058    0.612912 0.000748385   0.0950011
underflow!0.000423973
pos   0.843613    0.186628   0.0753543    0.711799 0.000423973   0.0611937
underflow!0.000260747
pos   0.811891   0.0913335    0.114389    0.668706 0.000260747   0.0796434
underflow!0.000687977
pos   0.794928   0.0722242    0.119492    0.692892 0.000687977   0.0753905
underflow!0.000101189
pos   0.749266    0.061265    0.111558    0.554594 0.000101189   0.0707373
underflow!0.000386478
pos   0.894966    0.114428    0.087929     0.64337 0.000386478    0.114023
underflow!0.00031567
pos  0.734384   0.114262  0.0617673   0.749136 0.00031567   0.140948
underflow!0.00033965
pos  0.503704  0.0156337   0.188465   0.492558 0.00033965   0.163934
underflow!0.000656939
pos   0.856031   0.0850119     0.13101    0.706271 0.000656939   0.0861309
underflow!0.000122057
pos   0.889324   0.0878379     0.17127    0.606796 0.000122057   0.0482194
underflow!0.00015308
pos  0.744497  0.0960162   0.129627   0.662352 0.00015308  0.0410646
underflow!0.000440264
pos   0.877043    0.199968    0.143028    0.788757 0.000440264    0.136182
underflow!0.000518611
pos   0.800985    0.105248   0.0949452    0.672808 0.000518611   0.0253544
underflow!0.000762678
pos   0.788351   0.0686877    0.139876    0.760141 0.000762678   0.0915516
underflow!0.000365141
pos   0.846179   0.0598946    0.149423    0.656412 0.000365141    0.288436
underflow!9.37245e-05
pos   0.800152   0.0922628    0.117382    0.311755 9.37245e-05   0.0370252
underflow!0.000470089
pos   0.800611   0.0306105     0.15568    0.547535 0.000470089   0.0413772
underflow!0.000270614
pos   0.886077   0.0542022    0.242334     0.64222 0.000270614    0.258052
underflow!9.07151e-05
pos   0.738376    0.110074   0.0284443    0.728211 9.07151e-05   0.0295785
underflow!0.000770542
pos   0.905697   0.0433135      0.1685    0.860626 0.000770542    0.106957
underflow!0.0001402
pos 0.382637 0.0137015  0.161934  0.271606 0.0001402  0.200326
underflow!0.000350439
pos   0.838929   0.0868034   0.0957752    0.746821 0.000350439   0.0873486
underflow!0.000325359
pos   0.875683    0.156598    0.205478    0.466368 0.000325359   0.0605692
underflow!0.000183579
pos   0.737165   0.0962574    0.130336    0.660163 0.000183579   0.0634205
underflow!0.000493913
pos   0.810385    0.119824     0.13005    0.680767 0.000493913   0.0880223
underflow!0.000517215
pos   0.814289    0.149538    0.120986    0.676147 0.000517215   0.0765717
underflow!0.000293905
pos   0.870402   0.0438593    0.320389    0.789644 0.000293905   0.0528415
underflow!0.000310661
pos   0.900327    0.106064    0.134204    0.727922 0.000310661     0.15769
underflow!0.000213952
pos   0.734018   0.0905152    0.138203    0.751999 0.000213952   0.0863069
underflow!0.00029725
pos  0.866076  0.0528154  0.0725162   0.634283 0.00029725   0.167051
underflow!0.00049709
pos  0.809847  0.0601017   0.110688   0.667645 0.00049709   0.121614
underflow!0.000366524
pos   0.937793   0.0267492    0.165448    0.843929 0.000366524   0.0758296
underflow!0.000337469
pos   0.837835   0.0308213   0.0693139     0.70413 0.000337469   0.0447479
underflow!0.00046086
pos  0.788928  0.0683995   0.130632   0.682892 0.00046086  0.0894633
underflow!0.000147017
pos   0.668832    0.309068    0.180322    0.659039 0.000147017   0.0354746
