PSO_S_ODE_NonLinear
Using two part PSO Sample Size:100 with:27 moments.
Using Record Time:48.45
Bounds for Uniform Distribution (0,1)
Blind PSO --> nParts:2000 Nsteps:15
Targeted PSO --> nParts:25 Nsteps:1000
sdbeta:0.1
mu: 80 120  85
covarMat:
 50   0   0
  0 100   0
  0   0  50

Yt:  3.83092   2.83823   2.46815  0.126574   5.43295   3.48392   49.1447   38.9408   12.9033 0.0189478   69.2498   25.8356  0.781411    9.8219  0.658122   11.2614   14.0065   8.21411  0.139637   47.2945   11.4173  0.339665    21.457   18.2571   0.49825  0.481675    30.156
XtA:  3.42131   3.75819   2.44422  0.121805   6.32422   3.44862   45.0218    95.902   13.9185 0.0181265   150.907   27.6043  0.773876    10.034   0.58584   11.3937   14.3123   20.0587  0.155601   116.116   27.8198  0.319608   34.2968   19.5995  0.493335  0.453489   47.8727
seedk:0.537194 0.821858 0.950094 0.367789 0.156637 0.852083| cost:15054.8
Xt: 3.97998  4.95113  1.88555  0.83373   7.6704  2.10243  48.6591   114.23  10.6645 0.898659  181.386  13.2589  6.21955  9.84232   4.9753  21.0372  10.9744  22.9286  2.76119   139.92   25.566  2.10641  35.6995  11.8912  5.76626   2.3487  39.8058
PSO begins!
underflow!0.00204021
pos   0.94582    0.89078    0.83215 0.00204021    0.18455   0.588131
overflow!
overflow!
underflow!0.00437615
pos  0.825163   0.616368     0.9596   0.399967   0.477772 0.00437615
underflow!0.00482644
pos  0.651615   0.505662   0.338938 0.00482644   0.295142   0.472353
overflow!
overflow!
underflow!0.00300261
pos0.00300261   0.422886   0.255094   0.795221  0.0189109   0.324046
overflow!
overflow!
overflow!
underflow!0.00219414
pos   0.41315    0.92544   0.914652   0.874065 0.00219414   0.171859
underflow!0.00396196
pos  0.610712 0.00396196   0.538753   0.992792   0.958203    0.98367
overflow!
overflow!
underflow!0.00494697
pos  0.495455 0.00494697   0.441589   0.412447   0.516874   0.825145
overflow!
underflow!0.00402438
pos 0.0687213 0.00190027    0.58496   0.799963   0.304291 0.00402438
underflow!0.00190027
pos 0.0687213 0.00190027    0.58496   0.799963   0.304291 0.00402438
underflow!0.00310403
pos0.00310403    0.55821   0.377897   0.786939   0.107913   0.140983
overflow!
overflow!
underflow!0.00113973
pos   0.68096 0.00113973   0.638145   0.469054   0.637572   0.730586
overflow!
underflow!0.00495868
pos  0.708517   0.627896   0.340993   0.181019 0.00495868   0.282943
overflow!
overflow!
overflow!
overflow!
overflow!
underflow!0.000862769
pos   0.554768    0.167711    0.133577    0.207335    0.216256 0.000862769
underflow!0.00280943
pos  0.253718    0.79593   0.291339   0.188265   0.411959 0.00280943
underflow!0.00405404
pos 0.0255154   0.997903   0.545792   0.115005 0.00405404    0.95102
overflow!
overflow!
underflow!0.0011601
pos 0.696839  0.399146 0.0810743  0.654049 0.0011601  0.498595
overflow!
overflow!
overflow!
overflow!
underflow!0.00207916
pos  0.733851   0.655605   0.818505   0.246675 0.00207916   0.606917
overflow!
overflow!
underflow!0.000412383
pos   0.939237    0.199079 0.000412383    0.282363    0.875789    0.102986
overflow!
underflow!0.000491396
pos0.000491396     0.19942    0.533152    0.988385    0.838243    0.297758
underflow!0.00193144
pos  0.196481 0.00193144   0.455101   0.737494  0.0438182   0.298829
overflow!
overflow!
underflow!0.00272917
pos0.00272917   0.198603   0.402046   0.129385   0.822274  0.0409166
underflow!0.00431491
pos  0.969855   0.541412 0.00431491    0.02635   0.813637   0.234999
overflow!
underflow!0.00419608
pos 0.0450431    0.85147   0.130874   0.368936   0.894448 0.00419608
overflow!
underflow!0.000879805
pos   0.609326    0.354328    0.142235    0.847017    0.261288 0.000879805
GBMAT from blind PSO:

 0.537194  0.821858  0.950094  0.367789  0.156637  0.852083   15054.8
 0.537194  0.821858  0.950094  0.367789  0.156637  0.852083   15054.8
 0.902157  0.675931  0.454541  0.917194 0.0936387 0.0975147    1236.1
 0.618363  0.305392  0.303826  0.812182  0.203828 0.0651257   1213.14
 0.381204  0.200192  0.182019  0.812312  0.365306 0.0355245   1212.58
 0.565206  0.289977  0.262662  0.801168  0.265291 0.0593427   1206.85
 0.587778  0.258702  0.196898  0.775777  0.239716 0.0392145   1167.42
 0.631949  0.278548  0.163708  0.785087  0.256593 0.0303449   1161.07
 0.559789  0.339669  0.194484  0.851865  0.203485 0.0384773   1155.02
  0.69167   0.27889  0.204941  0.793904  0.143669 0.0444617   1134.73
 0.726075  0.353883  0.202431  0.844696 0.0839358 0.0398564      1108
 0.664986  0.252195  0.156082  0.833203  0.106133 0.0273286   1090.25
 0.669961  0.314984   0.15401  0.829942 0.0657507 0.0258715   1077.31
  0.72362  0.317597  0.153565   0.83976 0.0487003 0.0257295   1066.52
 0.703407  0.308326  0.134411   0.81423 0.0333867 0.0206479   1055.85
 0.690293  0.260879   0.11875  0.868892 0.0234028 0.0153147    1045.1

truk:  0.515996 0.0603199  0.103199  0.896801   0.05516 0.0722394
total difference b/w truk and final GBVEC0.0758734

tgCol: 0  1  2  3  4  5 10 11 12 15 17 21 22 25
reCol1: 0  1  2  3  4  5  6 12 13 15 18 19 20
reCol2: 0  1  2  3  4  5  6 10 13 15 22 26
targeted PSO has started!
Updating Weight Matrix!
GBVEC AND COST: 0.690293  0.260879   0.11875  0.868892 0.0234028 0.0153147    1045.1
Chkpt reached!
new weight matrix:
0.0110788         0         0         0         0         0         0         0         0         0         0         0         0         0
        0 0.0151094         0         0         0         0         0         0         0         0         0         0         0         0
        0         0 0.0957083         0         0         0         0         0         0         0         0         0         0         0
        0         0         0   102.334         0         0         0         0         0         0         0         0         0         0
        0         0         0         0 0.0115679         0         0         0         0         0         0         0         0         0
        0         0         0         0         0 0.0105476         0         0         0         0         0         0         0         0
        0         0         0         0         0         0         0         0         0         0         0         0         0         0
        0         0         0         0         0         0         0         0         0         0         0         0         0         0
        0         0         0         0         0         0         0         0         0         0         0         0         0         0
        0         0         0         0         0         0         0         0         0         0         0         0         0         0
        0         0         0         0         0         0         0         0         0         0         0         0         0         0
        0         0         0         0         0         0         0         0         0         0         0         0         0         0
        0         0         0         0         0         0         0         0         0         0         0         0         0         0
        0         0         0         0         0         0         0         0         0         0         0         0         0         0

New PBMAT:
    0.640166     0.158823    0.0525266     0.711792  3.85371e-05  2.26378e-09     0.858401
    0.761907     0.159376     0.236595     0.991392  1.26468e-12  2.31794e-07      1.94723
    0.670805     0.333302    0.0863928     0.858354  4.88886e-23 3.33911e-100      1.08026
    0.486306     0.369644     0.051514     0.692981  2.00507e-05  2.95243e-36     0.903121
    0.652449     0.179968    0.0291689     0.828185    0.0515305     0.590854      1.76053
    0.604831     0.379672    0.0413654     0.940721   0.00147258  4.83093e-05      1.04947
    0.576386     0.129988     0.240377      0.98331   1.0056e-07  0.000249795      1.80012
    0.584448     0.123955    0.0187628     0.942395     0.259885  7.38172e-25     0.361782
    0.743347     0.260752     0.244725     0.941516   0.00292123  9.82835e-12      1.34549
     0.70145     0.474737    0.0567297     0.782424   0.00341338    0.0104695     0.670428
    0.707695     0.392925     0.207511     0.778139  0.000318648  5.03692e-38      1.47417
    0.747615      0.35937    0.0195603     0.760901     0.279969  1.69455e-08     0.960154
    0.708627     0.180969     0.320439     0.935953  0.000141713  1.20642e-10      1.99519
    0.743905     0.264762   0.00385911     0.968666  6.26341e-11   0.00231901      2.06868
    0.572641     0.385535   0.00825968     0.929112  6.57769e-09  2.30043e-12      1.81943
    0.649585     0.249572    0.0408167     0.969299  4.47226e-07  4.48312e-35      1.11197
    0.785764     0.223536    0.0340235     0.929962     0.169813  2.15668e-23      2.14825
    0.497549     0.230258      0.03608     0.884296  1.04272e-10  5.93124e-18      1.10555
     0.69638     0.335462     0.266459     0.943082  4.71425e-19   4.8671e-22      1.97181
    0.764273     0.393084    0.0429074     0.832209  4.39961e-32  2.62635e-14      1.03113
    0.494679     0.205799     0.101881     0.888791    0.0598313   8.4485e-15      10.1289
    0.588628     0.396751    0.0795407     0.686901  1.38476e-14  9.51953e-28     0.900477
     0.76732     0.316321    0.0424549     0.840176   0.00169225  1.12581e-05     0.927943
     0.78644     0.148682   0.00742752      0.92689  2.20717e-19  4.52401e-18      1.84818
    0.771248     0.464269    0.0781221     0.990309  2.03497e-17  1.78163e-12       1.1527

underflow!4.88886e-23
pos    0.670805     0.333302    0.0863928     0.858354  4.88886e-23 3.33911e-100
underflow!4.83093e-05
pos   0.604831    0.379672   0.0413654    0.940721  0.00147258 4.83093e-05
underflow!7.38172e-25
pos   0.584448    0.123955   0.0187628    0.942395    0.259885 7.38172e-25
underflow!0.00292123
pos   0.743347    0.260752    0.244725    0.941516  0.00292123 9.82835e-12
underflow!0.00341338
pos   0.70145   0.474737  0.0567297   0.782424 0.00341338  0.0104695
underflow!5.03692e-38
pos   0.707695    0.392925    0.207511    0.778139 0.000318648 5.03692e-38
underflow!1.69455e-08
pos   0.747615     0.35937   0.0195603    0.760901    0.279969 1.69455e-08
underflow!0.000141713
pos   0.708627    0.180969    0.320439    0.935953 0.000141713 1.20642e-10
underflow!2.30043e-12
pos   0.572641    0.385535  0.00825968    0.929112 6.57769e-09 2.30043e-12
underflow!1.04272e-10
pos   0.497549    0.230258     0.03608    0.884296 1.04272e-10 5.93124e-18
underflow!4.8671e-22
pos    0.69638    0.335462    0.266459    0.943082 4.71425e-19  4.8671e-22
underflow!8.4485e-15
pos  0.494679   0.205799   0.101881   0.888791  0.0598313 8.4485e-15
underflow!0.00169225
pos    0.76732    0.316321   0.0424549    0.840176  0.00169225 1.12581e-05
underflow!1.78163e-12
pos   0.771248    0.464269   0.0781221    0.990309 2.03497e-17 1.78163e-12
underflow!2.03497e-17
pos   0.771248    0.464269   0.0781221    0.990309 2.03497e-17 1.78163e-12
underflow!0.00145839
pos   0.665253    0.165025   0.0565511    0.725037  0.00145839 0.000930682
underflow!0.00245384
pos  0.754398   0.170019   0.224238   0.978548 0.00245384 0.00160599
underflow!0.00122293
pos  0.621685   0.334052  0.0889766   0.905653   0.026888 0.00122293
underflow!0.000845961
pos   0.493511    0.365803   0.0538889    0.667962 0.000845961 0.000540936
underflow!0.00353339
pos  0.612862   0.368509  0.0486373   0.933971 0.00353339 0.00149332
underflow!0.00180515
pos  0.737093   0.260767   0.309761   0.932956 0.00609216 0.00180515
underflow!0.00407329
pos  0.662252   0.283644    0.11616    0.87874 0.00971048 0.00407329
underflow!0.0012785
pos   0.473053    0.386967  0.00409686    0.919813   0.0012785 0.000684889
underflow!0.00103878
pos  0.580868   0.250764  0.0201683   0.875657  0.0107348 0.00103878
underflow!0.000765538
pos   0.750833    0.394372   0.0357489    0.830264  0.00172218 0.000765538
underflow!0.00172218
pos   0.750833    0.394372   0.0357489    0.830264  0.00172218 0.000765538
underflow!0.00120091
pos  0.590937   0.398283  0.0755903   0.703203 0.00270161 0.00120091
underflow!0.00270161
pos  0.590937   0.398283  0.0755903   0.703203 0.00270161 0.00120091
underflow!4.85991e-05
pos   0.785413   0.0997388  0.00902089    0.925604  0.00116529 4.85991e-05
underflow!0.00116529
pos   0.785413   0.0997388  0.00902089    0.925604  0.00116529 4.85991e-05
underflow!0.000303676
pos   0.659291    0.300406   0.0756285    0.843001   0.0172749 0.000303676
underflow!0.00132174
pos  0.595358   0.236339  0.0502947   0.924073   0.115731 0.00132174
underflow!0.00349489
pos  0.637472   0.315795  0.0108409   0.943119 0.00349489 0.00329144
underflow!0.00329144
pos  0.637472   0.315795  0.0108409   0.943119 0.00349489 0.00329144
underflow!0.000433678
pos   0.515675    0.256716  0.00631183    0.918202  0.00494804 0.000433678
underflow!0.000705582
pos   0.755513    0.220613   0.0336758    0.878319    0.145516 0.000705582
underflow!0.00218703
pos   0.70438   0.391021  0.0356434   0.798075 0.00210552 0.00218703
underflow!0.00143059
pos  0.773213  0.0791414  0.0110209   0.905252  0.0456273 0.00143059
underflow!0.00141135
pos  0.577645   0.329807  0.0304611   0.907123  0.0103825 0.00141135
underflow!0.00238784
pos  0.671104   0.245185   0.164557    0.92282 0.00575687 0.00238784
underflow!0.000992441
pos   0.610544      0.4259   0.0310212    0.697165   0.0357381 0.000992441
underflow!0.00274411
pos   0.515926    0.294508   0.0296938    0.674294  0.00274411 0.000582741
underflow!0.00499676
pos  0.764324   0.368159   0.155669    0.77376 0.00758122 0.00499676
underflow!0.000456757
pos   0.724929    0.297117   0.0144004    0.747592    0.326096 0.000456757
underflow!0.00132373
pos  0.664308   0.270872  0.0102089   0.934465  0.0140922 0.00132373
underflow!0.000272773
pos   0.769282     0.21092   0.0214487    0.868479   0.0952479 0.000272773
underflow!0.000324425
pos   0.640865    0.176565   0.0466717    0.830694   0.0100301 0.000324425
underflow!0.00354122
pos  0.643746   0.237284   0.167313   0.903715  0.0109023 0.00354122
underflow!0.000571096
pos   0.859335    0.441299   0.0529309    0.940862   0.0137577 0.000571096
underflow!0.0022046
pos 0.619431  0.154379  0.312256  0.910857 0.0179822 0.0022046
underflow!0.00209621
pos  0.647433   0.289087   0.035526   0.793014  0.0343005 0.00209621
underflow!0.0015249
pos 0.643873  0.260303  0.145707  0.810716 0.0196689 0.0015249
underflow!0.00137667
pos  0.615316    0.28769  0.0104626   0.931593  0.0138013 0.00137667
underflow!0.000223717
pos   0.767517     0.21012  0.00788516    0.866055    0.131284 0.000223717
underflow!0.00367642
pos  0.610477   0.180704  0.0119373   0.838028  0.0682453 0.00367642
underflow!0.00151659
pos  0.742731   0.128841   0.214024   0.945181 0.00890684 0.00151659
underflow!0.000715659
pos   0.572479    0.253008   0.0326576    0.694425   0.0394403 0.000715659
underflow!0.00209727
pos  0.751413   0.341244   0.138877   0.766509   0.014293 0.00209727
underflow!0.00100358
pos  0.633888   0.220739  0.0170032   0.857548  0.0299703 0.00100358
underflow!0.000256311
pos   0.769803    0.104144  0.00532858    0.767956    0.119195 0.000256311
underflow!0.000428714
pos   0.727207    0.140873    0.199366    0.967193   0.0071804 0.000428714
underflow!0.000590657
pos   0.803722    0.164731  0.00262133    0.744176    0.416436 0.000590657
underflow!0.00262133
pos   0.803722    0.164731  0.00262133    0.744176    0.416436 0.000590657
underflow!0.00105982
pos  0.634411   0.216282 0.00919587   0.835279  0.0207963 0.00105982
underflow!0.00270605
pos    0.7267   0.246536   0.214377    0.89863  0.0122717 0.00270605
underflow!0.00227085
pos  0.686263   0.157603   0.173251   0.862869  0.0148295 0.00227085
underflow!0.00133023
pos   0.65338   0.222989  0.0345182   0.781196  0.0385483 0.00133023
underflow!0.00205269
pos  0.605036   0.315435    0.18919    0.74871  0.0146927 0.00205269
underflow!0.00136828
pos  0.727736   0.218462   0.100519   0.799112  0.0176278 0.00136828
underflow!0.00164581
pos  0.676813   0.218027  0.0157374   0.845249  0.0290339 0.00164581
underflow!0.00175132
pos  0.671789   0.170334  0.0141273   0.818925  0.0173558 0.00175132
underflow!0.00185027
pos  0.741271   0.314846  0.0505285    0.84723  0.0318377 0.00185027
underflow!0.00440468
pos  0.591719   0.357436  0.0183831   0.826619   0.015536 0.00440468
underflow!0.00466259
pos  0.661118   0.169626   0.153987   0.827346 0.00466259  0.0159042
underflow!0.00146199
pos  0.664754   0.239051  0.0813824   0.878703  0.0229543 0.00146199
underflow!0.00466371
pos  0.678039   0.367496   0.135325   0.867234    0.01602 0.00466371
underflow!0.00194274
pos  0.660991   0.152085  0.0261214   0.674137  0.0326247 0.00194274
underflow!0.00114057
pos  0.823037   0.211338   0.116878   0.922241  0.0120158 0.00114057
underflow!0.00218289
pos  0.624705   0.261817 0.00846805   0.720747   0.332654 0.00218289
underflow!0.00237951
pos  0.736848   0.299658  0.0415304   0.859119  0.0298082 0.00237951
underflow!0.00116265
pos  0.908469   0.344485  0.0313785   0.921923  0.0142473 0.00116265
underflow!0.0024884
pos 0.893361 0.0636245  0.136791  0.779934 0.0789958 0.0024884
underflow!0.00450879
pos  0.647316   0.301353   0.187355   0.796246  0.0282698 0.00450879
underflow!0.0014849
pos 0.647961  0.201652  0.017901  0.901538 0.0505915 0.0014849
underflow!0.00176202
pos  0.690129   0.157238  0.0317017   0.768868  0.0363825 0.00176202
underflow!0.00183117
pos  0.749733   0.206455  0.0225407   0.854208   0.088068 0.00183117
underflow!0.00129648
pos  0.739667   0.239736  0.0264833   0.858595   0.059609 0.00129648
underflow!0.00382274
pos  0.668507   0.168508  0.0216974   0.691474   0.055471 0.00382274
underflow!0.00244109
pos  0.787377   0.132636   0.144937   0.874977  0.0402775 0.00244109
underflow!0.00246628
pos  0.760268   0.348359   0.021599   0.757364   0.136077 0.00246628
underflow!0.00143506
pos   0.81126   0.208356    0.14956   0.913396  0.0140132 0.00143506
underflow!0.00212191
pos  0.636011   0.164166  0.0377776    0.77568   0.034925 0.00212191
underflow!0.0047068
pos  0.75018  0.317549  0.141955  0.760434 0.0201636 0.0047068
underflow!0.00110093
pos  0.569559   0.143929  0.0196297   0.883745  0.0418568 0.00110093
underflow!0.00273485
pos  0.677689   0.160376  0.0226283   0.699681  0.0979098 0.00273485
underflow!0.0038895
pos 0.755986  0.179359 0.0038895   0.78635  0.127064 0.0273326
underflow!0.00147619
pos  0.653587   0.177715  0.0374487   0.782312  0.0391949 0.00147619
underflow!0.000811802
pos   0.582258   0.0860287   0.0208676    0.871003   0.0625897 0.000811802
underflow!0.00182104
pos  0.686805   0.140598   0.043501   0.649885 0.00743182 0.00182104
underflow!0.0034342
pos 0.652363  0.201479 0.0795259  0.744699 0.0217127 0.0034342
underflow!0.00427619
pos  0.753546    0.17604  0.0982153   0.838122 0.00427619   0.131588
underflow!0.0044623
pos 0.739682  0.185923 0.0606287   0.56619 0.0716693 0.0044623
underflow!0.00428744
pos  0.765657   0.107811   0.125775    0.56304 0.00428744  0.0872014
underflow!0.00468571
pos  0.758976 0.00468571   0.116685   0.762044  0.0156997   0.037406
underflow!0.00413325
pos  0.750819 0.00413325  0.0613752   0.772176   0.157559  0.0419163
Updating Weight Matrix!
GBVEC AND COST: 0.734186 0.0308667  0.105799  0.797529  0.031818 0.0609888 0.0119205
Chkpt reached!
new weight matrix:
  0.0121401           0           0           0           0           0           0           0           0           0           0           0           0
          0  0.00872464           0           0           0           0           0           0           0           0           0           0           0
          0           0   0.0685713           0           0           0           0           0           0           0           0           0           0
          0           0           0     141.875           0           0           0           0           0           0           0           0           0
          0           0           0           0  0.00661921           0           0           0           0           0           0           0           0
          0           0           0           0           0   0.0280788           0           0           0           0           0           0           0
          0           0           0           0           0           0 1.36347e-05           0           0           0           0           0           0
          0           0           0           0           0           0           0           0           0           0           0           0           0
          0           0           0           0           0           0           0           0           0           0           0           0           0
          0           0           0           0           0           0           0           0           0           0           0           0           0
          0           0           0           0           0           0           0           0           0           0           0           0           0
          0           0           0           0           0           0           0           0           0           0           0           0           0
          0           0           0           0           0           0           0           0           0           0           0           0           0

PSO_NLt: /gpfs0/export/apps/easybuild/software/Eigen/3.3.7-GCCcore-9.3.0/include/Eigen/src/Core/DenseCoeffsBase.h:425: Eigen::DenseCoeffsBase<Derived, 1>::Scalar& Eigen::DenseCoeffsBase<Derived, 1>::operator()(Eigen::Index) [with Derived = Eigen::Matrix<double, -1, 1>; Eigen::DenseCoeffsBase<Derived, 1>::Scalar = double; Eigen::Index = long int]: Assertion `index >= 0 && index < size()' failed.
/var/spool/slurmd/job1529367/slurm_script: line 10: 1350491 Aborted                 (core dumped) ./PSO_NLt
Job Statistics for 1529367:
           JobID       User               Start                 End    Elapsed     MaxRSS   TotalCPU      State Exit        NodeList                                  ReqTRES 
---------------- ---------- ------------------- ------------------- ---------- ---------- ---------- ---------- ---- --------------- ---------------------------------------- 
         1529367   rsjxw007 2021-08-14T15:10:40 2021-08-14T15:12:50   00:02:10             02:08.620     FAILED  6:0   r1pl-hpcf-n21         billing=1,cpu=1,mem=7812M,node=1 
   1529367.batch            2021-08-14T15:10:40 2021-08-14T15:12:50   00:02:10      1.31M  02:08.619     FAILED  6:0   r1pl-hpcf-n21                                          
  1529367.extern            2021-08-14T15:10:40 2021-08-14T15:12:50   00:02:10          0  00:00.001  COMPLETED  0:0   r1pl-hpcf-n21                                          
CPU Efficiency: 99.23% of 00:02:10 core-walltime
