PSO_S_ODE_NonLinear
Using two part PSOSample Size:100 with:27 moments.
Using Record Time:38.76
Bounds for Uniform Distribution (0,1)
Blind PSO --> nParts:300 Nsteps:5
Targeted PSO --> nParts:20 Nsteps:20
mu: 80 120  85
covarMat:
 50   0   0
  0 100   0
  0   0  50

Yt:  3.82376   2.87693   2.47531  0.125707   5.47794   3.43893   49.0986   39.5763   12.9946 0.0187632   70.3053   25.2911  0.781948   9.79928  0.655994   11.2372    13.908   8.38039  0.139629   48.0963   11.3028  0.337822   21.7128    18.124  0.496214  0.473689   29.9005
seedk:0.566048  0.60772 0.950951 0.283016 0.364219 0.669856| cost:18787.7
Xt:4.13784 4.31998 1.72769 1.27248 7.32015 2.45269 51.6764 98.3442 9.36012 2.07581 163.494  18.864 4.75737 8.98582 7.44764 21.1908 12.7566 19.9711 3.85008 122.165 28.3517 3.03565 32.3669 13.2879 8.96155 4.30952 45.9492
PSO begins!
underflow!0.000339395
pos   0.872078    0.850826    0.105863    0.565445    0.359487 0.000339395
GBMAT from targeted PSO:

0.566048  0.60772 0.950951 0.283016 0.364219 0.669856  18787.7
0.566048  0.60772 0.950951 0.283016 0.364219 0.669856  18787.7
0.852911 0.279672 0.957077  0.32966  0.54957 0.304365  3885.12
0.811521 0.228441 0.365846 0.437823 0.553681 0.123797  3808.28
0.811521 0.228441 0.365846 0.437823 0.553681 0.123797  3808.28
0.799278 0.224516 0.403617 0.421459 0.571168 0.136718  3801.28

truk:  0.515996 0.0603199  0.103199  0.896801   0.05516 0.0722394
total difference b/w truk and final GBVEC0.693832

targeted PSO has started!
Updating Weight Matrix!
GBVEC AND COST:0.799278 0.224516 0.403617 0.421459 0.571168 0.136718  3801.28
Chkpt reached!
new weight matrix:
  0.0115481           0           0           0           0           0           0           0           0           0           0           0           0           0           0           0           0           0           0           0           0           0           0           0           0           0           0
          0    0.012271           0           0           0           0           0           0           0           0           0           0           0           0           0           0           0           0           0           0           0           0           0           0           0           0           0
          0           0   0.0839256           0           0           0           0           0           0           0           0           0           0           0           0           0           0           0           0           0           0           0           0           0           0           0           0
          0           0           0     2.24658           0           0           0           0           0           0           0           0           0           0           0           0           0           0           0           0           0           0           0           0           0           0           0
          0           0           0           0  0.00910523           0           0           0           0           0           0           0           0           0           0           0           0           0           0           0           0           0           0           0           0           0           0
          0           0           0           0           0   0.0175575           0           0           0           0           0           0           0           0           0           0           0           0           0           0           0           0           0           0           0           0           0
          0           0           0           0           0           0 1.24204e-05           0           0           0           0           0           0           0           0           0           0           0           0           0           0           0           0           0           0           0           0
          0           0           0           0           0           0           0 1.50662e-05           0           0           0           0           0           0           0           0           0           0           0           0           0           0           0           0           0           0           0
          0           0           0           0           0           0           0           0 0.000289744           0           0           0           0           0           0           0           0           0           0           0           0           0           0           0           0           0           0
          0           0           0           0           0           0           0           0           0    0.211747           0           0           0           0           0           0           0           0           0           0           0           0           0           0           0           0           0
          0           0           0           0           0           0           0           0           0           0 6.38642e-06           0           0           0           0           0           0           0           0           0           0           0           0           0           0           0           0
          0           0           0           0           0           0           0           0           0           0           0 8.49047e-06           0           0           0           0           0           0           0           0           0           0           0           0           0           0           0
          0           0           0           0           0           0           0           0           0           0           0           0    0.263108           0           0           0           0           0           0           0           0           0           0           0           0           0           0
          0           0           0           0           0           0           0           0           0           0           0           0           0  0.00109763           0           0           0           0           0           0           0           0           0           0           0           0           0
          0           0           0           0           0           0           0           0           0           0           0           0           0           0  0.00521585           0           0           0           0           0           0           0           0           0           0           0           0
          0           0           0           0           0           0           0           0           0           0           0           0           0           0           0 0.000573397           0           0           0           0           0           0           0           0           0           0           0
          0           0           0           0           0           0           0           0           0           0           0           0           0           0           0           0 0.000203095           0           0           0           0           0           0           0           0           0           0
          0           0           0           0           0           0           0           0           0           0           0           0           0           0           0           0           0 0.000245429           0           0           0           0           0           0           0           0           0
          0           0           0           0           0           0           0           0           0           0           0           0           0           0           0           0           0           0   0.0263655           0           0           0           0           0           0           0           0
          0           0           0           0           0           0           0           0           0           0           0           0           0           0           0           0           0           0           0 1.06133e-05           0           0           0           0           0           0           0
          0           0           0           0           0           0           0           0           0           0           0           0           0           0           0           0           0           0           0           0 3.22568e-05           0           0           0           0           0           0
          0           0           0           0           0           0           0           0           0           0           0           0           0           0           0           0           0           0           0           0           0   0.0359414           0           0           0           0           0
          0           0           0           0           0           0           0           0           0           0           0           0           0           0           0           0           0           0           0           0           0           0 7.65498e-05           0           0           0           0
          0           0           0           0           0           0           0           0           0           0           0           0           0           0           0           0           0           0           0           0           0           0           0  5.9946e-05           0           0           0
          0           0           0           0           0           0           0           0           0           0           0           0           0           0           0           0           0           0           0           0           0           0           0           0  0.00805393           0           0
          0           0           0           0           0           0           0           0           0           0           0           0           0           0           0           0           0           0           0           0           0           0           0           0           0  0.00416718           0
          0           0           0           0           0           0           0           0           0           0           0           0           0           0           0           0           0           0           0           0           0           0           0           0           0           0 1.08941e-05



new GBMAT with step:0
0.566048  0.60772 0.950951 0.283016 0.364219 0.669856  18787.7
0.566048  0.60772 0.950951 0.283016 0.364219 0.669856  18787.7
0.852911 0.279672 0.957077  0.32966  0.54957 0.304365  3885.12
0.811521 0.228441 0.365846 0.437823 0.553681 0.123797  3808.28
0.811521 0.228441 0.365846 0.437823 0.553681 0.123797  3808.28
0.799278 0.224516 0.403617 0.421459 0.571168 0.136718  3801.28
0.799278 0.224516 0.403617 0.421459 0.571168 0.136718  6.22804
0.799278 0.224516 0.403617 0.421459 0.571168 0.136718  6.22804
New PBMAT:
  0.803412   0.406753   0.388158   0.654792    0.52385  0.0423172    8.45973
  0.960518   0.155192    0.54996   0.618945   0.396421  0.0286015    11.9024
  0.955349   0.730923    0.52384   0.462713   0.410603    0.44503    2.92563
  0.718116   0.253994   0.501265    0.47768   0.620866   0.182164     5.4863
   0.80171   0.201395    0.40007   0.383942   0.594387  0.0101486    38.8865
  0.725807  0.0651672   0.222346   0.299276   0.527415  0.0229068    22.9113
  0.716907   0.345298   0.416078   0.525131   0.620586  0.0392999    15.7359
  0.871895   0.245637   0.245493   0.593713   0.360233   0.116884    1.18101
  0.946236  0.0990617   0.347094   0.368221   0.498182   0.125552    6.20383
  0.905388   0.152872   0.509415    0.54118   0.553472   0.463399    2.15545
  0.842904   0.292387   0.189703   0.444307   0.375381   0.148356    1.22275
  0.942229  0.0456046     0.7303   0.613945   0.590257 0.00155753    29.0741
  0.915499  0.0389448   0.575314   0.314642   0.554613  0.0269982    42.7045
  0.757517   0.152684   0.606975   0.154219   0.732011  0.0185996    172.122
  0.944322  0.0467677    0.44547   0.528739   0.407719   0.028626    13.3413
  0.732017   0.208534   0.263585   0.621547   0.671679  0.0237639    13.0026
  0.814681   0.228147   0.369227    0.34309   0.729749   0.114068    12.9601
   0.74443   0.266769   0.502973   0.340232   0.756107  0.0155366    60.5282
  0.970136   0.206643   0.502877   0.284529   0.688576  0.0892523    30.0293
  0.439222    0.28727   0.345824   0.537219   0.684132   0.120517    4.76607



new GBMAT with step:1
0.566048  0.60772 0.950951 0.283016 0.364219 0.669856  18787.7
0.566048  0.60772 0.950951 0.283016 0.364219 0.669856  18787.7
0.852911 0.279672 0.957077  0.32966  0.54957 0.304365  3885.12
0.811521 0.228441 0.365846 0.437823 0.553681 0.123797  3808.28
0.811521 0.228441 0.365846 0.437823 0.553681 0.123797  3808.28
0.799278 0.224516 0.403617 0.421459 0.571168 0.136718  3801.28
0.799278 0.224516 0.403617 0.421459 0.571168 0.136718  6.22804
0.799278 0.224516 0.403617 0.421459 0.571168 0.136718  6.22804
0.967169 0.674715 0.510497 0.484693 0.428425 0.410809  2.66882


new GBMAT with step:2
0.566048  0.60772 0.950951 0.283016 0.364219 0.669856  18787.7
0.566048  0.60772 0.950951 0.283016 0.364219 0.669856  18787.7
0.852911 0.279672 0.957077  0.32966  0.54957 0.304365  3885.12
0.811521 0.228441 0.365846 0.437823 0.553681 0.123797  3808.28
0.811521 0.228441 0.365846 0.437823 0.553681 0.123797  3808.28
0.799278 0.224516 0.403617 0.421459 0.571168 0.136718  3801.28
0.799278 0.224516 0.403617 0.421459 0.571168 0.136718  6.22804
0.799278 0.224516 0.403617 0.421459 0.571168 0.136718  6.22804
0.967169 0.674715 0.510497 0.484693 0.428425 0.410809  2.66882
0.928715  0.35627 0.455123 0.486676 0.468861 0.374962  2.21217


new GBMAT with step:3
0.566048  0.60772 0.950951 0.283016 0.364219 0.669856  18787.7
0.566048  0.60772 0.950951 0.283016 0.364219 0.669856  18787.7
0.852911 0.279672 0.957077  0.32966  0.54957 0.304365  3885.12
0.811521 0.228441 0.365846 0.437823 0.553681 0.123797  3808.28
0.811521 0.228441 0.365846 0.437823 0.553681 0.123797  3808.28
0.799278 0.224516 0.403617 0.421459 0.571168 0.136718  3801.28
0.799278 0.224516 0.403617 0.421459 0.571168 0.136718  6.22804
0.799278 0.224516 0.403617 0.421459 0.571168 0.136718  6.22804
0.967169 0.674715 0.510497 0.484693 0.428425 0.410809  2.66882
0.928715  0.35627 0.455123 0.486676 0.468861 0.374962  2.21217
0.954208 0.247985 0.505944 0.494104 0.347955 0.269605  2.11572


new GBMAT with step:4
0.566048  0.60772 0.950951 0.283016 0.364219 0.669856  18787.7
0.566048  0.60772 0.950951 0.283016 0.364219 0.669856  18787.7
0.852911 0.279672 0.957077  0.32966  0.54957 0.304365  3885.12
0.811521 0.228441 0.365846 0.437823 0.553681 0.123797  3808.28
0.811521 0.228441 0.365846 0.437823 0.553681 0.123797  3808.28
0.799278 0.224516 0.403617 0.421459 0.571168 0.136718  3801.28
0.799278 0.224516 0.403617 0.421459 0.571168 0.136718  6.22804
0.799278 0.224516 0.403617 0.421459 0.571168 0.136718  6.22804
0.967169 0.674715 0.510497 0.484693 0.428425 0.410809  2.66882
0.928715  0.35627 0.455123 0.486676 0.468861 0.374962  2.21217
0.954208 0.247985 0.505944 0.494104 0.347955 0.269605  2.11572
0.947611 0.284398 0.501465 0.587218 0.447549 0.326021  1.85054


new GBMAT with step:5
0.566048  0.60772 0.950951 0.283016 0.364219 0.669856  18787.7
0.566048  0.60772 0.950951 0.283016 0.364219 0.669856  18787.7
0.852911 0.279672 0.957077  0.32966  0.54957 0.304365  3885.12
0.811521 0.228441 0.365846 0.437823 0.553681 0.123797  3808.28
0.811521 0.228441 0.365846 0.437823 0.553681 0.123797  3808.28
0.799278 0.224516 0.403617 0.421459 0.571168 0.136718  3801.28
0.799278 0.224516 0.403617 0.421459 0.571168 0.136718  6.22804
0.799278 0.224516 0.403617 0.421459 0.571168 0.136718  6.22804
0.967169 0.674715 0.510497 0.484693 0.428425 0.410809  2.66882
0.928715  0.35627 0.455123 0.486676 0.468861 0.374962  2.21217
0.954208 0.247985 0.505944 0.494104 0.347955 0.269605  2.11572
0.947611 0.284398 0.501465 0.587218 0.447549 0.326021  1.85054
0.950889 0.293514 0.503916 0.599839 0.441081 0.317644  1.80425


new GBMAT with step:6
0.566048  0.60772 0.950951 0.283016 0.364219 0.669856  18787.7
0.566048  0.60772 0.950951 0.283016 0.364219 0.669856  18787.7
0.852911 0.279672 0.957077  0.32966  0.54957 0.304365  3885.12
0.811521 0.228441 0.365846 0.437823 0.553681 0.123797  3808.28
0.811521 0.228441 0.365846 0.437823 0.553681 0.123797  3808.28
0.799278 0.224516 0.403617 0.421459 0.571168 0.136718  3801.28
0.799278 0.224516 0.403617 0.421459 0.571168 0.136718  6.22804
0.799278 0.224516 0.403617 0.421459 0.571168 0.136718  6.22804
0.967169 0.674715 0.510497 0.484693 0.428425 0.410809  2.66882
0.928715  0.35627 0.455123 0.486676 0.468861 0.374962  2.21217
0.954208 0.247985 0.505944 0.494104 0.347955 0.269605  2.11572
0.947611 0.284398 0.501465 0.587218 0.447549 0.326021  1.85054
0.950889 0.293514 0.503916 0.599839 0.441081 0.317644  1.80425
0.950889 0.293514 0.503916 0.599839 0.441081 0.317644  1.80425


new GBMAT with step:7
0.566048  0.60772 0.950951 0.283016 0.364219 0.669856  18787.7
0.566048  0.60772 0.950951 0.283016 0.364219 0.669856  18787.7
0.852911 0.279672 0.957077  0.32966  0.54957 0.304365  3885.12
0.811521 0.228441 0.365846 0.437823 0.553681 0.123797  3808.28
0.811521 0.228441 0.365846 0.437823 0.553681 0.123797  3808.28
0.799278 0.224516 0.403617 0.421459 0.571168 0.136718  3801.28
0.799278 0.224516 0.403617 0.421459 0.571168 0.136718  6.22804
0.799278 0.224516 0.403617 0.421459 0.571168 0.136718  6.22804
0.967169 0.674715 0.510497 0.484693 0.428425 0.410809  2.66882
0.928715  0.35627 0.455123 0.486676 0.468861 0.374962  2.21217
0.954208 0.247985 0.505944 0.494104 0.347955 0.269605  2.11572
0.947611 0.284398 0.501465 0.587218 0.447549 0.326021  1.85054
0.950889 0.293514 0.503916 0.599839 0.441081 0.317644  1.80425
0.950889 0.293514 0.503916 0.599839 0.441081 0.317644  1.80425
0.935165 0.294366 0.443637 0.648014 0.356389 0.350941  1.23158
overflow!
