PSO_S_ODE_NonLinear
Using two part PSO Sample Size:5000 with:27 moments.
Using Record Time:10.25
Bounds for Uniform Distribution (0,1)
Blind PSO --> nParts:5 Nsteps:2
Targeted PSO --> nParts:50 Nsteps:100
sdbeta:0.1
wt:
1 0 0 0 0 0 0 0 0 0 0 0 0 0 0 0 0 0 0 0 0 0 0 0 0 0 0
0 1 0 0 0 0 0 0 0 0 0 0 0 0 0 0 0 0 0 0 0 0 0 0 0 0 0
0 0 1 0 0 0 0 0 0 0 0 0 0 0 0 0 0 0 0 0 0 0 0 0 0 0 0
0 0 0 1 0 0 0 0 0 0 0 0 0 0 0 0 0 0 0 0 0 0 0 0 0 0 0
0 0 0 0 1 0 0 0 0 0 0 0 0 0 0 0 0 0 0 0 0 0 0 0 0 0 0
0 0 0 0 0 1 0 0 0 0 0 0 0 0 0 0 0 0 0 0 0 0 0 0 0 0 0
0 0 0 0 0 0 1 0 0 0 0 0 0 0 0 0 0 0 0 0 0 0 0 0 0 0 0
0 0 0 0 0 0 0 1 0 0 0 0 0 0 0 0 0 0 0 0 0 0 0 0 0 0 0
0 0 0 0 0 0 0 0 1 0 0 0 0 0 0 0 0 0 0 0 0 0 0 0 0 0 0
0 0 0 0 0 0 0 0 0 1 0 0 0 0 0 0 0 0 0 0 0 0 0 0 0 0 0
0 0 0 0 0 0 0 0 0 0 1 0 0 0 0 0 0 0 0 0 0 0 0 0 0 0 0
0 0 0 0 0 0 0 0 0 0 0 1 0 0 0 0 0 0 0 0 0 0 0 0 0 0 0
0 0 0 0 0 0 0 0 0 0 0 0 1 0 0 0 0 0 0 0 0 0 0 0 0 0 0
0 0 0 0 0 0 0 0 0 0 0 0 0 1 0 0 0 0 0 0 0 0 0 0 0 0 0
0 0 0 0 0 0 0 0 0 0 0 0 0 0 1 0 0 0 0 0 0 0 0 0 0 0 0
0 0 0 0 0 0 0 0 0 0 0 0 0 0 0 1 0 0 0 0 0 0 0 0 0 0 0
0 0 0 0 0 0 0 0 0 0 0 0 0 0 0 0 1 0 0 0 0 0 0 0 0 0 0
0 0 0 0 0 0 0 0 0 0 0 0 0 0 0 0 0 1 0 0 0 0 0 0 0 0 0
0 0 0 0 0 0 0 0 0 0 0 0 0 0 0 0 0 0 1 0 0 0 0 0 0 0 0
0 0 0 0 0 0 0 0 0 0 0 0 0 0 0 0 0 0 0 1 0 0 0 0 0 0 0
0 0 0 0 0 0 0 0 0 0 0 0 0 0 0 0 0 0 0 0 1 0 0 0 0 0 0
0 0 0 0 0 0 0 0 0 0 0 0 0 0 0 0 0 0 0 0 0 1 0 0 0 0 0
0 0 0 0 0 0 0 0 0 0 0 0 0 0 0 0 0 0 0 0 0 0 1 0 0 0 0
0 0 0 0 0 0 0 0 0 0 0 0 0 0 0 0 0 0 0 0 0 0 0 1 0 0 0
0 0 0 0 0 0 0 0 0 0 0 0 0 0 0 0 0 0 0 0 0 0 0 0 1 0 0
0 0 0 0 0 0 0 0 0 0 0 0 0 0 0 0 0 0 0 0 0 0 0 0 0 1 0
0 0 0 0 0 0 0 0 0 0 0 0 0 0 0 0 0 0 0 0 0 0 0 0 0 0 1
mu: 80 120  85
covarMat:
 50   0   0
  0 100   0
  0   0  50

Yt:  3.47827   4.38363   2.74525  0.101254   7.23014   2.21154   48.2129   124.731   14.1333 0.0126464   173.507   9.34937  0.768099   10.3282  0.507613   11.6039   9.37188   16.8787  0.146081   141.756   12.5519  0.290201   31.3022    11.441  0.448929  0.242869   24.2358
seedk: 0.515996 0.0603199  0.103199  0.896801   0.05516 0.0722394| cost:138.832
Xt:  3.53183    4.0996   2.82025  0.103433   7.02328   2.27235   48.0362   117.557   14.8561 0.0130088   167.481   9.66517  0.788203    10.247  0.517776    11.553   9.27807   17.0792  0.145114   134.782   12.7087  0.303086   32.2384   11.9295  0.461208  0.253118   24.8913
PSO begins!
New GBMAT from blind pso!
 0.515996 0.0603199  0.103199  0.896801   0.05516 0.0722394   138.832
 0.515996 0.0603199  0.103199  0.896801   0.05516 0.0722394   138.832


New GBMAT from blind pso!
 0.515996 0.0603199  0.103199  0.896801   0.05516 0.0722394   138.832
 0.515996 0.0603199  0.103199  0.896801   0.05516 0.0722394   138.832
 0.428579 0.0588063 0.0969155  0.940165 0.0797958 0.0722394   67.6183


GBMAT from blind PSO:

 0.515996 0.0603199  0.103199  0.896801   0.05516 0.0722394   138.832
 0.515996 0.0603199  0.103199  0.896801   0.05516 0.0722394   138.832
 0.428579 0.0588063 0.0969155  0.940165 0.0797958 0.0722394   67.6183

truk:  0.515996 0.0603199  0.103199  0.896801   0.05516 0.0722394
total difference b/w truk and final GBVEC0.0101708

blind PSO FINISHED RUNNING IN 1 s TIME!
targeted PSO has started!
Updating Weight Matrix!
GBVEC AND COST: 0.428579 0.0588063 0.0969155  0.940165 0.0797958 0.0722394   67.6183
Chkpt reached!
new weight matrix:
  0.0140123           0           0           0           0           0           0           0           0           0           0           0           0           0           0           0           0           0           0           0           0           0           0           0           0           0           0
          0  0.00472528           0           0           0           0           0           0           0           0           0           0           0           0           0           0           0           0           0           0           0           0           0           0           0           0           0
          0           0   0.0725699           0           0           0           0           0           0           0           0           0           0           0           0           0           0           0           0           0           0           0           0           0           0           0           0
          0           0           0     208.362           0           0           0           0           0           0           0           0           0           0           0           0           0           0           0           0           0           0           0           0           0           0           0
          0           0           0           0  0.00405604           0           0           0           0           0           0           0           0           0           0           0           0           0           0           0           0           0           0           0           0           0           0
          0           0           0           0           0    0.117163           0           0           0           0           0           0           0           0           0           0           0           0           0           0           0           0           0           0           0           0           0
          0           0           0           0           0           0 7.74711e-06           0           0           0           0           0           0           0           0           0           0           0           0           0           0           0           0           0           0           0           0
          0           0           0           0           0           0           0 5.14366e-07           0           0           0           0           0           0           0           0           0           0           0           0           0           0           0           0           0           0           0
          0           0           0           0           0           0           0           0 0.000293662           0           0           0           0           0           0           0           0           0           0           0           0           0           0           0           0           0           0
          0           0           0           0           0           0           0           0           0     6153.58           0           0           0           0           0           0           0           0           0           0           0           0           0           0           0           0           0
          0           0           0           0           0           0           0           0           0           0  4.3406e-07           0           0           0           0           0           0           0           0           0           0           0           0           0           0           0           0
          0           0           0           0           0           0           0           0           0           0           0 0.000749327           0           0           0           0           0           0           0           0           0           0           0           0           0           0           0
          0           0           0           0           0           0           0           0           0           0           0           0      0.7376           0           0           0           0           0           0           0           0           0           0           0           0           0           0
          0           0           0           0           0           0           0           0           0           0           0           0           0 0.000472387           0           0           0           0           0           0           0           0           0           0           0           0           0
          0           0           0           0           0           0           0           0           0           0           0           0           0           0    0.558345           0           0           0           0           0           0           0           0           0           0           0           0
          0           0           0           0           0           0           0           0           0           0           0           0           0           0           0 0.000446328           0           0           0           0           0           0           0           0           0           0           0
          0           0           0           0           0           0           0           0           0           0           0           0           0           0           0           0 0.000557911           0           0           0           0           0           0           0           0           0           0
          0           0           0           0           0           0           0           0           0           0           0           0           0           0           0           0           0 0.000128523           0           0           0           0           0           0           0           0           0
          0           0           0           0           0           0           0           0           0           0           0           0           0           0           0           0           0           0     10.7207           0           0           0           0           0           0           0           0
          0           0           0           0           0           0           0           0           0           0           0           0           0           0           0           0           0           0           0 4.75154e-07           0           0           0           0           0           0           0
          0           0           0           0           0           0           0           0           0           0           0           0           0           0           0           0           0           0           0           0 0.000249369           0           0           0           0           0           0
          0           0           0           0           0           0           0           0           0           0           0           0           0           0           0           0           0           0           0           0           0     3.93037           0           0           0           0           0
          0           0           0           0           0           0           0           0           0           0           0           0           0           0           0           0           0           0           0           0           0           0 6.37123e-05           0           0           0           0
          0           0           0           0           0           0           0           0           0           0           0           0           0           0           0           0           0           0           0           0           0           0           0 0.000480157           0           0           0
          0           0           0           0           0           0           0           0           0           0           0           0           0           0           0           0           0           0           0           0           0           0           0           0      2.6399           0           0
          0           0           0           0           0           0           0           0           0           0           0           0           0           0           0           0           0           0           0           0           0           0           0           0           0     5.58485           0
          0           0           0           0           0           0           0           0           0           0           0           0           0           0           0           0           0           0           0           0           0           0           0           0           0           0 0.000119135

New PBMAT:
    0.43464  0.00739696    0.290978    0.991796   0.0408455    0.104008     19.4014
   0.455241    0.058641   0.0253187     0.78931    0.286456     0.13526     2.28882
   0.542982   0.0565107   0.0314524    0.999698    0.055919   0.0701882     3.26478
   0.579712   0.0326304    0.132375    0.978816    0.203958   0.0107929     56.4051
   0.444898    0.224734   0.0116744    0.924302  0.00193107   0.0325277     5.70744
    0.47185    0.145787     0.61133    0.939546    0.183166    0.128105     944.487
   0.294005   0.0424501   0.0466223    0.443672   0.0693669   0.0563857    0.405084
    0.31048    0.137624    0.225113    0.980397   0.0554195   0.0154085     23.4205
    0.64114   0.0637899    0.145756    0.833351    0.167319   0.0764823      27.504
   0.629401    0.136752   0.0467064    0.947916     0.33786    0.148634    0.889012
   0.477522   0.0750714   0.0372767    0.913326   0.0730565   0.0306293     2.24041
   0.404466   0.0368938   0.0144703      0.9936   0.0185068  0.00802896     4.65171
   0.452528   0.0184435   0.0576223    0.989081    0.103515   0.0479478    0.853662
   0.369761  0.00104059   0.0338493     0.99997   0.0217335  0.00428017     3.32494
   0.388874    0.224831   0.0095797     0.67146  0.00723222  0.00151086     6.02083
   0.343924    0.282745    0.116968    0.959479   0.0177749   0.0630486     3.18854
   0.387179    0.193093   0.0220367    0.999999   0.0843399   0.0276297     4.47856
   0.406675    0.302884    0.127625    0.449668   0.0155907   0.0776582     6.57346
   0.422437   0.0299197   0.0162209    0.997458    0.019069  0.00241918     4.53844
   0.604231   0.0292674   0.0503852    0.982528   0.0545164   0.0326376     1.78071
   0.435875 0.000236573   0.0605088    0.978192     0.14116    0.154009     1.14605
   0.346437   0.0450635    0.216424    0.751116   0.0254905  0.00823338     26.8267
   0.386583   0.0356347   0.0658198    0.950472   0.0729636    0.107602     1.09069
   0.301427   0.0412052    0.289536    0.891863    0.195172 6.85149e-06     1434.71
     0.3543   0.0600442   0.0502058    0.998703    0.250442  0.00082111    0.173851
   0.438309  0.00168129    0.141045    0.996733  0.00728497   0.0196194     0.82222
   0.483739     0.12716   0.0238846    0.881186  0.00451084  0.00310572     3.91936
   0.423103  0.00139079   0.0188371     0.99099 0.000102713    0.130052     4.83234
    0.61138  9.3565e-05   0.0793646     0.99369    0.128865   0.0255221     0.45389
   0.333634  0.00351536   0.0439395    0.860622   0.0136195   0.0298899     2.53161
   0.450838   0.0156477    0.120347    0.999478  0.00961388   0.0197822    0.519383
   0.478476   0.0154636    0.020526     0.97294   0.0533459   0.0777042     4.23515
   0.248086  0.00139579   0.0937407    0.783162    0.479123   0.0218429     140.744
   0.365018 0.000483167     0.25216    0.988235   0.0691674   0.0935739     21.3358
   0.368477   0.0112758   0.0435965    0.999168   0.0540566    0.261315      3.1441
   0.539453     0.02783   0.0882732    0.323701   0.0166045 5.19185e-05     11.4979
   0.412028  0.00632949   0.0512369    0.941715   0.0839953   0.0255839     1.19384
   0.576366    0.102324      0.0318     0.98897   0.0113802    0.150402     3.79461
   0.580788    0.110464   0.0201366    0.971273   0.0674568    0.231322      4.3613
   0.520255    0.190188    0.118216    0.907791    0.035626    0.194694    0.935077
   0.262745   0.0391936    0.055381    0.999424   0.0628937 0.000658241     1.18255
   0.660359   0.0335977    0.131774    0.988204  0.00481749   0.0692267    0.241096
   0.534842   0.0126653    0.102319    0.997621   0.0903765    0.124197   0.0741831
   0.387946 0.000393587    0.254692    0.982653    0.205315  0.00111454     967.706
   0.333435 0.000421049    0.210603     0.99283   0.0599222   0.0471066     15.2177
   0.548754  0.00215662    0.195296    0.997476   0.0929926  0.00359809     68.7526
     0.4891     0.13271    0.366429     0.99963   0.0406059    0.195766     23.3963
   0.508289   0.0110715    0.116775    0.865386   0.0218011   0.0585537    0.120879
   0.420011   0.0269808   0.0380073    0.954754    0.195857   0.0436191     1.28541
   0.363754    0.229955   0.0693952    0.995323  0.00883872  0.00035714     2.91362

overflow!
underflow!0.00104059
pos  0.369761 0.00104059  0.0338493    0.99997  0.0217335 0.00428017
overflow!
underflow!0.00428017
pos  0.369761 0.00104059  0.0338493    0.99997  0.0217335 0.00428017
overflow!
overflow!
underflow!0.00241918
pos  0.422437  0.0299197  0.0162209   0.997458   0.019069 0.00241918
underflow!0.00451084
pos  0.483739    0.12716  0.0238846   0.881186 0.00451084 0.00310572
underflow!0.00139079
pos   0.423103  0.00139079   0.0188371     0.99099 0.000102713    0.130052
underflow!0.000102713
pos   0.423103  0.00139079   0.0188371     0.99099 0.000102713    0.130052
underflow!0.00351536
pos  0.333634 0.00351536  0.0439395   0.860622  0.0136195  0.0298899
underflow!0.00139579
pos  0.248086 0.00139579  0.0937407   0.783162   0.479123  0.0218429
underflow!0.000483167
pos   0.365018 0.000483167     0.25216    0.988235   0.0691674   0.0935739
overflow!
underflow!5.19185e-05
pos   0.539453     0.02783   0.0882732    0.323701   0.0166045 5.19185e-05
overflow!
underflow!0.000658241
pos   0.262745   0.0391936    0.055381    0.999424   0.0628937 0.000658241
overflow!
underflow!0.00111454
pos   0.387946 0.000393587    0.254692    0.982653    0.205315  0.00111454
underflow!0.000393587
pos   0.387946 0.000393587    0.254692    0.982653    0.205315  0.00111454
underflow!0.00359809
pos  0.548754 0.00215662   0.195296   0.997476  0.0929926 0.00359809
overflow!
underflow!0.00110354
pos  0.608235 0.00110354  0.0796665   0.996162   0.128021  0.0263257
overflow!
overflow!
underflow!0.00496503
pos   0.43775 0.00496503   0.138509   0.993481 0.00910152  0.0208609
underflow!0.00456176
pos  0.392368 0.00456176   0.114289   0.987662  0.0222359  0.0197941
overflow!
underflow!0.00441269
pos  0.586108  0.0903344  0.0523829   0.939694  0.0486827 0.00441269
underflow!0.00301189
pos  0.245896 0.00301189   0.175952   0.994201  0.0526429  0.0253794
Updating Weight Matrix!
GBVEC AND COST: 0.441477 0.0598855 0.0776382  0.824879 0.0806181 0.0263531 0.0124776
Chkpt reached!
new weight matrix:
  0.0139474           0           0           0           0           0           0           0           0           0           0           0           0           0           0           0           0           0           0           0           0           0           0           0           0           0           0
          0  0.00471842           0           0           0           0           0           0           0           0           0           0           0           0           0           0           0           0           0           0           0           0           0           0           0           0           0
          0           0   0.0725347           0           0           0           0           0           0           0           0           0           0           0           0           0           0           0           0           0           0           0           0           0           0           0           0
          0           0           0     202.301           0           0           0           0           0           0           0           0           0           0           0           0           0           0           0           0           0           0           0           0           0           0           0
          0           0           0           0  0.00405291           0           0           0           0           0           0           0           0           0           0           0           0           0           0           0           0           0           0           0           0           0           0
          0           0           0           0           0    0.115992           0           0           0           0           0           0           0           0           0           0           0           0           0           0           0           0           0           0           0           0           0
          0           0           0           0           0           0  7.7232e-06           0           0           0           0           0           0           0           0           0           0           0           0           0           0           0           0           0           0           0           0
          0           0           0           0           0           0           0 5.14174e-07           0           0           0           0           0           0           0           0           0           0           0           0           0           0           0           0           0           0           0
          0           0           0           0           0           0           0           0 0.000292023           0           0           0           0           0           0           0           0           0           0           0           0           0           0           0           0           0           0
          0           0           0           0           0           0           0           0           0     5812.03           0           0           0           0           0           0           0           0           0           0           0           0           0           0           0           0           0
          0           0           0           0           0           0           0           0           0           0 4.33835e-07           0           0           0           0           0           0           0           0           0           0           0           0           0           0           0           0
          0           0           0           0           0           0           0           0           0           0           0 0.000742175           0           0           0           0           0           0           0           0           0           0           0           0           0           0           0
          0           0           0           0           0           0           0           0           0           0           0           0    0.904159           0           0           0           0           0           0           0           0           0           0           0           0           0           0
          0           0           0           0           0           0           0           0           0           0           0           0           0 0.000477586           0           0           0           0           0           0           0           0           0           0           0           0           0
          0           0           0           0           0           0           0           0           0           0           0           0           0           0    0.543054           0           0           0           0           0           0           0           0           0           0           0           0
          0           0           0           0           0           0           0           0           0           0           0           0           0           0           0 0.000452132           0           0           0           0           0           0           0           0           0           0           0
          0           0           0           0           0           0           0           0           0           0           0           0           0           0           0           0 0.000543405           0           0           0           0           0           0           0           0           0           0
          0           0           0           0           0           0           0           0           0           0           0           0           0           0           0           0           0 0.000128166           0           0           0           0           0           0           0           0           0
          0           0           0           0           0           0           0           0           0           0           0           0           0           0           0           0           0           0     10.6879           0           0           0           0           0           0           0           0
          0           0           0           0           0           0           0           0           0           0           0           0           0           0           0           0           0           0           0 4.74944e-07           0           0           0           0           0           0           0
          0           0           0           0           0           0           0           0           0           0           0           0           0           0           0           0           0           0           0           0 0.000250907           0           0           0           0           0           0
          0           0           0           0           0           0           0           0           0           0           0           0           0           0           0           0           0           0           0           0           0     3.84381           0           0           0           0           0
          0           0           0           0           0           0           0           0           0           0           0           0           0           0           0           0           0           0           0           0           0           0  6.3537e-05           0           0           0           0
          0           0           0           0           0           0           0           0           0           0           0           0           0           0           0           0           0           0           0           0           0           0           0 0.000477949           0           0           0
          0           0           0           0           0           0           0           0           0           0           0           0           0           0           0           0           0           0           0           0           0           0           0           0      2.6212           0           0
          0           0           0           0           0           0           0           0           0           0           0           0           0           0           0           0           0           0           0           0           0           0           0           0           0     5.33248           0
          0           0           0           0           0           0           0           0           0           0           0           0           0           0           0           0           0           0           0           0           0           0           0           0           0           0 0.000119715

underflow!1.95668e-06
pos   0.425349   0.0175435    0.113553     0.84074   0.0445125 1.95668e-06
underflow!0.000637293
pos   0.488511    0.160122     0.24895    0.858768   0.0268221 0.000637293
underflow!0.00134118
pos   0.264715  0.00745487  0.00134118    0.789661   0.0128852 4.11269e-12
underflow!4.11269e-12
pos   0.264715  0.00745487  0.00134118    0.789661   0.0128852 4.11269e-12
underflow!0.000119992
pos   0.355416 3.64796e-05    0.136683    0.712414    0.216977 0.000119992
underflow!3.64796e-05
pos   0.355416 3.64796e-05    0.136683    0.712414    0.216977 0.000119992
underflow!0.00109169
pos   0.229625  0.00109169   0.0817015    0.760872   0.0265485 2.95522e-11
underflow!0.000142362
pos    0.63297   0.0411466    0.141886     0.79151   0.0970486 0.000142362
underflow!1.69944e-06
pos   0.392042    0.055034   0.0467911    0.888854   0.0392044 1.69944e-06
underflow!0.00163545
pos   0.542951   0.0092508   0.0577745    0.763885  0.00163545 0.000690734
underflow!1.98127e-08
pos   0.432858 5.47303e-07   0.0120492    0.845782    0.026106 1.98127e-08
underflow!5.47303e-07
pos   0.432858 5.47303e-07   0.0120492    0.845782    0.026106 1.98127e-08
underflow!0.000248438
pos   0.217431   0.0994286    0.116977    0.733171   0.0537971 0.000248438
underflow!1.26932e-09
pos   0.434033   0.0409616   0.0443386    0.839021   0.0949846 1.26932e-09
underflow!3.7575e-22
pos  0.412648 0.00577003 0.00947901   0.814222  0.0711219 3.7575e-22
underflow!0.000532242
pos   0.444293 0.000532242    0.222873    0.863374   0.0394736  0.00108275
underflow!0.00108275
pos   0.444293 0.000532242    0.222873    0.863374   0.0394736  0.00108275
underflow!8.80982e-06
pos   0.319215    0.180518   0.0174216    0.901493  0.00475852 8.80982e-06
underflow!0.00475852
pos   0.319215    0.180518   0.0174216    0.901493  0.00475852 8.80982e-06
underflow!0.00235069
pos   0.416881 0.000213436   0.0875688    0.852647    0.120128  0.00235069
underflow!0.00284989
pos   0.442288  0.00284989    0.141772    0.940853    0.094096 0.000741153
underflow!7.1815e-05
pos  0.309089  0.0116167   0.086912   0.832614    0.08019 7.1815e-05
underflow!3.75045e-06
pos    0.45683 0.000494616  0.00183374    0.675255   0.0138924 3.75045e-06
underflow!0.000494616
pos    0.45683 0.000494616  0.00183374    0.675255   0.0138924 3.75045e-06
underflow!0.0028969
pos  0.588691 0.00260398  0.0028969   0.908521   0.117623 2.2269e-13
underflow!0.00140343
pos   0.417927   0.0391021  0.00140343    0.778913    0.211446 6.78087e-60
underflow!0.00033392
pos  0.378489   0.411233 0.00975092   0.796032    0.04333 0.00033392
underflow!0.00143721
pos  0.312308   0.177675   0.262321   0.860875  0.0258739 0.00143721
underflow!0.00047251
pos  0.514601 0.00865887   0.265793   0.915855  0.0205609 0.00047251
underflow!0.000912628
pos    0.34082   0.0141008   0.0715341    0.679214   0.0166401 0.000912628
underflow!0.00459674
pos  0.669006   0.031282 0.00459674   0.733615   0.065998     0.1775
underflow!0.00385774
pos   0.62143   0.100147   0.161047   0.943994   0.095545 0.00385774
underflow!0.00234292
pos  0.494402  0.0255853 0.00475922   0.814017   0.109391 0.00234292
underflow!0.00412206
pos  0.502943  0.0138036  0.0589394   0.772041  0.0203095 0.00412206
underflow!0.00222743
pos  0.492943  0.0394471  0.0495526    0.87288   0.247208 0.00222743
underflow!0.00354762
pos  0.275144   0.185533    0.01917   0.891194  0.0218972 0.00354762
underflow!0.0012547
pos 0.343018 0.0382041 0.0397147  0.763117  0.205217 0.0012547
underflow!0.00250631
pos  0.468504   0.069014  0.0605931   0.923148  0.0102823 0.00250631
underflow!0.00479911
pos    0.5357  0.0178153   0.232162   0.909903  0.0295761 0.00479911
underflow!0.00274012
pos  0.317976  0.0270451  0.0225908   0.864444  0.0352196 0.00274012
underflow!0.00345611
pos  0.423986  0.0143907   0.097674   0.637616   0.199618 0.00345611
underflow!0.00494882
pos  0.492863  0.0338157  0.0829794   0.815527  0.0983635 0.00494882
underflow!0.00429688
pos  0.360721  0.0256607  0.0179229   0.764297   0.204088 0.00429688
underflow!0.00315912
pos  0.392264  0.0553863   0.195777   0.840222   0.029684 0.00315912
underflow!0.00410858
pos  0.374933  0.0160657  0.0839216   0.916048  0.0636891 0.00410858
underflow!0.00363449
pos  0.355739  0.0893565  0.0479797   0.901618  0.0284106 0.00363449
underflow!0.00466085
pos  0.567459  0.0593106  0.0844929   0.879321  0.0709654 0.00466085
underflow!0.0046546
pos   0.62576 0.00878407  0.0293567   0.683398   0.151423  0.0046546
underflow!0.00420311
pos  0.396512   0.067962   0.190746   0.842833   0.031826 0.00420311
underflow!0.000975824
pos   0.525091   0.0821552   0.0763458    0.834594    0.053507 0.000975824
