PSO_S_ODE_NonLinear
Using unequal weights, not targeted PSO (yet)
using unconstrained unifdist
PSO using 27 moments.
Sample Size:10 Nparts:300 Nsteps:40
using tf:48.45
mu: 80 120  85
covarMat:
 50   0   0
  0 100   0
  0   0  50

Yt: 4.30751 0.730947  1.16397 0.374919  2.26984  8.05777  27.9967  4.73416  5.32893 0.150071  20.9589  128.963 0.346321  2.38242   1.8447  4.57344  27.4288  4.89698  0.14708  9.77822  21.2108 0.328816  10.5547  24.8733 0.625966  2.75277  48.8368
seedk:0.146151 0.872877  0.41467 0.414229 0.615208 0.638705| cost:209321
Xt: 3.16462  9.14105  1.31283 0.375686  10.8296 0.852336  18.0268  245.092  2.59383 0.205133  282.316  1.09331  11.5657  5.18316  1.87936  18.6282  3.36509  14.8376  1.76042   261.69  9.63312 0.614555   18.046    1.684  2.58011 0.398991  11.7161
PSO begins!
underflow!0.000638513
pos    0.10423    0.102898 0.000638513    0.966577   0.0884056    0.648209
GBMAT from first PSO:

 0.146151  0.872877   0.41467  0.414229  0.615208  0.638705    209321
 0.888065  0.243213   0.81631 0.0605312  0.331351  0.159678   61064.9
 0.280309  0.259588  0.675167  0.546731   0.41452 0.0748955   29341.3
 0.158304  0.128467  0.534312  0.328915  0.181895 0.0333504   10871.1
 0.838426 0.0883833  0.693037  0.785559  0.818973 0.0429283   4212.36
  0.22103  0.280482  0.774487  0.352446  0.700986   0.02068   2649.55
 0.266569  0.494394  0.708457   0.54237  0.700986   0.02068   2164.67
 0.406566  0.272501  0.922755  0.710658  0.522711 0.0438294   2066.28
 0.553334  0.490411  0.797975  0.526119  0.647333 0.0343463   2029.17
  0.39023  0.497274  0.709007  0.426396  0.397942 0.0266299   2013.42
 0.401666  0.437705  0.794188  0.547328  0.454578 0.0320715   2002.26
 0.575459  0.669435  0.706959  0.521774  0.543488 0.0282083   1995.85
 0.536466  0.625386  0.716209  0.537664  0.536131  0.028224   1988.19
 0.659494  0.548895  0.762087  0.600809  0.457758 0.0336383   1952.98
 0.659156   0.47666  0.764634  0.648906  0.637555 0.0332012   1950.51
 0.700137  0.596646  0.830618  0.634816  0.553578 0.0384006   1945.73
 0.698007  0.562767  0.815168  0.602546  0.506465 0.0373574   1941.15
 0.682585  0.438284  0.800365  0.583299  0.503992 0.0364109   1934.77
  0.72762  0.416061  0.821611  0.579828   0.44577 0.0388966   1928.71
 0.802062  0.375303  0.720897  0.662673  0.630744 0.0324121   1928.28
 0.794003  0.381946  0.723011  0.658637  0.608829 0.0318536   1926.66
 0.807721  0.414786  0.750072  0.769922  0.729175 0.0338988    1924.5
 0.759628  0.429777  0.810574  0.606535  0.496716 0.0382303   1923.85
 0.779121  0.423701  0.786052  0.672759  0.590935 0.0364747   1922.11
 0.862183  0.446083  0.785317  0.684909  0.541511 0.0369138   1917.94
 0.851449   0.44781  0.785451  0.674938  0.549746 0.0368142   1917.47
 0.838955  0.429748  0.806097  0.653699  0.563154 0.0383709   1915.75
 0.882378  0.432629   0.80214  0.691288  0.598708 0.0384287   1912.92
 0.891489  0.400768  0.791439  0.695717  0.607663 0.0372257   1912.26
 0.853155  0.346075  0.785409  0.734345  0.574101 0.0375575   1912.24
 0.912381  0.415229   0.78911  0.705463  0.599913 0.0378354    1910.1
 0.928455  0.422041  0.794846  0.692911  0.595728 0.0380718   1907.96
 0.943659  0.312091  0.779582  0.740775  0.661753 0.0376413    1904.2
 0.937864  0.318836  0.779815   0.73763  0.658552 0.0374559   1903.56
 0.934732  0.320305  0.780757  0.731624  0.655323 0.0373465   1903.38
 0.927076  0.322219  0.781655  0.736683  0.649814 0.0373609   1903.37
 0.926278  0.296069  0.785494   0.74847  0.640369 0.0376689   1901.57
 0.953017  0.312029  0.785055  0.729803  0.637715 0.0375989   1901.23
 0.953017  0.312029  0.785055  0.729803  0.637715 0.0375989   1901.23
 0.960617   0.25952  0.774818  0.753789  0.635123 0.0369733   1900.77
  0.95712  0.280427  0.772483  0.743642  0.638141 0.0368607   1900.04
 0.953151  0.273469  0.772769  0.737754  0.643577 0.0368815   1899.82
  0.95049  0.262769  0.773215  0.737326  0.642433 0.0368877   1899.77
 0.948985  0.265698  0.767018  0.738029  0.642266 0.0368404    1899.7
 0.949385  0.270147  0.767943  0.738427  0.641785 0.0368484   1899.63
 0.947779  0.274675  0.769044  0.737713  0.634286 0.0368436   1899.56
 0.960177  0.254935  0.769302   0.74807  0.636321 0.0367653   1898.58
 0.956048  0.256231  0.766968   0.73356  0.630505 0.0367947   1898.13
  0.96494  0.264094  0.768211  0.733423  0.631492 0.0368093   1898.04
  0.96993   0.26845   0.76895   0.73154   0.63191 0.0368368   1898.03
  0.96243   0.29117  0.801055  0.730085  0.624757 0.0389888    1897.7
 0.968082  0.253519  0.797107  0.729749  0.627499 0.0387363   1896.16
 0.962704  0.256256  0.791667   0.72639  0.617256 0.0386241   1896.07
 0.965654  0.259206  0.792589   0.72794  0.618862 0.0386749   1895.99
 0.964951  0.184468  0.788903  0.715855  0.623955 0.0382159   1894.74
 0.958097  0.210703  0.782323  0.722947  0.627312 0.0379734   1894.59
 0.957302  0.153198  0.781465  0.748357  0.623064  0.038131   1891.55
 0.957313  0.156919  0.781609  0.747758  0.635144 0.0381279   1891.46
 0.955762  0.162418  0.808521  0.756774  0.622926 0.0400276   1890.74

truk  0.515996  0.0603199   0.103199   0.896801    0.05516 0.00722394
total difference b/w truk and final GBVEC1.04434
underflow!1.12357e-07
pos          1    0.264191    0.973453    0.784088    0.574457 1.12357e-07
underflow!1.2412e-07
pos  0.999958   0.136684    0.68202   0.920208   0.618601 1.2412e-07
underflow!1.53328e-12
pos   0.997577    0.036982    0.676907     0.68503    0.584653 1.53328e-12
underflow!1.59655e-08
pos   0.850891   0.0549284    0.660183    0.673888    0.456024 1.59655e-08
underflow!5.1266e-07
pos  0.998574  0.0364243   0.546261    0.73455   0.551893 5.1266e-07
underflow!5.09282e-09
pos   0.998755    0.187759     0.95467    0.576229    0.377163 5.09282e-09
underflow!1.88632e-08
pos   0.999984    0.195113     0.62417    0.655165    0.653647 1.88632e-08
underflow!4.0156e-08
pos  0.999609   0.139296   0.594531    0.80096   0.711951 4.0156e-08
underflow!2.64525e-06
pos   0.999997   0.0512947    0.948185    0.767114    0.443028 2.64525e-06
underflow!3.52304e-09
pos   0.999998  0.00176964     0.93145    0.952182    0.539479 3.52304e-09
underflow!7.08714e-37
pos   0.999999    0.389677    0.855675    0.775601    0.664794 7.08714e-37
underflow!6.53465e-08
pos          1     0.41159    0.816958    0.823903    0.777759 6.53465e-08
underflow!3.59452e-15
pos    0.58194    0.306033    0.921764    0.653868      0.6645 3.59452e-15
underflow!1.71942e-17
pos          1    0.158161    0.813091    0.732937    0.593455 1.71942e-17
underflow!5.36526e-11
pos   0.921542    0.260609    0.920559    0.873743    0.722056 5.36526e-11
underflow!2.09905e-12
pos          1   0.0861901     0.87379    0.557685    0.824479 2.09905e-12
underflow!7.86487e-07
pos   0.958365  0.00373178    0.737022    0.559248    0.623112 7.86487e-07
underflow!4.53073e-05
pos   0.999948     0.22644    0.967769    0.781125    0.537479 4.53073e-05
underflow!1.02118e-11
pos   0.995438    0.208613    0.938936     0.96837    0.517114 1.02118e-11
underflow!2.42633e-12
pos    0.99751     0.32251    0.632902    0.779209    0.759481 2.42633e-12
underflow!0.000150733
pos          1   0.0806963    0.541722    0.774221    0.760272 0.000150733
underflow!1.23774e-12
pos   0.766461      0.4198    0.990229    0.504553    0.600317 1.23774e-12
underflow!0.000517735
pos   0.999515   0.0876927    0.862925    0.936848    0.599893 0.000517735
underflow!4.55027e-16
pos          1    0.298844    0.630914     0.48732    0.655863 4.55027e-16
underflow!2.19659e-15
pos   0.999982   0.0122341    0.840184    0.896354    0.563051 2.19659e-15
underflow!4.00713e-21
pos          1   0.0708155    0.939068    0.719157    0.829452 4.00713e-21
underflow!7.54876e-09
pos   0.999498    0.344327    0.938442    0.769714    0.714603 7.54876e-09
underflow!2.51013e-26
pos          1    0.360187    0.482928    0.910027    0.713438 2.51013e-26
underflow!0.000709587
pos   0.943017   0.0275436    0.801563    0.914342    0.696861 0.000709587
underflow!6.63828e-05
pos   0.999991  0.00424786    0.819799     0.46959    0.799892 6.63828e-05
underflow!4.02659e-05
pos          1   0.0469767     0.83046    0.698015     0.56443 4.02659e-05
underflow!1.4515e-05
pos         1    0.10796    0.80971   0.802022   0.738025 1.4515e-05
underflow!0.000100292
pos          1   0.0100847    0.613445    0.941217    0.464621 0.000100292
underflow!4.98882e-06
pos          1    0.320936    0.807749    0.785975    0.710387 4.98882e-06
underflow!3.18812e-08
pos          1   0.0528116    0.821602    0.967094    0.821029 3.18812e-08
underflow!0.000105997
pos          1   0.0103701    0.637402    0.784271    0.565583 0.000105997
underflow!5.27323e-05
pos   0.999807      0.3175     0.77091    0.784662    0.379591 5.27323e-05
underflow!0.000153029
pos   0.989733    0.185793    0.650861    0.944362    0.662056 0.000153029
underflow!0.000743192
pos          1    0.099812    0.860298    0.960965    0.831528 0.000743192
underflow!6.29951e-07
pos   0.997461    0.490249    0.936203    0.865691    0.529268 6.29951e-07
underflow!7.72133e-18
pos   0.932228    0.238194    0.778684    0.854911    0.284746 7.72133e-18
underflow!0.000289669
pos          1   0.0267583    0.882313    0.787646     0.85326 0.000289669
underflow!1.29561e-13
pos   0.999998   0.0065762    0.963594    0.909843    0.545437 1.29561e-13
underflow!1.37684e-06
pos   0.992552   0.0348316    0.994697     0.91133    0.393881 1.37684e-06
underflow!8.03439e-05
pos          1     0.37095    0.827391    0.967668    0.789342 8.03439e-05
underflow!1.18409e-07
pos          1    0.115436    0.767787    0.888012    0.565394 1.18409e-07
underflow!2.59197e-10
pos          1    0.255402    0.849096    0.799434    0.745767 2.59197e-10
underflow!1.50069e-13
pos   0.272708    0.412837    0.865995       0.535    0.402151 1.50069e-13
underflow!6.08328e-11
pos   0.949254   0.0131703    0.867737    0.835244    0.519286 6.08328e-11
underflow!3.34551e-16
pos          1    0.288568    0.852303    0.739591    0.833915 3.34551e-16
underflow!9.99638e-10
pos   0.999924    0.141313    0.797822     0.91684    0.770995 9.99638e-10
underflow!1.15129e-10
pos   0.999641    0.146559    0.950818    0.749205    0.768525 1.15129e-10
underflow!4.7775e-09
pos  0.998721   0.299351   0.956773   0.805974   0.805058 4.7775e-09
underflow!3.74248e-13
pos          1    0.269272    0.750892    0.650656    0.408942 3.74248e-13
underflow!3.24847e-26
pos   0.429754   0.0433251    0.621292    0.942064    0.634788 3.24847e-26
underflow!7.13107e-15
pos   0.929202   0.0102883    0.861867    0.606356    0.431665 7.13107e-15
underflow!4.16142e-06
pos   0.999528    0.294549    0.900946    0.868596    0.474942 4.16142e-06
underflow!8.34612e-30
pos   0.999983    0.149609    0.791096    0.777319    0.384681 8.34612e-30
underflow!5.47754e-22
pos   0.987768    0.177737    0.867879    0.998162    0.601522 5.47754e-22
underflow!1.18534e-10
pos   0.999433    0.120155    0.849014    0.792141    0.575769 1.18534e-10
underflow!5.02091e-22
pos   0.627495    0.296613     0.98702    0.707932    0.594046 5.02091e-22
underflow!0.000175071
pos   0.999987 0.000175071    0.724209    0.625831    0.426428   0.0529048
underflow!5.5053e-13
pos  0.931928   0.165208   0.857474   0.566484   0.392199 5.5053e-13
underflow!5.15692e-06
pos   0.999998    0.082684    0.785072    0.846876     0.54424 5.15692e-06
underflow!0.000613723
pos          1   0.0983697    0.900094    0.688699    0.524822 0.000613723
underflow!2.92984e-06
pos   0.999997    0.013953    0.918404    0.751418    0.774177 2.92984e-06
underflow!4.80354e-10
pos   0.987027    0.199772    0.945083    0.480291    0.534658 4.80354e-10
underflow!3.43258e-10
pos   0.463676   0.0238551    0.994937    0.709424    0.720172 3.43258e-10
underflow!0.000297008
pos          1   0.0591372    0.858519    0.962034      0.4584 0.000297008
underflow!1.28856e-08
pos   0.999997   0.0874581    0.842208    0.772152    0.495441 1.28856e-08
underflow!6.46418e-06
pos          1    0.257637    0.790225    0.476636    0.678714 6.46418e-06
underflow!2.98922e-39
pos   0.950835    0.162044    0.888466    0.724303    0.480943 2.98922e-39
underflow!0.000813324
pos          1    0.462965    0.680445    0.965652    0.487395 0.000813324
underflow!2.45799e-35
pos          1    0.143189    0.937208    0.835039    0.629865 2.45799e-35
underflow!3.96534e-07
pos   0.998122    0.148403    0.873327    0.824802    0.774324 3.96534e-07
underflow!0.000493615
pos   0.975785   0.0349772    0.658872    0.711272    0.593312 0.000493615
underflow!0.000431934
pos   0.999998     0.08277    0.763937    0.867825    0.446368 0.000431934
underflow!4.33291e-08
pos   0.997359    0.477976    0.819774    0.695927    0.739215 4.33291e-08
underflow!9.96568e-06
pos   0.964869    0.448483    0.962576    0.949544    0.864594 9.96568e-06
underflow!9.00666e-18
pos   0.972286   0.0932871    0.895681    0.872198     0.59101 9.00666e-18
underflow!3.80528e-14
pos   0.264572    0.083087    0.858036    0.700912    0.536407 3.80528e-14
underflow!5.09708e-13
pos   0.764904     0.25641    0.904943    0.879501    0.716774 5.09708e-13
underflow!2.44526e-08
pos   0.996614    0.177304    0.890936    0.616682    0.660665 2.44526e-08
underflow!0.000945507
pos   0.999994    0.318624    0.906694    0.784197    0.631989 0.000945507
underflow!8.74626e-19
pos          1   0.0513416    0.683192    0.690293    0.518396 8.74626e-19
underflow!9.67195e-10
pos   0.996013    0.297694    0.789992    0.659382    0.761977 9.67195e-10
underflow!3.57569e-07
pos          1   0.0661515    0.933959    0.816811    0.669425 3.57569e-07
underflow!1.4952e-13
pos         1   0.428315   0.706076   0.835891   0.601619 1.4952e-13
underflow!0.000446037
pos   0.948636   0.0407803    0.870244    0.494531     0.21345 0.000446037
underflow!0.000970308
pos   0.999767    0.296239    0.994271    0.779555    0.569512 0.000970308
underflow!0.000848759
pos   0.999796    0.313509    0.967694    0.630498    0.797944 0.000848759
underflow!0.000875727
pos   0.998829    0.549968    0.437706    0.617983    0.671118 0.000875727
underflow!0.00010752
pos  0.999871   0.148858   0.777981   0.715828   0.717682 0.00010752
underflow!0.000797526
pos   0.843242   0.0818194    0.955153    0.853457    0.466654 0.000797526
underflow!7.07168e-05
pos   0.999566  0.00584261    0.942142    0.913259    0.505359 7.07168e-05
underflow!0.000194224
pos   0.999948    0.226455    0.967606    0.781186    0.537576 0.000194224
underflow!0.000931634
pos   0.970469  0.00159523    0.837542    0.843638    0.535421 0.000931634
underflow!0.000811742
pos   0.499135 0.000811742    0.761944    0.721762     0.50557  0.00965793
underflow!0.000822752
pos   0.999986     0.32023    0.438814    0.889469    0.248904 0.000822752
GBMAT after targeted PSO:
 0.146151  0.872877   0.41467  0.414229  0.615208  0.638705    209321
 0.888065  0.243213   0.81631 0.0605312  0.331351  0.159678   61064.9
 0.280309  0.259588  0.675167  0.546731   0.41452 0.0748955   29341.3
 0.158304  0.128467  0.534312  0.328915  0.181895 0.0333504   10871.1
 0.838426 0.0883833  0.693037  0.785559  0.818973 0.0429283   4212.36
  0.22103  0.280482  0.774487  0.352446  0.700986   0.02068   2649.55
 0.266569  0.494394  0.708457   0.54237  0.700986   0.02068   2164.67
 0.406566  0.272501  0.922755  0.710658  0.522711 0.0438294   2066.28
 0.553334  0.490411  0.797975  0.526119  0.647333 0.0343463   2029.17
  0.39023  0.497274  0.709007  0.426396  0.397942 0.0266299   2013.42
 0.401666  0.437705  0.794188  0.547328  0.454578 0.0320715   2002.26
 0.575459  0.669435  0.706959  0.521774  0.543488 0.0282083   1995.85
 0.536466  0.625386  0.716209  0.537664  0.536131  0.028224   1988.19
 0.659494  0.548895  0.762087  0.600809  0.457758 0.0336383   1952.98
 0.659156   0.47666  0.764634  0.648906  0.637555 0.0332012   1950.51
 0.700137  0.596646  0.830618  0.634816  0.553578 0.0384006   1945.73
 0.698007  0.562767  0.815168  0.602546  0.506465 0.0373574   1941.15
 0.682585  0.438284  0.800365  0.583299  0.503992 0.0364109   1934.77
  0.72762  0.416061  0.821611  0.579828   0.44577 0.0388966   1928.71
 0.802062  0.375303  0.720897  0.662673  0.630744 0.0324121   1928.28
 0.794003  0.381946  0.723011  0.658637  0.608829 0.0318536   1926.66
 0.807721  0.414786  0.750072  0.769922  0.729175 0.0338988    1924.5
 0.759628  0.429777  0.810574  0.606535  0.496716 0.0382303   1923.85
 0.779121  0.423701  0.786052  0.672759  0.590935 0.0364747   1922.11
 0.862183  0.446083  0.785317  0.684909  0.541511 0.0369138   1917.94
 0.851449   0.44781  0.785451  0.674938  0.549746 0.0368142   1917.47
 0.838955  0.429748  0.806097  0.653699  0.563154 0.0383709   1915.75
 0.882378  0.432629   0.80214  0.691288  0.598708 0.0384287   1912.92
 0.891489  0.400768  0.791439  0.695717  0.607663 0.0372257   1912.26
 0.853155  0.346075  0.785409  0.734345  0.574101 0.0375575   1912.24
 0.912381  0.415229   0.78911  0.705463  0.599913 0.0378354    1910.1
 0.928455  0.422041  0.794846  0.692911  0.595728 0.0380718   1907.96
 0.943659  0.312091  0.779582  0.740775  0.661753 0.0376413    1904.2
 0.937864  0.318836  0.779815   0.73763  0.658552 0.0374559   1903.56
 0.934732  0.320305  0.780757  0.731624  0.655323 0.0373465   1903.38
 0.927076  0.322219  0.781655  0.736683  0.649814 0.0373609   1903.37
 0.926278  0.296069  0.785494   0.74847  0.640369 0.0376689   1901.57
 0.953017  0.312029  0.785055  0.729803  0.637715 0.0375989   1901.23
 0.953017  0.312029  0.785055  0.729803  0.637715 0.0375989   1901.23
 0.960617   0.25952  0.774818  0.753789  0.635123 0.0369733   1900.77
  0.95712  0.280427  0.772483  0.743642  0.638141 0.0368607   1900.04
 0.953151  0.273469  0.772769  0.737754  0.643577 0.0368815   1899.82
  0.95049  0.262769  0.773215  0.737326  0.642433 0.0368877   1899.77
 0.948985  0.265698  0.767018  0.738029  0.642266 0.0368404    1899.7
 0.949385  0.270147  0.767943  0.738427  0.641785 0.0368484   1899.63
 0.947779  0.274675  0.769044  0.737713  0.634286 0.0368436   1899.56
 0.960177  0.254935  0.769302   0.74807  0.636321 0.0367653   1898.58
 0.956048  0.256231  0.766968   0.73356  0.630505 0.0367947   1898.13
  0.96494  0.264094  0.768211  0.733423  0.631492 0.0368093   1898.04
  0.96993   0.26845   0.76895   0.73154   0.63191 0.0368368   1898.03
  0.96243   0.29117  0.801055  0.730085  0.624757 0.0389888    1897.7
 0.968082  0.253519  0.797107  0.729749  0.627499 0.0387363   1896.16
 0.962704  0.256256  0.791667   0.72639  0.617256 0.0386241   1896.07
 0.965654  0.259206  0.792589   0.72794  0.618862 0.0386749   1895.99
 0.964951  0.184468  0.788903  0.715855  0.623955 0.0382159   1894.74
 0.958097  0.210703  0.782323  0.722947  0.627312 0.0379734   1894.59
 0.957302  0.153198  0.781465  0.748357  0.623064  0.038131   1891.55
 0.957313  0.156919  0.781609  0.747758  0.635144 0.0381279   1891.46
 0.955762  0.162418  0.808521  0.756774  0.622926 0.0400276   1890.74
 0.955762  0.162418  0.808521  0.756774  0.622926 0.0400276   31.1855
 0.997143 0.0494442  0.965459  0.728527  0.513848 0.0118923   6.27502
 0.932378  0.247483  0.763265   0.91883  0.458885 0.0110287   5.98264
  0.99139  0.101202  0.740341  0.902527  0.546614  0.714545   5.94602
 0.999783  0.247345  0.751819  0.861647  0.664907  0.238222   5.87252
  0.99423 0.0627169  0.814601  0.409177 0.0746529 0.0154165   5.13142
 0.999239 0.0265437  0.329352  0.732143  0.311991  0.160669   3.71069
 0.999757 0.0427078  0.438328  0.823943  0.162639 0.0514183   3.46164
  0.99992 0.0427078  0.537737  0.823943  0.129932 0.0514183   3.23642
 0.999895 0.0238332  0.432195  0.875866  0.172954 0.0560484    3.1869
 0.999865  0.261465  0.185453   0.77452  0.190256 0.0628589   2.32387
 0.999946  0.107517  0.276651  0.854212  0.147804 0.0548077   1.72631
 0.999984 0.0318819  0.311652  0.781693 0.0447573 0.0132856   1.54436
 0.999971 0.0499342  0.184111  0.940611 0.0868221 0.0225102  0.891861
 0.999991  0.077334  0.194343  0.798496 0.0625497 0.0157028  0.815316
 0.999949 0.0971503  0.284237  0.826384 0.0396993  0.028694  0.734993
 0.999969 0.0950315  0.235163  0.788093 0.0499291  0.021869  0.694628
 0.999946 0.0734032  0.247028  0.786862 0.0448238 0.0229645  0.684652
 0.999972 0.0686814  0.256478  0.759701  0.041182 0.0217507   0.67382
 0.999972 0.0719061  0.270792  0.771091 0.0376779 0.0229838  0.666276
 0.999978 0.0700419  0.298058  0.750708 0.0398238  0.028359  0.648599
 0.999977 0.0760784  0.287635  0.749456 0.0388374 0.0265671  0.646382
 0.999977 0.0734216  0.287149  0.748601 0.0374068 0.0267787  0.644694
 0.999976 0.0625524  0.296631  0.781721 0.0399628 0.0278038  0.640059
 0.999978 0.0963504  0.313091   0.71772 0.0333353 0.0303019  0.636489
 0.999962 0.0980813   0.31262  0.718826 0.0331945 0.0298509  0.635779
 0.999987  0.063659  0.311119  0.849365 0.0430244 0.0289902  0.633533
 0.999993  0.072665  0.324949   0.82153 0.0416486 0.0312047  0.630745
 0.999655  0.065957  0.325359  0.821396 0.0401955  0.030123  0.630538
 0.999842    0.0701  0.321457  0.816732 0.0395016 0.0302066  0.630258
 0.999863  0.071402  0.323293  0.813355 0.0393985 0.0300758  0.630159
 0.999896  0.071402  0.323293  0.813355 0.0393985 0.0300758  0.630159
 0.999881 0.0649878  0.324716   0.81877 0.0394816 0.0302574   0.62948
 0.999908 0.0651347  0.338681  0.810935 0.0381796 0.0310937  0.629187
 0.999901 0.0671459  0.331121  0.811535 0.0382908 0.0305519  0.628763
 0.999917 0.0665043   0.33953  0.812344  0.036686 0.0327413  0.628416
  0.99991 0.0593147  0.332766  0.814177 0.0378287 0.0310873  0.627261
 0.999946 0.0376195  0.336051  0.813287 0.0372737 0.0318906  0.625827
 0.999948 0.0462971  0.353928  0.823748 0.0354784  0.033168  0.623925
 0.999936  0.050997  0.360622  0.791671  0.034353 0.0353712  0.621924
 0.999932 0.0497047  0.374821  0.806999 0.0324601 0.0346622   0.62085
 0.999933 0.0500382  0.380349  0.796003 0.0317443 0.0348452  0.620242
  0.99974 0.0463764  0.385855   0.78675 0.0322851 0.0370441  0.619584
 0.999819 0.0445906  0.373757  0.801892 0.0334898 0.0353613  0.619061
 0.999827 0.0445906  0.373757  0.801892 0.0334898 0.0353613  0.619061
 0.999851 0.0424316  0.372538  0.797217 0.0333967 0.0356678  0.618984
 0.999855 0.0394502  0.388928  0.802203 0.0309151 0.0370576  0.618382
 0.999863 0.0423407  0.390949  0.801159 0.0312124 0.0368805  0.617348
 0.999875 0.0373984  0.384958  0.803979 0.0321045 0.0367832  0.617299
 0.999917 0.0259829  0.382282  0.804255 0.0321147 0.0361559  0.616968
  0.99991 0.0255129  0.387985  0.809321 0.0320602 0.0362361  0.616759
  0.99991 0.0251672  0.387985  0.809321 0.0320602 0.0371048  0.616108
 0.999911 0.0260167  0.411239  0.799172 0.0287539 0.0380688  0.615254
 0.999919 0.0199591  0.421584  0.820063 0.0294586 0.0384384  0.614884
 0.999917 0.0196933  0.416337  0.816258 0.0295573 0.0392823  0.614271
 0.999917 0.0187965  0.415199  0.814845 0.0295809 0.0390558  0.614102
 0.999915 0.0202223  0.413521  0.822408 0.0308103 0.0385197  0.614018
 0.999926 0.0175762  0.414523  0.819544 0.0302926 0.0385315  0.613928
 0.999923 0.0189257  0.422087  0.817364 0.0296629  0.039382  0.613367
CODE FINISHED RUNNING IN 13 s TIME!
Job Statistics for 1520229:
           JobID       User               Start                 End    Elapsed     MaxRSS   TotalCPU      State Exit        NodeList                                  ReqTRES 
---------------- ---------- ------------------- ------------------- ---------- ---------- ---------- ---------- ---- --------------- ---------------------------------------- 
         1520229   rsjxw007 2021-08-02T13:55:01 2021-08-02T13:55:15   00:00:14             00:13.282  COMPLETED  0:0   r1pl-hpcf-n21         billing=1,cpu=1,mem=7812M,node=1 
   1520229.batch            2021-08-02T13:55:01 2021-08-02T13:55:15   00:00:14          0  00:13.281  COMPLETED  0:0   r1pl-hpcf-n21                                          
  1520229.extern            2021-08-02T13:55:01 2021-08-02T13:55:15   00:00:14          0  00:00.001  COMPLETED  0:0   r1pl-hpcf-n21                                          
CPU Efficiency: 92.86% of 00:00:14 core-walltime
