PSO_S_ODE_NonLinear
Using two part PSO Sample Size:25000 with:27 moments.
Using Record Time:48.45
Bounds for Uniform Distribution (0,1)
Blind PSO --> nParts:3000 Nsteps:20
Targeted PSO --> nParts:60 Nsteps:1000
sdbeta:0.1
wt:
1 0 0 0 0 0 0 0 0 0 0 0 0 0 0 0 0 0 0 0 0 0 0 0 0 0 0
0 1 0 0 0 0 0 0 0 0 0 0 0 0 0 0 0 0 0 0 0 0 0 0 0 0 0
0 0 1 0 0 0 0 0 0 0 0 0 0 0 0 0 0 0 0 0 0 0 0 0 0 0 0
0 0 0 1 0 0 0 0 0 0 0 0 0 0 0 0 0 0 0 0 0 0 0 0 0 0 0
0 0 0 0 1 0 0 0 0 0 0 0 0 0 0 0 0 0 0 0 0 0 0 0 0 0 0
0 0 0 0 0 1 0 0 0 0 0 0 0 0 0 0 0 0 0 0 0 0 0 0 0 0 0
0 0 0 0 0 0 1 0 0 0 0 0 0 0 0 0 0 0 0 0 0 0 0 0 0 0 0
0 0 0 0 0 0 0 1 0 0 0 0 0 0 0 0 0 0 0 0 0 0 0 0 0 0 0
0 0 0 0 0 0 0 0 1 0 0 0 0 0 0 0 0 0 0 0 0 0 0 0 0 0 0
0 0 0 0 0 0 0 0 0 1 0 0 0 0 0 0 0 0 0 0 0 0 0 0 0 0 0
0 0 0 0 0 0 0 0 0 0 1 0 0 0 0 0 0 0 0 0 0 0 0 0 0 0 0
0 0 0 0 0 0 0 0 0 0 0 1 0 0 0 0 0 0 0 0 0 0 0 0 0 0 0
0 0 0 0 0 0 0 0 0 0 0 0 0 0 0 0 0 0 0 0 0 0 0 0 0 0 0
0 0 0 0 0 0 0 0 0 0 0 0 0 0 0 0 0 0 0 0 0 0 0 0 0 0 0
0 0 0 0 0 0 0 0 0 0 0 0 0 0 0 0 0 0 0 0 0 0 0 0 0 0 0
0 0 0 0 0 0 0 0 0 0 0 0 0 0 0 0 0 0 0 0 0 0 0 0 0 0 0
0 0 0 0 0 0 0 0 0 0 0 0 0 0 0 0 0 0 0 0 0 0 0 0 0 0 0
0 0 0 0 0 0 0 0 0 0 0 0 0 0 0 0 0 0 0 0 0 0 0 0 0 0 0
0 0 0 0 0 0 0 0 0 0 0 0 0 0 0 0 0 0 0 0 0 0 0 0 0 0 0
0 0 0 0 0 0 0 0 0 0 0 0 0 0 0 0 0 0 0 0 0 0 0 0 0 0 0
0 0 0 0 0 0 0 0 0 0 0 0 0 0 0 0 0 0 0 0 0 0 0 0 0 0 0
0 0 0 0 0 0 0 0 0 0 0 0 0 0 0 0 0 0 0 0 0 0 0 0 0 0 0
0 0 0 0 0 0 0 0 0 0 0 0 0 0 0 0 0 0 0 0 0 0 0 0 0 0 0
0 0 0 0 0 0 0 0 0 0 0 0 0 0 0 0 0 0 0 0 0 0 0 0 0 0 0
0 0 0 0 0 0 0 0 0 0 0 0 0 0 0 0 0 0 0 0 0 0 0 0 0 0 0
0 0 0 0 0 0 0 0 0 0 0 0 0 0 0 0 0 0 0 0 0 0 0 0 0 0 0
0 0 0 0 0 0 0 0 0 0 0 0 0 0 0 0 0 0 0 0 0 0 0 0 0 0 0
mu: 80 120  85
covarMat:
 50   0   0
  0 100   0
  0   0  50

Yt: 3.99672  3.44981  2.34885 0.128483  5.92715  3.31439  55.4172  98.0831  10.5164 0.019367  134.721  20.9019 0.743675  10.0009  0.68049  11.4251   14.265  12.5962 0.142682  110.822  17.4802 0.312053  23.4247  14.8249 0.474102 0.442573  32.7477
XtA: 4.03467  3.42738  2.37761 0.129287  5.93428  3.35524   57.885  101.012  10.9256 0.019548  138.526  21.6954 0.752775  9.95484 0.687282  11.3949  14.1986  12.8237 0.142566  113.979  17.7969 0.317811  24.0671  15.3947 0.479925 0.450721  33.6423
seedk:0.0620692  0.767783  0.271571  0.236668  0.930613  0.177809| cost:2570.34
Xt: 5.38943  5.74955  1.02285 0.957516  7.72992   1.5596  70.8522   127.84  2.99986  1.24127   169.06  6.99327  17.1267  7.43414  7.71483  32.2757  11.3466  12.4259  4.63689  144.902  18.9682  1.42695  16.8527  4.58027   7.3051  2.17762  25.7261
PSO begins!
overflow!
overflow!
overflow!
overflow!
overflow!
overflow!
overflow!
underflow!0.0037497
pos 0.423427  0.397083  0.215843  0.159877  0.727207 0.0037497
overflow!
underflow!0.000868543
pos   0.376067    0.969241    0.781765 0.000868543    0.563236    0.802623
underflow!0.000384415
pos0.000384415    0.680364    0.488768    0.629832    0.193314    0.499176
underflow!0.00172678
pos  0.648387 0.00172678   0.194758   0.678697   0.360469  0.0723089
overflow!
overflow!
overflow!
underflow!0.00122141
pos  0.411085   0.459195   0.345705 0.00122141   0.905131   0.816134
overflow!
overflow!
underflow!0.00139579
pos  0.933631   0.152745  0.0238959    0.59863   0.767275 0.00139579
underflow!0.000634943
pos   0.439681 0.000634943    0.987006     0.36552     0.12959    0.743631
underflow!0.00292042
pos  0.902531 0.00292042   0.495092  0.0228227   0.800411    0.79475
underflow!0.00339034
pos  0.103695   0.754939   0.960962   0.307135 0.00339034   0.161068
underflow!0.00350273
pos   0.40287   0.588469   0.433676    0.25541   0.847586 0.00350273
underflow!0.00155756
pos  0.702407   0.915138   0.269202 0.00155756   0.806946   0.150876
overflow!
underflow!0.00298865
pos  0.943316   0.890851   0.905576 0.00298865   0.699944  0.0149461
underflow!0.00231656
pos  0.488487   0.762444   0.708416   0.743266 0.00231656   0.135987
underflow!0.000931462
pos   0.119231     0.74206    0.626364    0.350906 0.000931462    0.162226
overflow!
overflow!
overflow!
overflow!
underflow!0.000860926
pos   0.617449    0.100551    0.742536    0.176783   0.0727355 0.000860926
underflow!0.00217189
pos  0.157238   0.673421   0.575845 0.00217189   0.993952     0.7568
overflow!
underflow!0.00189488
pos 0.0150037   0.918451   0.457866   0.547279 0.00189488    0.08823
overflow!
overflow!
overflow!
underflow!0.00371451
pos  0.189274   0.019434    0.10026 0.00371451   0.137058   0.517946
underflow!0.00102096
pos  0.189285    0.28191   0.912061 0.00102096   0.717912   0.820501
underflow!0.00487045
pos  0.611924   0.954004 0.00487045   0.479535   0.429163   0.998793
overflow!
underflow!0.00391186
pos  0.878773   0.716326 0.00391186   0.809065 0.00076681   0.735328
underflow!0.00076681
pos  0.878773   0.716326 0.00391186   0.809065 0.00076681   0.735328
overflow!
overflow!
underflow!0.00165577
pos  0.267808   0.420376 0.00165577   0.477829   0.118563   0.689695
underflow!0.00326348
pos0.00326348   0.981828    0.49633   0.947544   0.664374   0.588576
underflow!0.00122763
pos 0.0874786 0.00122763   0.776009   0.525955    0.62723    0.37407
overflow!
overflow!
overflow!
overflow!
overflow!
underflow!0.000459726
pos   0.906298    0.475389    0.738072 0.000459726    0.826384    0.417413
overflow!
underflow!0.00267715
pos0.00267715   0.819313   0.303391   0.917399   0.761349   0.871766
overflow!
underflow!0.00170952
pos  0.297452   0.907115   0.968493 0.00170952   0.890348   0.389296
overflow!
underflow!0.0029105
pos 0.506905  0.601406 0.0029105  0.666394   0.70029  0.403668
overflow!
underflow!0.00487112
pos  0.448715 0.00487112   0.913108   0.919079   0.281479   0.602422
underflow!0.00240895
pos  0.144399   0.486732 0.00240895   0.700076   0.337092  0.0813906
underflow!0.00317934
pos 0.0771869   0.300557    0.58606 0.00317934   0.584335   0.999925
overflow!
overflow!
underflow!0.00140331
pos0.00140331   0.708747    0.75275   0.917619   0.273092   0.154225
overflow!
underflow!0.00469675
pos  0.267841   0.452986   0.378737   0.404213 0.00469675   0.473757
overflow!
overflow!
underflow!0.00469815
pos0.00469815   0.549871   0.732466    0.78372   0.946671   0.331083
overflow!
overflow!
overflow!
underflow!0.00145607
pos  0.391249   0.925737 0.00145607   0.916537   0.925433   0.468135
overflow!
overflow!
underflow!0.00445643
pos  0.704197   0.115741   0.453522   0.865425   0.550238 0.00445643
underflow!0.00270511
pos  0.942989   0.252694 0.00270511   0.226364   0.902059   0.882316
underflow!0.00466457
pos 0.0279737   0.280041 0.00466457   0.649228    0.22018   0.789969
underflow!0.00195762
pos 0.0471629   0.351289 0.00496923  0.0970409 0.00195762   0.512551
