PSO_S_ODE_NonLinear
Using two part PSO Sample Size:25000 with:27 moments.
Using Record Time:48.45
Bounds for Uniform Distribution (0,1)
Blind PSO --> nParts:3000 Nsteps:20
Targeted PSO --> nParts:60 Nsteps:1000
sdbeta:0.1
wt:
1 0 0 0 0 0 0 0 0 0 0 0 0 0 0 0 0 0 0 0 0 0 0 0 0 0 0
0 1 0 0 0 0 0 0 0 0 0 0 0 0 0 0 0 0 0 0 0 0 0 0 0 0 0
0 0 1 0 0 0 0 0 0 0 0 0 0 0 0 0 0 0 0 0 0 0 0 0 0 0 0
0 0 0 1 0 0 0 0 0 0 0 0 0 0 0 0 0 0 0 0 0 0 0 0 0 0 0
0 0 0 0 1 0 0 0 0 0 0 0 0 0 0 0 0 0 0 0 0 0 0 0 0 0 0
0 0 0 0 0 1 0 0 0 0 0 0 0 0 0 0 0 0 0 0 0 0 0 0 0 0 0
0 0 0 0 0 0 1 0 0 0 0 0 0 0 0 0 0 0 0 0 0 0 0 0 0 0 0
0 0 0 0 0 0 0 1 0 0 0 0 0 0 0 0 0 0 0 0 0 0 0 0 0 0 0
0 0 0 0 0 0 0 0 1 0 0 0 0 0 0 0 0 0 0 0 0 0 0 0 0 0 0
0 0 0 0 0 0 0 0 0 1 0 0 0 0 0 0 0 0 0 0 0 0 0 0 0 0 0
0 0 0 0 0 0 0 0 0 0 1 0 0 0 0 0 0 0 0 0 0 0 0 0 0 0 0
0 0 0 0 0 0 0 0 0 0 0 1 0 0 0 0 0 0 0 0 0 0 0 0 0 0 0
0 0 0 0 0 0 0 0 0 0 0 0 1 0 0 0 0 0 0 0 0 0 0 0 0 0 0
0 0 0 0 0 0 0 0 0 0 0 0 0 1 0 0 0 0 0 0 0 0 0 0 0 0 0
0 0 0 0 0 0 0 0 0 0 0 0 0 0 1 0 0 0 0 0 0 0 0 0 0 0 0
0 0 0 0 0 0 0 0 0 0 0 0 0 0 0 1 0 0 0 0 0 0 0 0 0 0 0
0 0 0 0 0 0 0 0 0 0 0 0 0 0 0 0 1 0 0 0 0 0 0 0 0 0 0
0 0 0 0 0 0 0 0 0 0 0 0 0 0 0 0 0 1 0 0 0 0 0 0 0 0 0
0 0 0 0 0 0 0 0 0 0 0 0 0 0 0 0 0 0 1 0 0 0 0 0 0 0 0
0 0 0 0 0 0 0 0 0 0 0 0 0 0 0 0 0 0 0 1 0 0 0 0 0 0 0
0 0 0 0 0 0 0 0 0 0 0 0 0 0 0 0 0 0 0 0 1 0 0 0 0 0 0
0 0 0 0 0 0 0 0 0 0 0 0 0 0 0 0 0 0 0 0 0 1 0 0 0 0 0
0 0 0 0 0 0 0 0 0 0 0 0 0 0 0 0 0 0 0 0 0 0 1 0 0 0 0
0 0 0 0 0 0 0 0 0 0 0 0 0 0 0 0 0 0 0 0 0 0 0 1 0 0 0
0 0 0 0 0 0 0 0 0 0 0 0 0 0 0 0 0 0 0 0 0 0 0 0 1 0 0
0 0 0 0 0 0 0 0 0 0 0 0 0 0 0 0 0 0 0 0 0 0 0 0 0 1 0
0 0 0 0 0 0 0 0 0 0 0 0 0 0 0 0 0 0 0 0 0 0 0 0 0 0 1
mu: 80 120  85
covarMat:
 50   0   0
  0 100   0
  0   0  50

Yt: 3.99672  3.44981  2.34885 0.128483  5.92715  3.31439  55.4172  98.0831  10.5164 0.019367  134.721  20.9019 0.743675  10.0009  0.68049  11.4251   14.265  12.5962 0.142682  110.822  17.4802 0.312053  23.4247  14.8249 0.474102 0.442573  32.7477
XtA: 4.03467  3.42738  2.37761 0.129287  5.93428  3.35524   57.885  101.012  10.9256 0.019548  138.526  21.6954 0.752775  9.95484 0.687282  11.3949  14.1986  12.8237 0.142566  113.979  17.7969 0.317811  24.0671  15.3947 0.479925 0.450721  33.6423
seedk:0.653051 0.439027 0.391246 0.998959 0.197536 0.276111| cost:190.64
Xt: 4.30574  3.88274  2.10654 0.315286  6.30457  2.98495  59.6647  103.493  9.11873 0.118663  142.603  18.3091  2.67821  9.96846  1.86401  14.5107  14.1252  13.6397  0.55683   117.69  19.3273 0.739793  23.4983  12.9211  1.41529  1.04828  33.2968
PSO begins!
overflow!
overflow!
underflow!0.00334666
pos 0.0436344   0.312358   0.186927   0.830555   0.851961 0.00334666
underflow!0.000351554
pos   0.564927 0.000351554     0.74565    0.262054    0.620209    0.367356
underflow!0.000161711
pos   0.753031  0.00175832   0.0324812    0.562586    0.464593 0.000161711
underflow!0.00186776
pos  0.751668   0.707558   0.129197 0.00186776   0.370831   0.428102
overflow!
underflow!0.000931
pos0.0981967  0.000931  0.628295  0.553154  0.580313  0.727195
underflow!0.000925992
pos   0.657704 0.000925992    0.513691     0.44157    0.354267    0.562907
overflow!
underflow!0.000293226
pos   0.581348    0.216229    0.566726    0.954696    0.236924 0.000293226
overflow!
overflow!
underflow!0.00430106
pos  0.724642   0.646633 0.00430106   0.843543   0.402792   0.957988
overflow!
overflow!
underflow!0.0022246
pos0.0599291 0.0439011  0.469728 0.0022246  0.135865  0.630711
overflow!
underflow!0.00432972
pos  0.707119   0.641241   0.517021   0.547855 0.00432972   0.117709
overflow!
underflow!0.00418815
pos0.00418815   0.345109   0.472911   0.888166   0.889711   0.423117
underflow!0.000878389
pos   0.892694     0.91558 0.000878389    0.843238    0.237689    0.351109
overflow!
underflow!0.00134155
pos  0.777787   0.725289   0.490467   0.859352   0.547695 0.00134155
underflow!0.00403738
pos  0.824429   0.258689 0.00403738   0.350446    0.76712   0.615036
overflow!
overflow!
underflow!0.00291457
pos0.00291457   0.029821   0.241169   0.393475   0.803476   0.891218
underflow!0.000815531
pos   0.106543    0.527419     0.86449 0.000815531    0.412255    0.603407
overflow!
underflow!0.00179997
pos   0.56161   0.622688   0.274695 0.00179997     0.8559   0.239824
overflow!
overflow!
underflow!0.0047576
pos 0.462181  0.133506  0.727938  0.166827  0.680482 0.0047576
overflow!
underflow!0.00196308
pos 0.0988738   0.217453   0.312882 0.00196308   0.505828   0.337351
overflow!
underflow!0.00310329
pos 0.0908483   0.883782 0.00310329   0.346162   0.492018   0.419152
overflow!
underflow!0.00199684
pos0.00199684   0.887081   0.721734    0.87074   0.522032   0.409952
overflow!
underflow!0.00101314
pos  0.368309   0.535977   0.384379   0.531339 0.00101314   0.850025
overflow!
overflow!
overflow!
overflow!
overflow!
overflow!
underflow!0.00379966
pos 0.0326602  0.0218648   0.663483 0.00379966   0.276402   0.238817
underflow!0.00250268
pos  0.206707   0.773603   0.628754    0.11058 0.00250268   0.331763
overflow!
underflow!0.0039513
pos 0.840278 0.0015425  0.716812   0.43178 0.0039513  0.888579
underflow!0.0015425
pos 0.840278 0.0015425  0.716812   0.43178 0.0039513  0.888579
underflow!0.0033046
pos 0.077198  0.102686  0.458925 0.0033046  0.163982  0.292737
underflow!0.00258046
pos  0.909201   0.855527  0.0209317    0.23663   0.344993 0.00258046
overflow!
overflow!
overflow!
underflow!0.00467296
pos  0.774995    0.61786   0.324647   0.551986   0.955883 0.00467296
overflow!
overflow!
underflow!0.00411797
pos  0.815002   0.523868 0.00411797   0.981216  0.0131454   0.429075
overflow!
underflow!0.00284443
pos0.00284443    0.91705   0.183539   0.868396   0.804024   0.830191
overflow!
underflow!0.000693654
pos    0.43062    0.369668 0.000693654    0.108203    0.137036    0.862062
overflow!
underflow!0.00442953
pos  0.260274   0.355764   0.219009   0.209522   0.418133 0.00442953
overflow!
underflow!0.00326912
pos  0.884585   0.937303   0.255507 0.00326912   0.390552   0.111945
overflow!
underflow!0.0040569
pos0.0040569  0.850927  0.168089  0.628307  0.867004  0.845952
overflow!
underflow!0.00109462
pos   0.32917   0.303846 0.00109462   0.151445   0.915711   0.297749
underflow!0.00348828
pos  0.682823   0.381896 0.00348828  0.0264872   0.928304   0.928498
overflow!
overflow!
overflow!
overflow!
overflow!
underflow!0.00191182
pos  0.909466   0.864363  0.0132075   0.234841    0.36924 0.00191182
underflow!0.00357885
pos  0.194382   0.172854  0.0652617     0.4265   0.505197 0.00357885
