PSO_S_ODE_NonLinear
Using two part PSO Sample Size:25000 with:27 moments.
Using Record Time:38.76
Bounds for Uniform Distribution (0,1)
Blind PSO --> nParts:900 Nsteps:10
Targeted PSO --> nParts:15 Nsteps:150
mu: 80 120  85
covarMat:
 50   0   0
  0 100   0
  0   0  50

Yt:  3.99021   3.48796   2.35537  0.127709   5.97104   3.27049   55.3759   99.1214   10.5766 0.0191981   136.207   20.3161  0.744163   9.99148  0.678471   11.4141   14.1925   12.7921  0.142427   112.056   17.2081   0.31044   23.6792   14.6539  0.472066  0.435423   32.2974
seedk: 0.823908  0.768012 0.0207403  0.908039  0.111514  0.306737| cost:16458.1
Xt:    3.11741     5.75553     3.29487   0.0163334     9.06674    0.222783     42.0138     148.654     20.5185 0.000339136      221.13    0.093807     3.15428      13.094   0.0804486     16.3287    0.885354     25.8764   0.0433599     174.574     1.74964     0.05892     46.4538     1.38736    0.102619  0.00398388     3.14099
PSO begins!
underflow!0.000800588
pos0.000800588    0.177216    0.776228    0.306428    0.477065    0.488409
GBMAT from targeted PSO:

 0.823908  0.768012 0.0207403  0.908039  0.111514  0.306737   16458.1
 0.823908  0.768012 0.0207403  0.908039  0.111514  0.306737   16458.1
 0.790404  0.474174  0.149875  0.333637  0.142823 0.0987603   63.1235
 0.790404  0.474174  0.149875  0.333637  0.142823 0.0987603   63.1235
 0.665446  0.316102  0.210528  0.634086 0.0899271  0.144343    46.104
 0.571698  0.172971  0.210528  0.670647 0.0899271  0.144343    35.417
 0.575914  0.179857  0.212629  0.665236 0.0823387  0.144741   34.1121
 0.575914  0.179857  0.212629  0.665236 0.0823387  0.144741   34.1121
 0.665268  0.178645  0.173069  0.690526 0.0760325  0.116637   25.7061
 0.706542  0.169139  0.146965  0.608558 0.0850143  0.100558   24.8221
 0.674528  0.135431  0.172189   0.68105 0.0843127   0.11742   23.4645

truk:  0.515996 0.0603199  0.103199  0.896801   0.05516 0.0722394
total difference b/w truk and final GBVEC0.0849733

targeted PSO has started!
Updating Weight Matrix!
GBVEC AND COST: 0.674528  0.135431  0.172189   0.68105 0.0843127   0.11742   23.4645
Chkpt reached!
new weight matrix:
  0.0121957           0           0           0           0           0           0           0           0           0           0           0           0           0           0           0           0           0           0           0           0           0           0           0           0           0           0
          0  0.00569912           0           0           0           0           0           0           0           0           0           0           0           0           0           0           0           0           0           0           0           0           0           0           0           0           0
          0           0   0.0993819           0           0           0           0           0           0           0           0           0           0           0           0           0           0           0           0           0           0           0           0           0           0           0           0
          0           0           0     74.8989           0           0           0           0           0           0           0           0           0           0           0           0           0           0           0           0           0           0           0           0           0           0           0
          0           0           0           0  0.00492824           0           0           0           0           0           0           0           0           0           0           0           0           0           0           0           0           0           0           0           0           0           0
          0           0           0           0           0   0.0491437           0           0           0           0           0           0           0           0           0           0           0           0           0           0           0           0           0           0           0           0           0
          0           0           0           0           0           0 4.81298e-06           0           0           0           0           0           0           0           0           0           0           0           0           0           0           0           0           0           0           0           0
          0           0           0           0           0           0           0 5.92078e-07           0           0           0           0           0           0           0           0           0           0           0           0           0           0           0           0           0           0           0
          0           0           0           0           0           0           0           0 0.000522689           0           0           0           0           0           0           0           0           0           0           0           0           0           0           0           0           0           0
          0           0           0           0           0           0           0           0           0     468.318           0           0           0           0           0           0           0           0           0           0           0           0           0           0           0           0           0
          0           0           0           0           0           0           0           0           0           0 4.91139e-07           0           0           0           0           0           0           0           0           0           0           0           0           0           0           0           0
          0           0           0           0           0           0           0           0           0           0           0 0.000127033           0           0           0           0           0           0           0           0           0           0           0           0           0           0           0
          0           0           0           0           0           0           0           0           0           0           0           0    0.645087           0           0           0           0           0           0           0           0           0           0           0           0           0           0
          0           0           0           0           0           0           0           0           0           0           0           0           0 0.000493583           0           0           0           0           0           0           0           0           0           0           0           0           0
          0           0           0           0           0           0           0           0           0           0           0           0           0           0    0.148979           0           0           0           0           0           0           0           0           0           0           0           0
          0           0           0           0           0           0           0           0           0           0           0           0           0           0           0  0.00044753           0           0           0           0           0           0           0           0           0           0           0
          0           0           0           0           0           0           0           0           0           0           0           0           0           0           0           0 0.000235941           0           0           0           0           0           0           0           0           0           0
          0           0           0           0           0           0           0           0           0           0           0           0           0           0           0           0           0 0.000152314           0           0           0           0           0           0           0           0           0
          0           0           0           0           0           0           0           0           0           0           0           0           0           0           0           0           0           0     3.49895           0           0           0           0           0           0           0           0
          0           0           0           0           0           0           0           0           0           0           0           0           0           0           0           0           0           0           0 5.41367e-07           0           0           0           0           0           0           0
          0           0           0           0           0           0           0           0           0           0           0           0           0           0           0           0           0           0           0           0 7.81964e-05           0           0           0           0           0           0
          0           0           0           0           0           0           0           0           0           0           0           0           0           0           0           0           0           0           0           0           0     1.42169           0           0           0           0           0
          0           0           0           0           0           0           0           0           0           0           0           0           0           0           0           0           0           0           0           0           0           0 8.81082e-05           0           0           0           0
          0           0           0           0           0           0           0           0           0           0           0           0           0           0           0           0           0           0           0           0           0           0           0 0.000258194           0           0           0
          0           0           0           0           0           0           0           0           0           0           0           0           0           0           0           0           0           0           0           0           0           0           0           0    0.869312           0           0
          0           0           0           0           0           0           0           0           0           0           0           0           0           0           0           0           0           0           0           0           0           0           0           0           0     0.67257           0
          0           0           0           0           0           0           0           0           0           0           0           0           0           0           0           0           0           0           0           0           0           0           0           0           0           0 4.48991e-05

New PBMAT:
   0.481705   0.0630546    0.537422    0.578211    0.106643   0.0861319     198.272
    0.61577    0.153269   0.0119232    0.920822 5.19066e-06  0.00791324     2.20007
   0.761696   0.0168678     0.36101     0.75271 0.000294461   0.0364561     7.18109
   0.741947   0.0649058      0.3291    0.595806  0.00111522    0.133998     7.66712
   0.519453   0.0864022    0.403298    0.565421   0.0411842    0.149035     28.7303
   0.905037 0.000408743   0.0376028    0.643126   0.0652009    0.520547     2.29026
   0.618468   0.0171722   0.0504206    0.675619   0.0180014  0.00013898    0.787394
   0.406189   0.0723298   0.0846669    0.347062 2.21445e-05     0.04367    0.129346
   0.613042    0.214818    0.290045    0.633262   0.0487827  0.00725858     115.321
   0.786452   0.0407552    0.110752    0.659425    0.281713   0.0713616      34.016
   0.601204   0.0358751     0.37351    0.618612 0.000129098    0.049047     10.1713
   0.659944   0.0132178  0.00707259    0.488241 0.000452096  0.00473915     2.70726
   0.783191   0.0286221   0.0200225    0.799804  0.00077776  0.00112661     1.81524
   0.826264   0.0979994    0.128097    0.753938  0.00131889   0.0092517     2.34399
   0.610001    0.102235   0.0541844      0.4207 0.000824823    0.033517    0.249558

underflow!5.19066e-06
pos    0.61577    0.153269   0.0119232    0.920822 5.19066e-06  0.00791324
underflow!0.000408743
pos   0.905037 0.000408743   0.0376028    0.643126   0.0652009    0.520547
underflow!0.00013898
pos  0.618468  0.0171722  0.0504206   0.675619  0.0180014 0.00013898
underflow!2.21445e-05
pos   0.406189   0.0723298   0.0846669    0.347062 2.21445e-05     0.04367
underflow!0.000129098
pos   0.601204   0.0358751     0.37351    0.618612 0.000129098    0.049047
underflow!0.000452096
pos   0.659944   0.0132178  0.00707259    0.488241 0.000452096  0.00473915
underflow!0.000824823
pos   0.610001    0.102235   0.0541844      0.4207 0.000824823    0.033517
underflow!0.000510815
pos   0.746408   0.0303881    0.503935    0.773773 0.000510815   0.0335175
underflow!0.00052831
pos  0.733107  0.0703525   0.297149   0.339084 0.00052831  0.0962782
underflow!0.000749178
pos   0.356432   0.0894836   0.0957817    0.553162 0.000749178   0.0315729
underflow!0.000494992
pos   0.513458    0.105884    0.199996    0.747585 0.000494992   0.0220374
underflow!0.000885425
pos   0.760994   0.0391359   0.0323431    0.805701 0.000885425  0.00241085
underflow!0.000436903
pos   0.671221   0.0497547    0.228476    0.711703 0.000436903   0.0156241
underflow!8.44258e-05
pos    0.30783   0.0625021   0.0751578    0.476871 8.44258e-05   0.0350132
underflow!0.000586464
pos   0.641632    0.248994   0.0509622    0.319762 0.000586464   0.0268353
underflow!0.000156331
pos   0.697318   0.0801843    0.231093    0.627799 0.000156331   0.0149782
underflow!0.000898372
pos   0.627194    0.142051    0.125744    0.744487 0.000898372  0.00988526
underflow!0.000419955
pos   0.630197   0.0569057   0.0348865    0.499203 0.000419955   0.0116799
underflow!0.000421433
pos   0.883889   0.0639735    0.118242    0.845862 0.000421433  0.00643483
underflow!0.000602572
pos   0.700869   0.0509825   0.0798193    0.793799 0.000602572   0.0067207
underflow!0.000549073
pos   0.905522   0.0835905     0.20255    0.803092 0.000549073  0.00796545
underflow!0.000317138
pos   0.662171    0.107153    0.145025    0.488182 0.000317138   0.0340873
underflow!0.000138905
pos   0.442405    0.105953   0.0844142    0.285014 0.000138905   0.0293678
underflow!0.000639232
pos   0.635497    0.283101   0.0941175    0.588619 0.000639232   0.0155707
underflow!0.000610596
pos   0.854347   0.0947939    0.279503    0.753793 0.000610596  0.00486193
underflow!7.35795e-05
pos    0.64175    0.124109   0.0474469     0.62507 7.35795e-05   0.0300578
underflow!7.37156e-05
pos   0.626741     0.11846   0.0248328     0.33177 7.37156e-05   0.0271525
underflow!0.000189684
pos   0.612137    0.272051    0.103995    0.459686 0.000189684   0.0152934
underflow!0.000217069
pos   0.586699    0.257389   0.0338836    0.329573 0.000217069   0.0090509
underflow!0.000446775
pos    0.72319   0.0523975    0.017919    0.835885 0.000446775  0.00195952
underflow!0.000179876
pos   0.724766    0.118297    0.158249     0.41242 0.000179876   0.0092452
Updating Weight Matrix!
GBVEC AND COST:    0.578  0.142248 0.0373689  0.278288 0.0116885 0.0112506    0.0081
Chkpt reached!
new weight matrix:
  0.0119919           0           0           0           0           0           0           0           0           0           0           0           0           0           0           0           0           0           0           0           0           0           0           0           0           0           0
          0  0.00552922           0           0           0           0           0           0           0           0           0           0           0           0           0           0           0           0           0           0           0           0           0           0           0           0           0
          0           0   0.0983932           0           0           0           0           0           0           0           0           0           0           0           0           0           0           0           0           0           0           0           0           0           0           0           0
          0           0           0     166.755           0           0           0           0           0           0           0           0           0           0           0           0           0           0           0           0           0           0           0           0           0           0           0
          0           0           0           0  0.00475567           0           0           0           0           0           0           0           0           0           0           0           0           0           0           0           0           0           0           0           0           0           0
          0           0           0           0           0   0.0526815           0           0           0           0           0           0           0           0           0           0           0           0           0           0           0           0           0           0           0           0           0
          0           0           0           0           0           0 4.71869e-06           0           0           0           0           0           0           0           0           0           0           0           0           0           0           0           0           0           0           0           0
          0           0           0           0           0           0           0 5.76506e-07           0           0           0           0           0           0           0           0           0           0           0           0           0           0           0           0           0           0           0
          0           0           0           0           0           0           0           0 0.000495715           0           0           0           0           0           0           0           0           0           0           0           0           0           0           0           0           0           0
          0           0           0           0           0           0           0           0           0     3563.09           0           0           0           0           0           0           0           0           0           0           0           0           0           0           0           0           0
          0           0           0           0           0           0           0           0           0           0 4.77114e-07           0           0           0           0           0           0           0           0           0           0           0           0           0           0           0           0
          0           0           0           0           0           0           0           0           0           0           0 0.000153575           0           0           0           0           0           0           0           0           0           0           0           0           0           0           0
          0           0           0           0           0           0           0           0           0           0           0           0     1.03771           0           0           0           0           0           0           0           0           0           0           0           0           0           0
          0           0           0           0           0           0           0           0           0           0           0           0           0 0.000545385           0           0           0           0           0           0           0           0           0           0           0           0           0
          0           0           0           0           0           0           0           0           0           0           0           0           0           0    0.356875           0           0           0           0           0           0           0           0           0           0           0           0
          0           0           0           0           0           0           0           0           0           0           0           0           0           0           0 0.000508406           0           0           0           0           0           0           0           0           0           0           0
          0           0           0           0           0           0           0           0           0           0           0           0           0           0           0           0 0.000205505           0           0           0           0           0           0           0           0           0           0
          0           0           0           0           0           0           0           0           0           0           0           0           0           0           0           0           0 0.000142585           0           0           0           0           0           0           0           0           0
          0           0           0           0           0           0           0           0           0           0           0           0           0           0           0           0           0           0     10.0163           0           0           0           0           0           0           0           0
          0           0           0           0           0           0           0           0           0           0           0           0           0           0           0           0           0           0           0 5.26689e-07           0           0           0           0           0           0           0
          0           0           0           0           0           0           0           0           0           0           0           0           0           0           0           0           0           0           0           0 9.02787e-05           0           0           0           0           0           0
          0           0           0           0           0           0           0           0           0           0           0           0           0           0           0           0           0           0           0           0           0     3.99339           0           0           0           0           0
          0           0           0           0           0           0           0           0           0           0           0           0           0           0           0           0           0           0           0           0           0           0 8.16633e-05           0           0           0           0
          0           0           0           0           0           0           0           0           0           0           0           0           0           0           0           0           0           0           0           0           0           0           0  0.00028274           0           0           0
          0           0           0           0           0           0           0           0           0           0           0           0           0           0           0           0           0           0           0           0           0           0           0           0     2.59494           0           0
          0           0           0           0           0           0           0           0           0           0           0           0           0           0           0           0           0           0           0           0           0           0           0           0           0     1.84175           0
          0           0           0           0           0           0           0           0           0           0           0           0           0           0           0           0           0           0           0           0           0           0           0           0           0           0 5.09657e-05

underflow!1.52793e-72
pos   0.839528    0.229809 0.000936239    0.461234 1.52793e-72     0.97048
underflow!3.08367e-161
pos     0.30262    0.0508557     0.131448    0.0911643 3.08367e-161  5.24323e-34
underflow!5.24323e-34
pos     0.30262    0.0508557     0.131448    0.0911643 3.08367e-161  5.24323e-34
underflow!1.09805e-08
pos    0.53773      0.2686 1.09805e-08   0.0997454 7.62957e-51 1.26276e-82
underflow!0.000273938
pos    0.516935     0.283972  0.000273938     0.104992 2.31292e-301  5.16386e-27
underflow!1.38341e-141
pos    0.490669     0.370882    0.0080849     0.325371 1.38341e-141  1.03645e-14
underflow!8.66394e-106
pos    0.628163      0.13138  1.17758e-05     0.111538  3.35383e-15 8.66394e-106
underflow!1.0472e-77
pos  0.728257   0.257284  0.0751447   0.317305 0.00445376 1.0472e-77
underflow!4.26152e-83
pos   0.710323  0.00836858 2.80366e-06    0.201051 4.26152e-83 3.57182e-28
underflow!7.00277e-33
pos   0.475111    0.267793  0.00657028    0.154815 7.07609e-87 7.00277e-33
underflow!7.01123e-32
pos   0.603182   0.0741538      0.3812    0.369728 7.01123e-32 7.82229e-57
underflow!7.82229e-57
pos   0.603182   0.0741538      0.3812    0.369728 7.01123e-32 7.82229e-57
underflow!0.000456193
pos   0.630595   0.0982863 0.000456193    0.194262 1.4328e-145 3.80223e-71
underflow!2.86293e-55
pos    0.532819    0.0166504     0.533198     0.184779 2.92601e-181  2.86293e-55
underflow!4.01875e-28
pos   0.583494    0.176521 3.93937e-07    0.180177 4.64297e-76 4.01875e-28
underflow!3.93937e-07
pos   0.583494    0.176521 3.93937e-07    0.180177 4.64297e-76 4.01875e-28
underflow!0.000614191
pos   0.569759   0.0117339  0.00196627     0.20511 0.000614191 0.000591182
underflow!0.000591182
pos   0.569759   0.0117339  0.00196627     0.20511 0.000614191 0.000591182
underflow!0.000411866
pos   0.525371   0.0260306  0.00710062  0.00476378 0.000411866 0.000152358
underflow!0.00096009
pos  0.566108  0.0421323   0.420427   0.329224 0.00297812 0.00096009
underflow!0.000743544
pos   0.631864    0.110487  0.00225223    0.290288 0.000743544   0.0005253
underflow!0.0005253
pos   0.631864    0.110487  0.00225223    0.290288 0.000743544   0.0005253
Updating Weight Matrix!
GBVEC AND COST:  0.545844   0.138275  0.0346144   0.241202 0.00977911 0.00883663 0.00749717
Chkpt reached!
new weight matrix:
  0.0120019           0           0           0           0           0           0           0           0           0           0           0           0           0           0           0           0           0           0           0           0           0           0           0           0           0           0
          0  0.00550744           0           0           0           0           0           0           0           0           0           0           0           0           0           0           0           0           0           0           0           0           0           0           0           0           0
          0           0   0.0976309           0           0           0           0           0           0           0           0           0           0           0           0           0           0           0           0           0           0           0           0           0           0           0           0
          0           0           0     163.203           0           0           0           0           0           0           0           0           0           0           0           0           0           0           0           0           0           0           0           0           0           0           0
          0           0           0           0  0.00473524           0           0           0           0           0           0           0           0           0           0           0           0           0           0           0           0           0           0           0           0           0           0
          0           0           0           0           0   0.0538319           0           0           0           0           0           0           0           0           0           0           0           0           0           0           0           0           0           0           0           0           0
          0           0           0           0           0           0 4.72563e-06           0           0           0           0           0           0           0           0           0           0           0           0           0           0           0           0           0           0           0           0
          0           0           0           0           0           0           0 5.74348e-07           0           0           0           0           0           0           0           0           0           0           0           0           0           0           0           0           0           0           0
          0           0           0           0           0           0           0           0 0.000488547           0           0           0           0           0           0           0           0           0           0           0           0           0           0           0           0           0           0
          0           0           0           0           0           0           0           0           0     3406.14           0           0           0           0           0           0           0           0           0           0           0           0           0           0           0           0           0
          0           0           0           0           0           0           0           0           0           0  4.7515e-07           0           0           0           0           0           0           0           0           0           0           0           0           0           0           0           0
          0           0           0           0           0           0           0           0           0           0           0 0.000160632           0           0           0           0           0           0           0           0           0           0           0           0           0           0           0
          0           0           0           0           0           0           0           0           0           0           0           0     1.01392           0           0           0           0           0           0           0           0           0           0           0           0           0           0
          0           0           0           0           0           0           0           0           0           0           0           0           0 0.000541935           0           0           0           0           0           0           0           0           0           0           0           0           0
          0           0           0           0           0           0           0           0           0           0           0           0           0           0       0.349           0           0           0           0           0           0           0           0           0           0           0           0
          0           0           0           0           0           0           0           0           0           0           0           0           0           0           0 0.000504988           0           0           0           0           0           0           0           0           0           0           0
          0           0           0           0           0           0           0           0           0           0           0           0           0           0           0           0 0.000207868           0           0           0           0           0           0           0           0           0           0
          0           0           0           0           0           0           0           0           0           0           0           0           0           0           0           0           0 0.000141177           0           0           0           0           0           0           0           0           0
          0           0           0           0           0           0           0           0           0           0           0           0           0           0           0           0           0           0     9.61347           0           0           0           0           0           0           0           0
          0           0           0           0           0           0           0           0           0           0           0           0           0           0           0           0           0           0           0 5.24646e-07           0           0           0           0           0           0           0
          0           0           0           0           0           0           0           0           0           0           0           0           0           0           0           0           0           0           0           0 9.21896e-05           0           0           0           0           0           0
          0           0           0           0           0           0           0           0           0           0           0           0           0           0           0           0           0           0           0           0           0     3.87856           0           0           0           0           0
          0           0           0           0           0           0           0           0           0           0           0           0           0           0           0           0           0           0           0           0           0           0  8.0583e-05           0           0           0           0
          0           0           0           0           0           0           0           0           0           0           0           0           0           0           0           0           0           0           0           0           0           0           0 0.000288084           0           0           0
          0           0           0           0           0           0           0           0           0           0           0           0           0           0           0           0           0           0           0           0           0           0           0           0     2.50436           0           0
          0           0           0           0           0           0           0           0           0           0           0           0           0           0           0           0           0           0           0           0           0           0           0           0           0     1.83475           0
          0           0           0           0           0           0           0           0           0           0           0           0           0           0           0           0           0           0           0           0           0           0           0           0           0           0 5.19409e-05

underflow!1.24324e-57
pos   0.578826    0.131603 6.50918e-10     0.45812    0.138024 1.24324e-57
underflow!1.85563e-31
pos   0.555978   0.0858779 1.49788e-07    0.186719    0.374563 1.85563e-31
underflow!1.28429e-128
pos    0.618099     0.231646     0.120504     0.187398  2.34921e-39 1.28429e-128
underflow!0.000433281
pos   0.507137    0.138583 0.000433281    0.165125 2.15243e-22    0.979921
underflow!2.03822e-67
pos   0.479281    0.261513 1.53077e-06    0.212253 2.03822e-67  9.8316e-13
underflow!1.53077e-06
pos   0.479281    0.261513 1.53077e-06    0.212253 2.03822e-67  9.8316e-13
underflow!6.82942e-10
pos    0.608141    0.0124194  6.82942e-10     0.177095  2.52716e-35 2.13535e-100
underflow!2.13535e-100
pos    0.608141    0.0124194  6.82942e-10     0.177095  2.52716e-35 2.13535e-100
underflow!4.12339e-37
pos    0.75475    0.104292 8.28495e-06   0.0308029    0.922817 4.12339e-37
underflow!0.000846371
pos    0.62193   0.0904782   0.0160522    0.110108    0.660236 0.000846371
underflow!0.000804784
pos   0.632888   0.0525243   0.0200626    0.159568    0.318478 0.000804784
underflow!0.00075148
pos  0.670538  0.0529085 0.00616476   0.114853   0.556208 0.00075148
underflow!0.000463212
pos   0.739605    0.105995  0.00289751    0.060056    0.839717 0.000463212
Updating Weight Matrix!
GBVEC AND COST:  0.554037   0.153083  0.0329014   0.223073 0.00921168 0.00761886 0.00607551
Chkpt reached!
new weight matrix:
   0.012024           0           0           0           0           0           0           0           0           0           0           0           0           0           0           0           0           0           0           0           0           0           0           0           0           0           0
          0  0.00548994           0           0           0           0           0           0           0           0           0           0           0           0           0           0           0           0           0           0           0           0           0           0           0           0           0
          0           0   0.0969926           0           0           0           0           0           0           0           0           0           0           0           0           0           0           0           0           0           0           0           0           0           0           0           0
          0           0           0     161.323           0           0           0           0           0           0           0           0           0           0           0           0           0           0           0           0           0           0           0           0           0           0           0
          0           0           0           0  0.00471879           0           0           0           0           0           0           0           0           0           0           0           0           0           0           0           0           0           0           0           0           0           0
          0           0           0           0           0     0.05497           0           0           0           0           0           0           0           0           0           0           0           0           0           0           0           0           0           0           0           0           0
          0           0           0           0           0           0 4.73733e-06           0           0           0           0           0           0           0           0           0           0           0           0           0           0           0           0           0           0           0           0
          0           0           0           0           0           0           0 5.72521e-07           0           0           0           0           0           0           0           0           0           0           0           0           0           0           0           0           0           0           0
          0           0           0           0           0           0           0           0 0.000483075           0           0           0           0           0           0           0           0           0           0           0           0           0           0           0           0           0           0
          0           0           0           0           0           0           0           0           0     3323.23           0           0           0           0           0           0           0           0           0           0           0           0           0           0           0           0           0
          0           0           0           0           0           0           0           0           0           0 4.73491e-07           0           0           0           0           0           0           0           0           0           0           0           0           0           0           0           0
          0           0           0           0           0           0           0           0           0           0           0 0.000167308           0           0           0           0           0           0           0           0           0           0           0           0           0           0           0
          0           0           0           0           0           0           0           0           0           0           0           0     0.94735           0           0           0           0           0           0           0           0           0           0           0           0           0           0
          0           0           0           0           0           0           0           0           0           0           0           0           0 0.000535854           0           0           0           0           0           0           0           0           0           0           0           0           0
          0           0           0           0           0           0           0           0           0           0           0           0           0           0    0.344594           0           0           0           0           0           0           0           0           0           0           0           0
          0           0           0           0           0           0           0           0           0           0           0           0           0           0           0 0.000499114           0           0           0           0           0           0           0           0           0           0           0
          0           0           0           0           0           0           0           0           0           0           0           0           0           0           0           0  0.00021146           0           0           0           0           0           0           0           0           0           0
          0           0           0           0           0           0           0           0           0           0           0           0           0           0           0           0           0  0.00013999           0           0           0           0           0           0           0           0           0
          0           0           0           0           0           0           0           0           0           0           0           0           0           0           0           0           0           0     9.36935           0           0           0           0           0           0           0           0
          0           0           0           0           0           0           0           0           0           0           0           0           0           0           0           0           0           0           0 5.22918e-07           0           0           0           0           0           0           0
          0           0           0           0           0           0           0           0           0           0           0           0           0           0           0           0           0           0           0           0 9.38433e-05           0           0           0           0           0           0
          0           0           0           0           0           0           0           0           0           0           0           0           0           0           0           0           0           0           0           0           0     3.80686           0           0           0           0           0
          0           0           0           0           0           0           0           0           0           0           0           0           0           0           0           0           0           0           0           0           0           0  7.9687e-05           0           0           0           0
          0           0           0           0           0           0           0           0           0           0           0           0           0           0           0           0           0           0           0           0           0           0           0 0.000293191           0           0           0
          0           0           0           0           0           0           0           0           0           0           0           0           0           0           0           0           0           0           0           0           0           0           0           0     2.44515           0           0
          0           0           0           0           0           0           0           0           0           0           0           0           0           0           0           0           0           0           0           0           0           0           0           0           0     1.85266           0
          0           0           0           0           0           0           0           0           0           0           0           0           0           0           0           0           0           0           0           0           0           0           0           0           0           0 5.27962e-05

underflow!5.5698e-16
pos   0.378326   0.0707617 2.09086e-24     0.32236 1.27078e-10  5.5698e-16
underflow!2.09086e-24
pos   0.378326   0.0707617 2.09086e-24     0.32236 1.27078e-10  5.5698e-16
underflow!1.27078e-10
pos   0.378326   0.0707617 2.09086e-24     0.32236 1.27078e-10  5.5698e-16
underflow!2.13471e-47
pos    0.81046   0.0571457  0.00123581    0.240736 2.13471e-47   0.0186027
underflow!9.32859e-10
pos   0.611282    0.213891  0.00163094    0.286482 1.02757e-07 9.32859e-10
underflow!6.55021e-63
pos   0.648435    0.125716 0.000466363    0.392321 6.55021e-63  4.4361e-36
underflow!0.000466363
pos   0.648435    0.125716 0.000466363    0.392321 6.55021e-63  4.4361e-36
underflow!1.78812e-58
pos    0.69533     0.15835   3.056e-08    0.472819 1.78812e-58 9.44747e-26
underflow!1.05969e-06
pos   0.477614    0.313491  1.0197e-22   0.0920581   0.0187364 1.05969e-06
underflow!1.0197e-22
pos   0.477614    0.313491  1.0197e-22   0.0920581   0.0187364 1.05969e-06
underflow!5.35993e-05
pos    0.360265     0.385465  5.35993e-05     0.125448 6.03954e-109     0.452667
underflow!3.16434e-24
pos    0.55771    0.179683  1.9167e-08      0.2177 3.16434e-24 4.82914e-57
underflow!1.9167e-08
pos    0.55771    0.179683  1.9167e-08      0.2177 3.16434e-24 4.82914e-57
underflow!1.05153e-19
pos   0.384363      0.1277 1.59091e-05    0.164661 1.05153e-19 1.89474e-10
underflow!1.59091e-05
pos   0.384363      0.1277 1.59091e-05    0.164661 1.05153e-19 1.89474e-10
underflow!2.92366e-09
pos    0.59737   0.0461929 2.92366e-09    0.308149 9.58206e-54 2.50251e-49
underflow!2.50251e-49
pos    0.59737   0.0461929 2.92366e-09    0.308149 9.58206e-54 2.50251e-49
underflow!4.47237e-05
pos   0.634411   0.0932832 0.000310639   0.0522457  2.1707e-21 4.47237e-05
underflow!0.000310639
pos   0.634411   0.0932832 0.000310639   0.0522457  2.1707e-21 4.47237e-05
underflow!0.0007928
pos   0.536965   0.0397898 1.63506e-20    0.159446   0.0007928 8.39155e-31
underflow!8.39155e-31
pos   0.536965   0.0397898 1.63506e-20    0.159446   0.0007928 8.39155e-31
Updating Weight Matrix!
GBVEC AND COST:  0.549139   0.152344  0.0326807   0.224149 0.00921788   0.006649 0.00558175
Chkpt reached!
new weight matrix:
  0.0120033           0           0           0           0           0           0           0           0           0           0           0           0           0           0           0           0           0           0           0           0           0           0           0           0           0           0
          0  0.00549671           0           0           0           0           0           0           0           0           0           0           0           0           0           0           0           0           0           0           0           0           0           0           0           0           0
          0           0   0.0974719           0           0           0           0           0           0           0           0           0           0           0           0           0           0           0           0           0           0           0           0           0           0           0           0
          0           0           0     161.712           0           0           0           0           0           0           0           0           0           0           0           0           0           0           0           0           0           0           0           0           0           0           0
          0           0           0           0  0.00472438           0           0           0           0           0           0           0           0           0           0           0           0           0           0           0           0           0           0           0           0           0           0
          0           0           0           0           0   0.0544235           0           0           0           0           0           0           0           0           0           0           0           0           0           0           0           0           0           0           0           0           0
          0           0           0           0           0           0  4.7242e-06           0           0           0           0           0           0           0           0           0           0           0           0           0           0           0           0           0           0           0           0
          0           0           0           0           0           0           0 5.73222e-07           0           0           0           0           0           0           0           0           0           0           0           0           0           0           0           0           0           0           0
          0           0           0           0           0           0           0           0 0.000486716           0           0           0           0           0           0           0           0           0           0           0           0           0           0           0           0           0           0
          0           0           0           0           0           0           0           0           0     3340.43           0           0           0           0           0           0           0           0           0           0           0           0           0           0           0           0           0
          0           0           0           0           0           0           0           0           0           0 4.74129e-07           0           0           0           0           0           0           0           0           0           0           0           0           0           0           0           0
          0           0           0           0           0           0           0           0           0           0           0 0.000164297           0           0           0           0           0           0           0           0           0           0           0           0           0           0           0
          0           0           0           0           0           0           0           0           0           0           0           0    0.949898           0           0           0           0           0           0           0           0           0           0           0           0           0           0
          0           0           0           0           0           0           0           0           0           0           0           0           0 0.000542991           0           0           0           0           0           0           0           0           0           0           0           0           0
          0           0           0           0           0           0           0           0           0           0           0           0           0           0    0.344673           0           0           0           0           0           0           0           0           0           0           0           0
          0           0           0           0           0           0           0           0           0           0           0           0           0           0           0  0.00050556           0           0           0           0           0           0           0           0           0           0           0
          0           0           0           0           0           0           0           0           0           0           0           0           0           0           0           0 0.000207891           0           0           0           0           0           0           0           0           0           0
          0           0           0           0           0           0           0           0           0           0           0           0           0           0           0           0           0 0.000140455           0           0           0           0           0           0           0           0           0
          0           0           0           0           0           0           0           0           0           0           0           0           0           0           0           0           0           0     9.46713           0           0           0           0           0           0           0           0
          0           0           0           0           0           0           0           0           0           0           0           0           0           0           0           0           0           0           0 5.23583e-07           0           0           0           0           0           0           0
          0           0           0           0           0           0           0           0           0           0           0           0           0           0           0           0           0           0           0           0 9.31961e-05           0           0           0           0           0           0
          0           0           0           0           0           0           0           0           0           0           0           0           0           0           0           0           0           0           0           0           0     3.85003           0           0           0           0           0
          0           0           0           0           0           0           0           0           0           0           0           0           0           0           0           0           0           0           0           0           0           0 8.00683e-05           0           0           0           0
          0           0           0           0           0           0           0           0           0           0           0           0           0           0           0           0           0           0           0           0           0           0           0 0.000291595           0           0           0
          0           0           0           0           0           0           0           0           0           0           0           0           0           0           0           0           0           0           0           0           0           0           0           0     2.47241           0           0
          0           0           0           0           0           0           0           0           0           0           0           0           0           0           0           0           0           0           0           0           0           0           0           0           0     1.83556           0
          0           0           0           0           0           0           0           0           0           0           0           0           0           0           0           0           0           0           0           0           0           0           0           0           0           0 5.24693e-05

underflow!2.89415e-07
pos   0.727614   0.0226654 2.89415e-07    0.118501 1.03259e-15 4.47704e-45
underflow!6.17418e-16
pos    0.51355    0.187265    0.119441    0.160124 6.17418e-16    0.665839
underflow!4.678e-13
pos   0.433961    0.219078 9.04835e-06    0.361574 1.74318e-43   4.678e-13
underflow!1.20935e-14
pos   0.661036   0.0886435 1.61133e-36    0.223314 3.39143e-72 1.20935e-14
underflow!1.61133e-36
pos   0.661036   0.0886435 1.61133e-36    0.223314 3.39143e-72 1.20935e-14
underflow!2.71931e-17
pos   0.644825   0.0444726 1.12758e-07    0.326837 2.71931e-17 2.77557e-35
underflow!5.24614e-58
pos   0.506893  0.00688666      0.0187    0.148811 3.20282e-94 5.24614e-58
underflow!4.06309e-15
pos    0.533776    0.0564221  0.000592673     0.266468  4.06309e-15 1.29732e-114
underflow!0.000592673
pos    0.533776    0.0564221  0.000592673     0.266468  4.06309e-15 1.29732e-114
underflow!1.29732e-114
pos    0.533776    0.0564221  0.000592673     0.266468  4.06309e-15 1.29732e-114
underflow!1.29738e-06
pos   0.461924    0.100976 1.29738e-06   0.0975437 3.68898e-34 2.18629e-65
underflow!2.18629e-65
pos   0.461924    0.100976 1.29738e-06   0.0975437 3.68898e-34 2.18629e-65
underflow!0.000431949
pos   0.538864    0.154554 0.000431949    0.365572  0.00113082 6.68334e-23
underflow!6.68334e-23
pos   0.538864    0.154554 0.000431949    0.365572  0.00113082 6.68334e-23
underflow!7.33115e-79
pos   0.454944  0.00425195 0.000453888    0.248306  2.2467e-48 7.33115e-79
underflow!2.2467e-48
pos   0.454944  0.00425195 0.000453888    0.248306  2.2467e-48 7.33115e-79
underflow!1.91047e-75
pos   0.589979   0.0837929   0.0159991    0.121537    0.956187 1.91047e-75
underflow!5.60358e-39
pos   0.630787    0.202036 1.01163e-12    0.176362    0.062849 5.60358e-39
underflow!1.01163e-12
pos   0.630787    0.202036 1.01163e-12    0.176362    0.062849 5.60358e-39
underflow!0.000414546
pos   0.534467    0.050797  0.00193091    0.253388 0.000414546 0.000299018
underflow!0.000424807
pos   0.335084   0.0528086  0.00158439    0.447847 0.000380355 0.000424807
underflow!0.000380355
pos   0.335084   0.0528086  0.00158439    0.447847 0.000380355 0.000424807
GBMAT after targeted PSO:
   0.823908    0.768012   0.0207403    0.908039    0.111514    0.306737     16458.1
   0.823908    0.768012   0.0207403    0.908039    0.111514    0.306737     16458.1
   0.790404    0.474174    0.149875    0.333637    0.142823   0.0987603     63.1235
   0.790404    0.474174    0.149875    0.333637    0.142823   0.0987603     63.1235
   0.665446    0.316102    0.210528    0.634086   0.0899271    0.144343      46.104
   0.571698    0.172971    0.210528    0.670647   0.0899271    0.144343      35.417
   0.575914    0.179857    0.212629    0.665236   0.0823387    0.144741     34.1121
   0.575914    0.179857    0.212629    0.665236   0.0823387    0.144741     34.1121
   0.665268    0.178645    0.173069    0.690526   0.0760325    0.116637     25.7061
   0.706542    0.169139    0.146965    0.608558   0.0850143    0.100558     24.8221
   0.674528    0.135431    0.172189     0.68105   0.0843127     0.11742     23.4645
   0.674528    0.135431    0.172189     0.68105   0.0843127     0.11742     3.12324
   0.674528    0.135431    0.172189     0.68105   0.0843127     0.11742     3.12324
    0.62007    0.105884    0.110563    0.843137  0.00156895   0.0220374     1.02179
   0.611476     0.18863   0.0509622    0.333679 0.000586464   0.0318361    0.154107
   0.611476     0.18863   0.0509622    0.333679 0.000586464   0.0318361    0.154107
   0.564032    0.188638   0.0356642    0.194176 0.000233144   0.0147226   0.0569063
   0.564032    0.188638   0.0356642    0.194176 0.000233144   0.0147226   0.0569063
   0.564032    0.188638   0.0356642    0.194176 0.000233144   0.0147226   0.0569063
   0.564032    0.188638   0.0356642    0.194176 0.000233144   0.0147226   0.0569063
   0.544338    0.118792   0.0318421    0.331692   0.0293004    0.013285   0.0347306
   0.582234    0.144442   0.0386169    0.309054   0.0150948  0.00988379   0.0147898
   0.582234    0.144442   0.0386169    0.309054   0.0150948  0.00988379   0.0147898
   0.582234    0.144442   0.0386169    0.309054   0.0150948  0.00988379   0.0147898
   0.582234    0.144442   0.0386169    0.309054   0.0150948  0.00988379   0.0147898
   0.582234    0.144442   0.0386169    0.309054   0.0150948  0.00988379   0.0147898
   0.582234    0.144442   0.0386169    0.309054   0.0150948  0.00988379   0.0147898
   0.612567    0.129329   0.0457017    0.309684   0.0101982   0.0243694   0.0105781
   0.612567    0.129329   0.0457017    0.309684   0.0101982   0.0243694   0.0105781
   0.612567    0.129329   0.0457017    0.309684   0.0101982   0.0243694   0.0105781
   0.612567    0.129329   0.0457017    0.309684   0.0101982   0.0243694   0.0105781
   0.612567    0.129329   0.0457017    0.309684   0.0101982   0.0243694   0.0105781
   0.611498     0.13391    0.039564    0.312872   0.0163785   0.0152789   0.0102487
   0.611498     0.13391    0.039564    0.312872   0.0163785   0.0152789   0.0102487
      0.578    0.142248   0.0373689    0.278288   0.0116885   0.0112506      0.0081
      0.578    0.142248   0.0373689    0.278288   0.0116885   0.0112506      0.0081
      0.578    0.142248   0.0373689    0.278288   0.0116885   0.0112506      0.0081
      0.578    0.142248   0.0373689    0.278288   0.0116885   0.0112506      0.0081
      0.578    0.142248   0.0373689    0.278288   0.0116885   0.0112506      0.0081
      0.578    0.142248   0.0373689    0.278288   0.0116885   0.0112506      0.0081
      0.578    0.142248   0.0373689    0.278288   0.0116885   0.0112506      0.0081
      0.578    0.142248   0.0373689    0.278288   0.0116885   0.0112506      0.0081
      0.578    0.142248   0.0373689    0.278288   0.0116885   0.0112506   0.0155753
      0.578    0.142248   0.0373689    0.278288   0.0116885   0.0112506   0.0155753
      0.578    0.142248   0.0373689    0.278288   0.0116885   0.0112506   0.0155753
      0.578    0.142248   0.0373689    0.278288   0.0116885   0.0112506   0.0155753
      0.578    0.142248   0.0373689    0.278288   0.0116885   0.0112506   0.0155753
      0.578    0.142248   0.0373689    0.278288   0.0116885   0.0112506   0.0155753
      0.578    0.142248   0.0373689    0.278288   0.0116885   0.0112506   0.0155753
      0.578    0.142248   0.0373689    0.278288   0.0116885   0.0112506   0.0155753
      0.578    0.142248   0.0373689    0.278288   0.0116885   0.0112506   0.0155753
      0.578    0.142248   0.0373689    0.278288   0.0116885   0.0112506   0.0155753
      0.578    0.142248   0.0373689    0.278288   0.0116885   0.0112506   0.0155753
      0.578    0.142248   0.0373689    0.278288   0.0116885   0.0112506   0.0155753
      0.578    0.142248   0.0373689    0.278288   0.0116885   0.0112506   0.0155753
      0.578    0.142248   0.0373689    0.278288   0.0116885   0.0112506   0.0155753
      0.578    0.142248   0.0373689    0.278288   0.0116885   0.0112506   0.0155753
      0.578    0.142248   0.0373689    0.278288   0.0116885   0.0112506   0.0155753
   0.539187    0.163289   0.0352954    0.254423   0.0105586  0.00889234    0.015102
   0.539187    0.163289   0.0352954    0.254423   0.0105586  0.00889234    0.015102
   0.539187    0.163289   0.0352954    0.254423   0.0105586  0.00889234    0.015102
   0.539187    0.163289   0.0352954    0.254423   0.0105586  0.00889234    0.015102
   0.545844    0.138275   0.0346144    0.241202  0.00977911  0.00883663  0.00749717
   0.545844    0.138275   0.0346144    0.241202  0.00977911  0.00883663  0.00749717
   0.545844    0.138275   0.0346144    0.241202  0.00977911  0.00883663  0.00749717
   0.545844    0.138275   0.0346144    0.241202  0.00977911  0.00883663  0.00749717
   0.545844    0.138275   0.0346144    0.241202  0.00977911  0.00883663  0.00749717
   0.545844    0.138275   0.0346144    0.241202  0.00977911  0.00883663  0.00749717
   0.545844    0.138275   0.0346144    0.241202  0.00977911  0.00883663  0.00749717
   0.545844    0.138275   0.0346144    0.241202  0.00977911  0.00883663  0.00749717
   0.545844    0.138275   0.0346144    0.241202  0.00977911  0.00883663  0.00749717
   0.545844    0.138275   0.0346144    0.241202  0.00977911  0.00883663  0.00749717
   0.545844    0.138275   0.0346144    0.241202  0.00977911  0.00883663  0.00749717
   0.545844    0.138275   0.0346144    0.241202  0.00977911  0.00883663  0.00740328
   0.545844    0.138275   0.0346144    0.241202  0.00977911  0.00883663  0.00740328
   0.545844    0.138275   0.0346144    0.241202  0.00977911  0.00883663  0.00740328
   0.545844    0.138275   0.0346144    0.241202  0.00977911  0.00883663  0.00740328
   0.545844    0.138275   0.0346144    0.241202  0.00977911  0.00883663  0.00740328
   0.545844    0.138275   0.0346144    0.241202  0.00977911  0.00883663  0.00740328
   0.545844    0.138275   0.0346144    0.241202  0.00977911  0.00883663  0.00740328
   0.545844    0.138275   0.0346144    0.241202  0.00977911  0.00883663  0.00740328
   0.545844    0.138275   0.0346144    0.241202  0.00977911  0.00883663  0.00740328
   0.545844    0.138275   0.0346144    0.241202  0.00977911  0.00883663  0.00740328
   0.545844    0.138275   0.0346144    0.241202  0.00977911  0.00883663  0.00740328
     0.5587    0.151617   0.0330805    0.229461  0.00968398  0.00832782  0.00705996
     0.5587    0.151617   0.0330805    0.229461  0.00968398  0.00832782  0.00705996
     0.5587    0.151617   0.0330805    0.229461  0.00968398  0.00832782  0.00705996
     0.5587    0.151617   0.0330805    0.229461  0.00968398  0.00832782  0.00705996
     0.5587    0.151617   0.0330805    0.229461  0.00968398  0.00832782  0.00705996
     0.5587    0.151617   0.0330805    0.229461  0.00968398  0.00832782  0.00705996
   0.554037    0.153083   0.0329014    0.223073  0.00921168  0.00761886  0.00607551
   0.554037    0.153083   0.0329014    0.223073  0.00921168  0.00761886  0.00607551
   0.554037    0.153083   0.0329014    0.223073  0.00921168  0.00761886  0.00607551
   0.554037    0.153083   0.0329014    0.223073  0.00921168  0.00761886  0.00607551
   0.554037    0.153083   0.0329014    0.223073  0.00921168  0.00761886  0.00607551
   0.554037    0.153083   0.0329014    0.223073  0.00921168  0.00761886  0.00607551
   0.554037    0.153083   0.0329014    0.223073  0.00921168  0.00761886  0.00607551
   0.554037    0.153083   0.0329014    0.223073  0.00921168  0.00761886  0.00607551
   0.554037    0.153083   0.0329014    0.223073  0.00921168  0.00761886  0.00607551
   0.554037    0.153083   0.0329014    0.223073  0.00921168  0.00761886  0.00607551
   0.554037    0.153083   0.0329014    0.223073  0.00921168  0.00761886  0.00607551
   0.554037    0.153083   0.0329014    0.223073  0.00921168  0.00761886  0.00607551
   0.554037    0.153083   0.0329014    0.223073  0.00921168  0.00761886  0.00607551
   0.554037    0.153083   0.0329014    0.223073  0.00921168  0.00761886  0.00607551
   0.554037    0.153083   0.0329014    0.223073  0.00921168  0.00761886  0.00610458
   0.554037    0.153083   0.0329014    0.223073  0.00921168  0.00761886  0.00610458
   0.554037    0.153083   0.0329014    0.223073  0.00921168  0.00761886  0.00610458
   0.554037    0.153083   0.0329014    0.223073  0.00921168  0.00761886  0.00610458
   0.554037    0.153083   0.0329014    0.223073  0.00921168  0.00761886  0.00610458
   0.554037    0.153083   0.0329014    0.223073  0.00921168  0.00761886  0.00610458
   0.554037    0.153083   0.0329014    0.223073  0.00921168  0.00761886  0.00610458
   0.554037    0.153083   0.0329014    0.223073  0.00921168  0.00761886  0.00610458
   0.554037    0.153083   0.0329014    0.223073  0.00921168  0.00761886  0.00610458
   0.554037    0.153083   0.0329014    0.223073  0.00921168  0.00761886  0.00610458
   0.554037    0.153083   0.0329014    0.223073  0.00921168  0.00761886  0.00610458
   0.554037    0.153083   0.0329014    0.223073  0.00921168  0.00761886  0.00610458
   0.554037    0.153083   0.0329014    0.223073  0.00921168  0.00761886  0.00610458
   0.552164    0.152598   0.0326456    0.223625    0.009191  0.00672028  0.00564178
   0.552164    0.152598   0.0326456    0.223625    0.009191  0.00672028  0.00564178
   0.552164    0.152598   0.0326456    0.223625    0.009191  0.00672028  0.00564178
   0.552164    0.152598   0.0326456    0.223625    0.009191  0.00672028  0.00564178
   0.552164    0.152598   0.0326456    0.223625    0.009191  0.00672028  0.00564178
   0.552164    0.152598   0.0326456    0.223625    0.009191  0.00672028  0.00564178
   0.547059     0.15226   0.0326413    0.223915  0.00929497  0.00644041  0.00561737
   0.547059     0.15226   0.0326413    0.223915  0.00929497  0.00644041  0.00561737
   0.547059     0.15226   0.0326413    0.223915  0.00929497  0.00644041  0.00561737
   0.549139    0.152344   0.0326807    0.224149  0.00921788    0.006649  0.00558175
   0.549139    0.152344   0.0326807    0.224149  0.00921788    0.006649  0.00558175
   0.549139    0.152344   0.0326807    0.224149  0.00921788    0.006649  0.00558175
   0.549139    0.152344   0.0326807    0.224149  0.00921788    0.006649  0.00558175
   0.549139    0.152344   0.0326807    0.224149  0.00921788    0.006649  0.00558175
   0.549139    0.152344   0.0326807    0.224149  0.00921788    0.006649  0.00558175
   0.549139    0.152344   0.0326807    0.224149  0.00921788    0.006649  0.00558175
   0.549139    0.152344   0.0326807    0.224149  0.00921788    0.006649  0.00558175
   0.549139    0.152344   0.0326807    0.224149  0.00921788    0.006649  0.00558175
   0.549139    0.152344   0.0326807    0.224149  0.00921788    0.006649  0.00557897
   0.549139    0.152344   0.0326807    0.224149  0.00921788    0.006649  0.00557897
   0.549139    0.152344   0.0326807    0.224149  0.00921788    0.006649  0.00557897
   0.549139    0.152344   0.0326807    0.224149  0.00921788    0.006649  0.00557897
   0.549139    0.152344   0.0326807    0.224149  0.00921788    0.006649  0.00557897
   0.549139    0.152344   0.0326807    0.224149  0.00921788    0.006649  0.00557897
   0.549139    0.152344   0.0326807    0.224149  0.00921788    0.006649  0.00557897
   0.549139    0.152344   0.0326807    0.224149  0.00921788    0.006649  0.00557897
   0.549139    0.152344   0.0326807    0.224149  0.00921788    0.006649  0.00557897
   0.549139    0.152344   0.0326807    0.224149  0.00921788    0.006649  0.00557897
   0.549139    0.152344   0.0326807    0.224149  0.00921788    0.006649  0.00557897
   0.549139    0.152344   0.0326807    0.224149  0.00921788    0.006649  0.00557897
   0.549139    0.152344   0.0326807    0.224149  0.00921788    0.006649  0.00557897
   0.549139    0.152344   0.0326807    0.224149  0.00921788    0.006649  0.00557897
   0.549139    0.152344   0.0326807    0.224149  0.00921788    0.006649  0.00557897
   0.549139    0.152344   0.0326807    0.224149  0.00921788    0.006649  0.00557897
   0.549139    0.152344   0.0326807    0.224149  0.00921788    0.006649  0.00557897
   0.549139    0.152344   0.0326807    0.224149  0.00921788    0.006649  0.00557897
   0.549139    0.152344   0.0326807    0.224149  0.00921788    0.006649  0.00557897
   0.549139    0.152344   0.0326807    0.224149  0.00921788    0.006649  0.00557897
   0.549139    0.152344   0.0326807    0.224149  0.00921788    0.006649  0.00557897
   0.549139    0.152344   0.0326807    0.224149  0.00921788    0.006649  0.00557897
   0.549139    0.152344   0.0326807    0.224149  0.00921788    0.006649  0.00557897
   0.549139    0.152344   0.0326807    0.224149  0.00921788    0.006649  0.00557897
   0.549139    0.152344   0.0326807    0.224149  0.00921788    0.006649  0.00557897
   0.549139    0.152344   0.0326807    0.224149  0.00921788    0.006649  0.00557897
   0.549139    0.152344   0.0326807    0.224149  0.00921788    0.006649  0.00557897
   0.549139    0.152344   0.0326807    0.224149  0.00921788    0.006649  0.00557897
   0.549139    0.152344   0.0326807    0.224149  0.00921788    0.006649  0.00557897
   0.549139    0.152344   0.0326807    0.224149  0.00921788    0.006649  0.00557897
   0.549323    0.152358   0.0327054    0.224215  0.00920201  0.00662151  0.00554949
truk:  0.515996 0.0603199  0.103199  0.896801   0.05516 0.0722394
total difference b/w truk and final GBVEC:0.47334
CODE FINISHED RUNNING IN 9314 s TIME!
Job Statistics for 1523205:
           JobID       User               Start                 End    Elapsed     MaxRSS   TotalCPU      State Exit        NodeList                                  ReqTRES 
---------------- ---------- ------------------- ------------------- ---------- ---------- ---------- ---------- ---- --------------- ---------------------------------------- 
         1523205   rsjxw007 2021-08-05T17:01:15 2021-08-05T19:36:30   02:35:15              02:34:30  COMPLETED  0:0   r1pl-hpcf-n21         billing=1,cpu=1,mem=7812M,node=1 
   1523205.batch            2021-08-05T17:01:15 2021-08-05T19:36:30   02:35:15     10.43M   02:34:30  COMPLETED  0:0   r1pl-hpcf-n21                                          
  1523205.extern            2021-08-05T17:01:15 2021-08-05T19:36:30   02:35:15          0  00:00.001  COMPLETED  0:0   r1pl-hpcf-n21                                          
CPU Efficiency: 99.52% of 02:35:15 core-walltime
