PSO_S_ODE_NonLinear
Using two part PSO Sample Size:5000 with:12 moments.
Using Record Time:29.07
Bounds for Uniform Distribution (0,1)
Blind PSO --> nParts:900 Nsteps:15
Targeted PSO --> nParts:25 Nsteps:500
mu: 80 120  85
covarMat:
 50   0   0
  0 100   0
  0   0  50

Yt:  3.83896   3.76195   2.38457  0.123812   6.27033   3.17134   52.6809   110.034   10.8306 0.0183144   148.766   19.0813
seedk:0.653936 0.824603 0.635937 0.321644 0.370396 0.876987| cost:1173.61
Xt: 4.20864  4.68999  2.14344 0.907914  7.74135  1.55429  52.9374  121.571  10.2358  1.00956  177.835  5.38226
PSO begins!
underflow!0.000866434
pos   0.693191 0.000866434    0.747941    0.809747    0.898004     0.78844
GBMAT from targeted PSO:

 0.653936  0.824603  0.635937  0.321644  0.370396  0.876987   1173.61
 0.653936  0.824603  0.635937  0.321644  0.370396  0.876987   1173.61
 0.635466   0.55668  0.205232  0.908669  0.177897  0.167716   21.8406
 0.635466   0.55668  0.205232  0.908669  0.177897  0.167716   21.8406
 0.635466   0.55668  0.205232  0.908669  0.177897  0.167716   21.8406
 0.587948  0.543396 0.0807473  0.742871  0.141753 0.0565021   15.7869
 0.587948  0.543396 0.0807473  0.742871  0.141753 0.0565021   15.7869
 0.575842  0.557387   0.07967  0.743103  0.171225 0.0522585   15.5715
 0.518363  0.522798 0.0804626  0.693366  0.147851 0.0533895   15.0212
 0.561815  0.507727 0.0872404  0.731613  0.121121 0.0619072   14.4644
 0.605114  0.629912 0.0798326  0.773604  0.084169 0.0542952   13.0071
  0.56434  0.424468 0.0626072  0.769283 0.0643774 0.0356312   9.49724
  0.56434  0.424468 0.0626072  0.769283 0.0643774 0.0356312   9.49724
 0.568328  0.474372 0.0645017  0.766606 0.0451419 0.0373391   9.27255
  0.54736  0.454699 0.0601478  0.805272 0.0389777 0.0323566   8.61793
 0.551647  0.442985 0.0601254  0.778566 0.0340438 0.0323746   8.41754

truk:  0.515996 0.0603199  0.103199  0.896801   0.05516 0.0722394
total difference b/w truk and final GBVEC0.165573

targeted PSO has started!
Updating Weight Matrix!
GBVEC AND COST: 0.551647  0.442985 0.0601254  0.778566 0.0340438 0.0323746   8.41754
Chkpt reached!
new weight matrix:
  0.0133204           0           0           0           0           0           0           0           0           0           0           0
          0  0.00519207           0           0           0           0           0           0           0           0           0           0
          0           0   0.0960676           0           0           0           0           0           0           0           0           0
          0           0           0       229.4           0           0           0           0           0           0           0           0
          0           0           0           0  0.00447195           0           0           0           0           0           0           0
          0           0           0           0           0   0.0578092           0           0           0           0           0           0
          0           0           0           0           0           0 7.18268e-06           0           0           0           0           0
          0           0           0           0           0           0           0 5.51471e-07           0           0           0           0
          0           0           0           0           0           0           0           0 0.000503303           0           0           0
          0           0           0           0           0           0           0           0           0     6108.81           0           0
          0           0           0           0           0           0           0           0           0           0 4.71021e-07           0
          0           0           0           0           0           0           0           0           0           0           0 0.000188577

New PBMAT:
   0.522088    0.404655   0.0374298    0.739315   0.0608104  0.00196401    0.627124
   0.642251    0.318511  0.00944406    0.747568   0.0292698  0.00215807     5.29594
   0.515309    0.314781    0.136764    0.887221  0.00218393 5.67628e-06     2.47819
   0.411375    0.409538   0.0136776     0.90286 0.000782141  0.00272226      5.4386
   0.540305    0.442377  0.00749633    0.632696   0.0299234   0.0012973     5.44406
   0.535797    0.511199   0.0248259    0.864603 0.000689215 0.000168738      4.7088
   0.429883    0.397128   0.0370295    0.746894 1.90317e-05   0.0053402       3.929
   0.558624    0.373694 1.78997e-07    0.757017 0.000190192 1.81399e-06      6.5045
   0.689374    0.465892 0.000562391    0.828183  0.00047106 0.000256123     6.45002
   0.575725    0.395464  0.00238856    0.898116  0.00203365 5.53275e-05     6.28278
   0.600684     0.42656     0.00141    0.914452 3.24083e-05 6.51651e-10     6.37124
   0.534088    0.392082   0.0123124    0.764365 0.000783374 4.10197e-07     5.41408
   0.651298    0.471773 0.000331086    0.680387 9.83567e-09 1.17036e-05     6.46107
   0.724894    0.344659   0.0345996    0.788905  0.00167193   0.0159602     3.97007
   0.582502     0.58747    0.106842    0.725816   0.0123097 6.19323e-05     1.63965
   0.520795     0.40971   0.0299944    0.671144   0.0469689 0.000941577     1.80648
   0.451864    0.383253  0.00279266    0.739261  0.00126666 3.03011e-06     6.21091
   0.548657    0.548664   0.0166133    0.883702   0.0403994 3.58657e-06     4.48567
   0.612594    0.443378   0.0101431    0.840995    0.015859   0.0593318     5.78237
   0.688645    0.478344   0.0539183    0.823392 9.39486e-06 6.93344e-08     3.32911
   0.580552    0.530912   0.0583665    0.805282   0.0142597   0.0565327     2.79805
   0.495513    0.482478 0.000257298    0.738419 1.28198e-05   0.0384869     6.43865
   0.624907    0.497638    0.122344    0.786976 0.000561384 1.66434e-07     2.46718
   0.531997    0.333568   0.0562245    0.869887 1.52043e-05    0.115086     3.72699
   0.491135    0.254636    0.036826     0.80926  0.00274818   0.0423155     4.07878

underflow!5.67628e-06
pos   0.515309    0.314781    0.136764    0.887221  0.00218393 5.67628e-06
underflow!0.000782141
pos   0.411375    0.409538   0.0136776     0.90286 0.000782141  0.00272226
underflow!1.90317e-05
pos   0.429883    0.397128   0.0370295    0.746894 1.90317e-05   0.0053402
underflow!0.00047106
pos   0.689374    0.465892 0.000562391    0.828183  0.00047106 0.000256123
underflow!5.53275e-05
pos   0.575725    0.395464  0.00238856    0.898116  0.00203365 5.53275e-05
underflow!3.24083e-05
pos   0.600684     0.42656     0.00141    0.914452 3.24083e-05 6.51651e-10
underflow!6.51651e-10
pos   0.600684     0.42656     0.00141    0.914452 3.24083e-05 6.51651e-10
underflow!3.58657e-06
pos   0.548657    0.548664   0.0166133    0.883702   0.0403994 3.58657e-06
underflow!6.93344e-08
pos   0.688645    0.478344   0.0539183    0.823392 9.39486e-06 6.93344e-08
underflow!9.39486e-06
pos   0.688645    0.478344   0.0539183    0.823392 9.39486e-06 6.93344e-08
underflow!0.000877992
pos   0.430508    0.481474  0.00177933    0.739439 0.000877992   0.0360789
underflow!0.000570756
pos   0.666272    0.416383  0.00647378    0.818508  0.00502909 0.000570756
underflow!0.000198257
pos   0.352838    0.538899  0.00660133    0.871272   0.0162363 0.000198257
underflow!0.000538912
pos   0.360158    0.799166   0.0568292    0.711659 0.000437505 0.000538912
underflow!0.00081363
pos  0.847833   0.289518  0.0161036   0.524616 0.00621562 0.00081363
underflow!0.00045893
pos  0.234479   0.681009  0.0313965   0.697607  0.0107682 0.00045893
underflow!0.000813366
pos   0.853356    0.194918   0.0111556    0.394452  0.00217893 0.000813366
underflow!0.000627188
pos   0.577049    0.270764   0.0261205    0.837797  0.00483338 0.000627188
underflow!0.00046131
pos  0.974583   0.247886 0.00821007   0.435514 0.00532826 0.00046131
underflow!0.000176564
pos   0.671699    0.402182   0.0231667    0.739483   0.0119181 0.000176564
underflow!0.000822822
pos    0.81897    0.471174   0.0392537     0.66914  0.00910889 0.000822822
underflow!0.000436736
pos    0.82521    0.194592   0.0181948    0.646724  0.00192096 0.000436736
underflow!0.000729143
pos   0.561595     0.28286    0.101233    0.637754    0.115924 0.000729143
underflow!0.00060306
pos  0.789779   0.367117  0.0383991   0.866504  0.0805395 0.00060306
underflow!0.000858617
pos   0.710131    0.235065   0.0203236    0.824157   0.0805395 0.000858617
underflow!0.000593122
pos   0.674009    0.291044  0.00581326    0.938883    0.077153 0.000593122
underflow!0.000829952
pos   0.742503    0.138078   0.0266649    0.690837   0.0683688 0.000829952
underflow!0.000900398
pos   0.719319    0.160896   0.0182439     0.67889   0.0776231 0.000900398
underflow!0.000735016
pos   0.815075    0.170577   0.0182899    0.874268   0.0126988 0.000735016
underflow!0.000860284
pos   0.848475    0.375462   0.0477259    0.697606   0.0318849 0.000860284
underflow!0.000578815
pos   0.720819    0.249148   0.0368872    0.706134   0.0572941 0.000578815
underflow!0.000879919
pos   0.536328    0.206292   0.0380189    0.674457   0.0556315 0.000879919
Updating Weight Matrix!
GBVEC AND COST:  0.772433   0.283093  0.0426689   0.622984  0.0572357 0.00762646 0.00169215
Chkpt reached!
new weight matrix:
  0.0130644           0           0           0           0           0           0           0           0           0           0           0
          0  0.00517319           0           0           0           0           0           0           0           0           0           0
          0           0   0.0947199           0           0           0           0           0           0           0           0           0
          0           0           0     151.794           0           0           0           0           0           0           0           0
          0           0           0           0  0.00446094           0           0           0           0           0           0           0
          0           0           0           0           0   0.0554473           0           0           0           0           0           0
          0           0           0           0           0           0 7.10412e-06           0           0           0           0           0
          0           0           0           0           0           0           0 5.51013e-07           0           0           0           0
          0           0           0           0           0           0           0           0 0.000483876           0           0           0
          0           0           0           0           0           0           0           0           0      3112.7           0           0
          0           0           0           0           0           0           0           0           0           0 4.70343e-07           0
          0           0           0           0           0           0           0           0           0           0           0 0.000178427

underflow!8.81295e-69
pos   0.707889     0.27907   0.0338879    0.515156    0.108878 8.81295e-69
underflow!6.94076e-06
pos   0.696965    0.373708 6.94076e-06    0.569019    0.239151 1.56696e-08
underflow!1.45961e-120
pos    0.732984      0.21713    0.0377906     0.552106    0.0376942 1.45961e-120
underflow!6.20888e-16
pos   0.825742    0.216152   0.0704102    0.650608    0.102804 6.20888e-16
underflow!3.19219e-26
pos   0.848064    0.162338 3.02767e-05    0.633817  0.00914998 3.19219e-26
underflow!3.58711e-162
pos     0.72023     0.308192     0.116039     0.535861   0.00344159 3.58711e-162
underflow!2.00199e-56
pos   0.826724    0.281016  0.00866027     0.42908   0.0694853 2.00199e-56
underflow!9.53817e-22
pos   0.837784    0.290775   0.0482278    0.634676   0.0193388 9.53817e-22
underflow!6.48451e-25
pos   0.827559    0.307307   0.0541136    0.650404   0.0366901 6.48451e-25
underflow!2.94406e-113
pos    0.658644     0.319312     0.209869     0.553868     0.151575 2.94406e-113
underflow!2.89883e-12
pos    0.86389    0.280571  0.00755559    0.605658 0.000180451 2.89883e-12
underflow!5.26013e-98
pos   0.636884    0.361429    0.291822    0.626474   0.0842316 5.26013e-98
underflow!0.000121411
pos   0.771545    0.196668 0.000121411    0.493877    0.157929 0.000148657
underflow!0.000148657
pos   0.771545    0.196668 0.000121411    0.493877    0.157929 0.000148657
underflow!4.20763e-05
pos   0.631948      0.1297 1.10332e-05    0.651325 4.20763e-05 1.48543e-60
underflow!1.48543e-60
pos   0.631948      0.1297 1.10332e-05    0.651325 4.20763e-05 1.48543e-60
underflow!1.47995e-83
pos   0.723986    0.228983   0.0238095    0.706803   0.0497965 1.47995e-83
underflow!0.000654144
pos   0.703383    0.250445 0.000654144    0.576791   0.0264147 1.30147e-87
underflow!1.30147e-87
pos   0.703383    0.250445 0.000654144    0.576791   0.0264147 1.30147e-87
underflow!0.00052165
pos  0.598382   0.221642  0.0120862   0.556954  0.0287235 0.00052165
underflow!0.000374356
pos   0.754581    0.290398   0.0530564    0.634102    0.021199 0.000374356
underflow!0.000622168
pos   0.795773    0.113766   0.0246166    0.384085   0.0202605 0.000622168
underflow!0.000718294
pos   0.722069    0.244929   0.0600075    0.628836   0.0604597 0.000718294
underflow!0.00083688
pos  0.703333   0.544758   0.013666   0.697976 0.00667433 0.00083688
underflow!0.000675697
pos   0.795213     0.58241   0.0392281    0.416571   0.0146071 0.000675697
underflow!0.000759808
pos   0.411994    0.210975   0.0320397    0.599767   0.0256394 0.000759808
underflow!0.000377574
pos   0.787502    0.213512    0.191945    0.690045   0.0025715 0.000377574
underflow!0.000587356
pos   0.786919    0.181466    0.100145    0.708261  0.00767596 0.000587356
underflow!0.000554954
pos   0.808858    0.110573   0.0980104    0.793867  0.00955678 0.000554954
underflow!0.000614551
pos   0.785683    0.172522    0.188811    0.538978   0.0162332 0.000614551
underflow!0.000314867
pos   0.920763    0.231721   0.0411636     0.64504   0.0201644 0.000314867
underflow!0.00049495
pos  0.815701   0.184567  0.0273105   0.666263   0.112861 0.00049495
underflow!0.000662138
pos   0.698325    0.125115 0.000662138    0.603746   0.0696119 7.61138e-05
Updating Weight Matrix!
GBVEC AND COST:  0.793697   0.260562  0.0422215   0.622405  0.0567998 0.00710956 0.00109754
Chkpt reached!
new weight matrix:
  0.0130534           0           0           0           0           0           0           0           0           0           0           0
          0  0.00517045           0           0           0           0           0           0           0           0           0           0
          0           0    0.094399           0           0           0           0           0           0           0           0           0
          0           0           0     151.799           0           0           0           0           0           0           0           0
          0           0           0           0  0.00445895           0           0           0           0           0           0           0
          0           0           0           0           0      0.0554           0           0           0           0           0           0
          0           0           0           0           0           0 7.10405e-06           0           0           0           0           0
          0           0           0           0           0           0           0 5.50881e-07           0           0           0           0
          0           0           0           0           0           0           0           0 0.000480874           0           0           0
          0           0           0           0           0           0           0           0           0     3123.35           0           0
          0           0           0           0           0           0           0           0           0           0 4.70195e-07           0
          0           0           0           0           0           0           0           0           0           0           0 0.000178347

underflow!7.06668e-09
pos   0.831672    0.252463    0.255134    0.510108   0.0825465 7.06668e-09
underflow!1.60435e-25
pos    0.79276    0.382327  0.00998498    0.688185   0.0134886 1.60435e-25
underflow!0.000921114
pos   0.689906    0.242043  0.00717804    0.659662 0.000921114 8.46692e-69
underflow!9.75671e-110
pos    0.673353     0.309801  0.000221208     0.786897    0.0903362 9.75671e-110
underflow!0.000221208
pos    0.673353     0.309801  0.000221208     0.786897    0.0903362 9.75671e-110
underflow!4.93138e-50
pos   0.924513    0.265691 0.000983607    0.695166   0.0747543 4.93138e-50
underflow!1.7979e-32
pos  0.907088   0.139274  0.0293658   0.545639  0.0543299 1.7979e-32
underflow!2.16948e-61
pos   0.852006     0.18251  0.00385399    0.557377    0.039079 2.16948e-61
underflow!6.47265e-06
pos   0.685101    0.307549 0.000194916    0.597677 6.47265e-06 5.50726e-18
underflow!5.50726e-18
pos   0.685101    0.307549 0.000194916    0.597677 6.47265e-06 5.50726e-18
underflow!8.41259e-05
pos   0.721337    0.408995   0.0299474    0.682685  0.00797152 8.41259e-05
underflow!0.000256861
pos   0.939596    0.182429 0.000256861     0.35473   0.0114822 0.000146396
underflow!0.000146396
pos   0.939596    0.182429 0.000256861     0.35473   0.0114822 0.000146396
underflow!4.05019e-92
pos   0.870702     0.11975  0.00234368    0.715428    0.136514 4.05019e-92
underflow!0.000176232
pos   0.633122    0.186284 0.000176232    0.587164  0.00670947 2.10188e-95
underflow!2.10188e-95
pos   0.633122    0.186284 0.000176232    0.587164  0.00670947 2.10188e-95
underflow!2.24948e-13
pos   0.908372    0.245196 1.71912e-05    0.598295   0.0121254 2.24948e-13
underflow!0.000590748
pos    0.76058    0.173747  0.00664264    0.709404   0.0178955 0.000590748
underflow!0.00030701
pos  0.755232   0.440108 0.00869132   0.658053 0.00296887 0.00030701
underflow!0.000312846
pos   0.899361   0.0778704  0.00298577    0.642437   0.0398588 0.000312846
underflow!0.0006371
pos 0.898096   0.30452 0.0037992  0.600455 0.0161288 0.0006371
underflow!0.000921432
pos   0.837057    0.138908    0.067614     0.53161    0.160336 0.000921432
underflow!0.00037689
pos  0.948001  0.0412798 0.00223833   0.612375  0.0182634 0.00037689
underflow!0.000466639
pos   0.793066    0.342535   0.0205197    0.608356   0.0276425 0.000466639
underflow!0.000586833
pos   0.873865    0.263705   0.0169497    0.785491    0.194421 0.000586833
underflow!0.000866989
pos   0.816965    0.234929  0.00377357    0.802456  0.00714919 0.000866989
underflow!0.000802121
pos   0.739779    0.290492   0.0274198    0.637154  0.00955103 0.000802121
Updating Weight Matrix!
GBVEC AND COST:  0.793697   0.260562  0.0422215   0.622405  0.0567998 0.00710956 0.00109718
Chkpt reached!
new weight matrix:
  0.0130534           0           0           0           0           0           0           0           0           0           0           0
          0  0.00517045           0           0           0           0           0           0           0           0           0           0
          0           0    0.094399           0           0           0           0           0           0           0           0           0
          0           0           0     151.799           0           0           0           0           0           0           0           0
          0           0           0           0  0.00445895           0           0           0           0           0           0           0
          0           0           0           0           0      0.0554           0           0           0           0           0           0
          0           0           0           0           0           0 7.10405e-06           0           0           0           0           0
          0           0           0           0           0           0           0 5.50881e-07           0           0           0           0
          0           0           0           0           0           0           0           0 0.000480874           0           0           0
          0           0           0           0           0           0           0           0           0     3123.35           0           0
          0           0           0           0           0           0           0           0           0           0 4.70195e-07           0
          0           0           0           0           0           0           0           0           0           0           0 0.000178347

underflow!4.04521e-07
pos    0.86727     0.27648 4.04521e-07    0.680093   0.0333222 1.10463e-16
underflow!0.000492059
pos   0.740135    0.246721 0.000310813    0.482257 0.000492059 2.03984e-24
underflow!0.000310813
pos   0.740135    0.246721 0.000310813    0.482257 0.000492059 2.03984e-24
underflow!6.7639e-203
pos   0.819814    0.366261    0.122329    0.675068  0.00267444 6.7639e-203
underflow!3.70197e-151
pos    0.712974    0.0890308    0.0117592     0.724672   0.00636358 3.70197e-151
underflow!4.48398e-53
pos   0.713169    0.312394  0.00295911    0.708841    0.173522 4.48398e-53
underflow!6.73588e-93
pos   0.814284    0.248391   0.0055264    0.625531  0.00215815 6.73588e-93
underflow!2.80795e-18
pos   0.790976    0.214701  0.00196443    0.650048  0.00239985 2.80795e-18
underflow!9.30686e-33
pos   0.751036    0.179426   0.0681934    0.585832  0.00722998 9.30686e-33
underflow!5.9038e-07
pos   0.853764    0.329892  5.9038e-07    0.667262   0.0116557 2.46655e-67
underflow!6.15673e-06
pos   0.872643    0.328108 6.15673e-06    0.726314   0.0422006  6.4429e-08
underflow!6.4429e-08
pos   0.872643    0.328108 6.15673e-06    0.726314   0.0422006  6.4429e-08
underflow!6.11293e-28
pos   0.849768    0.277779   0.0710944    0.648844    0.152934 6.11293e-28
underflow!9.0458e-56
pos   0.84116   0.304348 0.00104569   0.584672   0.154608 9.0458e-56
underflow!0.000781977
pos   0.721853    0.107897   0.0095974    0.813605  0.00893553 0.000781977
underflow!0.000587216
pos   0.797953    0.249397  0.00546665    0.631248  0.00542995 0.000587216
underflow!0.000479832
pos   0.845984    0.276617   0.0691457    0.647059    0.127776 0.000479832
underflow!0.000550217
pos   0.797678    0.250118  0.00357411    0.630677   0.0268266 0.000550217
underflow!0.000389928
pos   0.702119    0.307136   0.0197883    0.574563  0.00443354 0.000389928
underflow!0.000497495
pos   0.740979    0.280957   0.0494983    0.454343   0.0345826 0.000497495
underflow!0.000527452
pos   0.879478    0.202451       0.032    0.647783   0.0928604 0.000527452
underflow!0.000760287
pos   0.844175    0.121482   0.0236704    0.637634   0.0737343 0.000760287
Updating Weight Matrix!
GBVEC AND COST:  0.808834    0.25841  0.0417337   0.618958  0.0572571 0.00681504   0.001021
Chkpt reached!
new weight matrix:
  0.0130572           0           0           0           0           0           0           0           0           0           0           0
          0  0.00516607           0           0           0           0           0           0           0           0           0           0
          0           0   0.0941221           0           0           0           0           0           0           0           0           0
          0           0           0     151.248           0           0           0           0           0           0           0           0
          0           0           0           0  0.00445502           0           0           0           0           0           0           0
          0           0           0           0           0   0.0556692           0           0           0           0           0           0
          0           0           0           0           0           0 7.10775e-06           0           0           0           0           0
          0           0           0           0           0           0           0   5.505e-07           0           0           0           0
          0           0           0           0           0           0           0           0 0.000478602           0           0           0
          0           0           0           0           0           0           0           0           0     3102.27           0           0
          0           0           0           0           0           0           0           0           0           0 4.69812e-07           0
          0           0           0           0           0           0           0           0           0           0           0 0.000180121

underflow!8.97715e-05
pos   0.859165     0.31133 8.97715e-05    0.680173  0.00456956 3.17517e-65
underflow!9.16054e-107
pos    0.908626     0.204778  6.00373e-05     0.603524     0.157212 9.16054e-107
underflow!6.00373e-05
pos    0.908626     0.204778  6.00373e-05     0.603524     0.157212 9.16054e-107
underflow!0.000471889
pos    0.687947      0.22454  0.000471889     0.640738     0.220192 2.93715e-167
underflow!6.7004e-58
pos  0.842108   0.241404  0.0531907   0.691573  0.0177776 6.7004e-58
underflow!8.78583e-09
pos   0.674126    0.290921   0.0103401    0.582192    0.161826 8.78583e-09
underflow!7.70555e-05
pos   0.729354    0.244738  0.00290134    0.503936   0.0148119 7.70555e-05
underflow!6.32321e-97
pos   0.806677    0.240146    0.121905    0.603518   0.0264957 6.32321e-97
underflow!6.28408e-68
pos   0.789283    0.349672  0.00264131    0.650521   0.0149523 6.28408e-68
underflow!6.77838e-42
pos   0.827383     0.25223   0.0147066    0.632015   0.0271079 6.77838e-42
underflow!5.59243e-54
pos    0.91001    0.388004  0.00523011    0.360015   0.0194691 5.59243e-54
underflow!4.25408e-59
pos   0.827576    0.223671   0.0761538    0.642403  0.00278064 4.25408e-59
underflow!1.19996e-54
pos   0.778756    0.256734    0.205887     0.57647   0.0122127 1.19996e-54
underflow!1.11738e-186
pos    0.848214      0.18769   0.00120284     0.517568    0.0702602 1.11738e-186
underflow!7.05311e-108
pos    0.858571     0.320918    0.0631568     0.659448    0.0700227 7.05311e-108
underflow!0.000316576
pos   0.622294     0.28876 0.000316576     0.72643  0.00882966 3.52069e-10
underflow!3.52069e-10
pos   0.622294     0.28876 0.000316576     0.72643  0.00882966 3.52069e-10
underflow!0.000144099
pos   0.878866    0.161205   0.0547938    0.632919   0.0126179 0.000144099
underflow!3.11975e-05
pos   0.768834    0.263231 3.11975e-05    0.752287   0.0345772    0.366094
underflow!8.55018e-05
pos   0.730051    0.244858  0.00324217    0.504945   0.0151844 8.55018e-05
underflow!0.000563641
pos   0.937087    0.101453   0.0717425    0.758172    0.029015 0.000563641
underflow!0.000570016
pos    0.72015    0.161663  0.00349108    0.588813   0.0234611 0.000570016
underflow!0.000178665
pos   0.788897    0.572404    0.150546    0.468197  0.00336987 0.000178665
underflow!0.000951908
pos   0.817847    0.538032    0.151553    0.467053  0.00934513 0.000951908
underflow!0.00067138
pos  0.709387   0.349253 0.00424703   0.749673  0.0567419 0.00067138
underflow!0.000936875
pos   0.805604    0.266757   0.0244003    0.841001    0.054008 0.000936875
Updating Weight Matrix!
GBVEC AND COST:   0.848517    0.258525    0.042003    0.618945   0.0565308  0.00719385 0.000953323
Chkpt reached!
new weight matrix:
  0.0130543           0           0           0           0           0           0           0           0           0           0           0
          0  0.00516642           0           0           0           0           0           0           0           0           0           0
          0           0    0.094019           0           0           0           0           0           0           0           0           0
          0           0           0     151.903           0           0           0           0           0           0           0           0
          0           0           0           0  0.00445564           0           0           0           0           0           0           0
          0           0           0           0           0   0.0555784           0           0           0           0           0           0
          0           0           0           0           0           0 7.10848e-06           0           0           0           0           0
          0           0           0           0           0           0           0 5.50577e-07           0           0           0           0
          0           0           0           0           0           0           0           0 0.000477692           0           0           0
          0           0           0           0           0           0           0           0           0     3133.38           0           0
          0           0           0           0           0           0           0           0           0           0 4.69882e-07           0
          0           0           0           0           0           0           0           0           0           0           0 0.000179565

underflow!2.90273e-19
pos   0.903002    0.132372  0.00196854     0.60004   0.0124619 2.90273e-19
underflow!1.18221e-149
pos    0.891882     0.222529    0.0488325     0.512846      0.27017 1.18221e-149
underflow!1.67206e-05
pos   0.927799    0.313061 1.67206e-05    0.563819   0.0113978    0.001276
underflow!9.55228e-73
pos   0.814556    0.259769 3.71009e-05    0.635927    0.112426 9.55228e-73
underflow!3.71009e-05
pos   0.814556    0.259769 3.71009e-05    0.635927    0.112426 9.55228e-73
underflow!3.7397e-05
pos    0.7747   0.220666    0.25028   0.410308  0.0245395 3.7397e-05
underflow!3.45828e-46
pos   0.809789    0.159641   0.0604961    0.678941   0.0583531 3.45828e-46
underflow!2.72189e-122
pos    0.879245     0.266312    0.0188099      0.53027    0.0103061 2.72189e-122
underflow!2.79804e-26
pos   0.898108    0.138117  0.00357692    0.601772  0.00333094 2.79804e-26
underflow!1.10824e-06
pos   0.896134    0.166238 1.10824e-06    0.431673  0.00124097 9.95344e-65
underflow!5.94652e-10
pos   0.867954    0.354431    0.021176    0.633546    0.160378 5.94652e-10
underflow!7.81776e-58
pos   0.782394     0.22885 4.41821e-06    0.756182    0.261625 7.81776e-58
underflow!2.94211e-124
pos    0.892698     0.392686     0.044884     0.562222     0.135194 2.94211e-124
underflow!2.08714e-132
pos    0.945064     0.405759     0.283308     0.691749     0.127707 2.08714e-132
underflow!1.31442e-51
pos   0.776301    0.179589   0.0342364     0.60688   0.0100889 1.31442e-51
underflow!0.000407806
pos   0.886375    0.203581    0.012628    0.600649  0.00603609 0.000407806
underflow!0.000946765
pos   0.945373    0.168381    0.041211    0.826805   0.0741567 0.000946765
Updating Weight Matrix!
GBVEC AND COST:   0.868203    0.210983   0.0410356    0.615891   0.0554812  0.00614576 0.000920952
Chkpt reached!
new weight matrix:
  0.0130373           0           0           0           0           0           0           0           0           0           0           0
          0  0.00515982           0           0           0           0           0           0           0           0           0           0
          0           0    0.093391           0           0           0           0           0           0           0           0           0
          0           0           0     152.464           0           0           0           0           0           0           0           0
          0           0           0           0   0.0044505           0           0           0           0           0           0           0
          0           0           0           0           0    0.055617           0           0           0           0           0           0
          0           0           0           0           0           0 7.10969e-06           0           0           0           0           0
          0           0           0           0           0           0           0 5.50196e-07           0           0           0           0
          0           0           0           0           0           0           0           0 0.000472023           0           0           0
          0           0           0           0           0           0           0           0           0      3178.4           0           0
          0           0           0           0           0           0           0           0           0           0 4.69477e-07           0
          0           0           0           0           0           0           0           0           0           0           0 0.000180196

underflow!2.48428e-05
pos   0.946197    0.132696   0.0967095    0.650543   0.0191755 2.48428e-05
underflow!0.000750895
pos    0.944536     0.149153  0.000347462     0.667268  0.000750895 3.24525e-119
underflow!9.39014e-161
pos    0.979251     0.138793  5.32872e-05     0.545637     0.045155 9.39014e-161
underflow!4.49149e-41
pos   0.944181    0.284484   0.0665956    0.544546    0.148895 4.49149e-41
underflow!1.08804e-132
pos    0.865295     0.187923   0.00255567     0.569918   0.00341809 1.08804e-132
underflow!1.03979e-50
pos   0.836048    0.198318 0.000710426    0.697504   0.0250201 1.03979e-50
underflow!0.000710426
pos   0.836048    0.198318 0.000710426    0.697504   0.0250201 1.03979e-50
underflow!0.000586116
pos   0.873284    0.232863  0.00623115    0.583216 0.000586116 5.96574e-66
underflow!5.96574e-66
pos   0.873284    0.232863  0.00623115    0.583216 0.000586116 5.96574e-66
underflow!2.5311e-06
pos    0.887471     0.283563   2.5311e-06      0.49315     0.084318 1.24919e-175
underflow!5.57887e-06
pos   0.859182    0.202953 5.57887e-06    0.752187   0.0368791 0.000186712
underflow!0.000186712
pos   0.859182    0.202953 5.57887e-06    0.752187   0.0368791 0.000186712
underflow!1.60845e-131
pos    0.898502     0.212154    0.0016363     0.570952    0.0340532 1.60845e-131
underflow!0.000512679
pos    0.80498    0.294774  0.00675927    0.611463   0.0897178 0.000512679
underflow!0.000801188
pos   0.884593    0.274164   0.0549436    0.473846   0.0381557 0.000801188
Updating Weight Matrix!
GBVEC AND COST:  0.868489   0.211091  0.0410181   0.615779  0.0555107 0.00614017  0.0009226
Chkpt reached!
new weight matrix:
  0.0130377           0           0           0           0           0           0           0           0           0           0           0
          0  0.00515963           0           0           0           0           0           0           0           0           0           0
          0           0   0.0933807           0           0           0           0           0           0           0           0           0
          0           0           0     152.449           0           0           0           0           0           0           0           0
          0           0           0           0  0.00445032           0           0           0           0           0           0           0
          0           0           0           0           0    0.055632           0           0           0           0           0           0
          0           0           0           0           0           0  7.1099e-06           0           0           0           0           0
          0           0           0           0           0           0           0 5.50178e-07           0           0           0           0
          0           0           0           0           0           0           0           0 0.000471945           0           0           0
          0           0           0           0           0           0           0           0           0     3177.77           0           0
          0           0           0           0           0           0           0           0           0           0 4.69459e-07           0
          0           0           0           0           0           0           0           0           0           0           0 0.000180291

underflow!5.88042e-05
pos   0.818704    0.234628    0.147598     0.60329 5.88042e-05 6.36701e-45
underflow!6.36701e-45
pos   0.818704    0.234628    0.147598     0.60329 5.88042e-05 6.36701e-45
underflow!1.60679e-278
pos      0.8391     0.189514    0.0256403     0.553307     0.138962 1.60679e-278
underflow!0.000612025
pos   0.832218     0.34571 0.000612025    0.578477    0.038169 7.3958e-110
underflow!1.79469e-212
pos    0.865569     0.215326    0.0257216     0.634851  0.000156305 1.79469e-212
underflow!0.000156305
pos    0.865569     0.215326    0.0257216     0.634851  0.000156305 1.79469e-212
underflow!5.12256e-05
pos    0.932569     0.111786  5.12256e-05     0.686986   0.00588167 2.02061e-163
underflow!2.02061e-163
pos    0.932569     0.111786  5.12256e-05     0.686986   0.00588167 2.02061e-163
underflow!6.02348e-12
pos   0.630133    0.199972   0.0050571    0.779703   0.0626273 6.02348e-12
underflow!1.15537e-95
pos    0.92561    0.126235     0.14513    0.616527   0.0180161 1.15537e-95
underflow!2.34758e-109
pos    0.936266     0.213972  2.19531e-05     0.651795     0.092549 2.34758e-109
underflow!2.19531e-05
pos    0.936266     0.213972  2.19531e-05     0.651795     0.092549 2.34758e-109
underflow!8.47753e-10
pos    0.749839      0.12185  8.47753e-10     0.577866      0.11195 6.89602e-245
underflow!6.89602e-245
pos    0.749839      0.12185  8.47753e-10     0.577866      0.11195 6.89602e-245
underflow!9.94766e-23
pos   0.755135    0.116314    0.100123    0.637374     0.25196 9.94766e-23
underflow!1.30752e-84
pos   0.969928    0.108613    0.117792    0.581875    0.182947 1.30752e-84
Updating Weight Matrix!
GBVEC AND COST:   0.881283    0.195833   0.0417131    0.554929   0.0466671  0.00741396 0.000839118
Chkpt reached!
new weight matrix:
   0.013043           0           0           0           0           0           0           0           0           0           0           0
          0  0.00515859           0           0           0           0           0           0           0           0           0           0
          0           0    0.093097           0           0           0           0           0           0           0           0           0
          0           0           0     154.546           0           0           0           0           0           0           0           0
          0           0           0           0     0.00445           0           0           0           0           0           0           0
          0           0           0           0           0   0.0556803           0           0           0           0           0           0
          0           0           0           0           0           0 7.11566e-06           0           0           0           0           0
          0           0           0           0           0           0           0 5.50145e-07           0           0           0           0
          0           0           0           0           0           0           0           0  0.00046979           0           0           0
          0           0           0           0           0           0           0           0           0     3257.48           0           0
          0           0           0           0           0           0           0           0           0           0 4.69418e-07           0
          0           0           0           0           0           0           0           0           0           0           0 0.000180526

underflow!9.25601e-147
pos    0.946264     0.113603   0.00620398     0.687769     0.197612 9.25601e-147
underflow!3.6104e-10
pos   0.935497    0.102549   0.0490245    0.615515 5.30252e-08  3.6104e-10
underflow!1.8209e-89
pos   0.914571    0.355231 4.14804e-05     0.65392   0.0367312  1.8209e-89
underflow!0.000219855
pos   0.680594    0.193637  0.00207852    0.487829 0.000219855 2.16331e-80
underflow!2.16331e-80
pos   0.680594    0.193637  0.00207852    0.487829 0.000219855 2.16331e-80
underflow!0.000773072
pos   0.739667    0.175645   0.0294919    0.515783 0.000773072 3.20838e-13
underflow!3.20838e-13
pos   0.739667    0.175645   0.0294919    0.515783 0.000773072 3.20838e-13
underflow!9.73007e-05
pos   0.811337    0.198306   0.0945763    0.487436 9.73007e-05 1.85119e-09
underflow!1.00197e-08
pos    0.98772    0.299927    0.164368    0.565494    0.147809 1.00197e-08
underflow!2.11615e-08
pos    0.87343    0.145334 1.96275e-07    0.627132   0.0272828 2.11615e-08
underflow!0.000326285
pos   0.971337    0.253949 0.000326285    0.630751 0.000439818 1.33423e-08
underflow!7.33753e-26
pos   0.879907    0.132947    0.137412    0.705834  0.00466391 7.33753e-26
underflow!0.00010772
pos   0.943316    0.076426  0.00010772      0.5703    0.117978 4.58531e-55
underflow!4.58531e-55
pos   0.943316    0.076426  0.00010772      0.5703    0.117978 4.58531e-55
underflow!2.45922e-05
pos   0.754948    0.220568 2.45922e-05    0.402194  0.00293783  8.8848e-05
underflow!8.8848e-05
pos   0.754948    0.220568 2.45922e-05    0.402194  0.00293783  8.8848e-05
underflow!1.87598e-10
pos   0.979005    0.205888 1.87598e-10    0.471288  0.00391166 4.87572e-06
underflow!7.50272e-07
pos    0.99808    0.019619  0.00620757    0.748115     0.27484 7.50272e-07
underflow!0.000116366
pos   0.853444    0.346018    0.017295    0.477362   0.0113809 0.000116366
