PSO_S_ODE_NonLinear
Using two part PSOSample Size:1000 with:27 moments.
Using Record Time:38.76
Bounds for Uniform Distribution (0,1)
Blind PSO --> nParts:300 Nsteps:5
Targeted PSO --> nParts:20 Nsteps:20
mu: 80 120  85
covarMat:
 50   0   0
  0 100   0
  0   0  50

Yt:  4.19836   3.69396   2.43792  0.127133   6.25901   3.38673   61.5149   131.174   11.3804 0.0191248   170.732   22.0444  0.770294   11.5588  0.719858   13.0489   16.4245   13.6095  0.145635   144.929   18.3056  0.323954   25.3139    15.834  0.488713  0.454687   34.5943
seedk: 0.88951 0.772603 0.222751 0.536479 0.494074 0.115411| cost:2468.92
Xt: 4.44886  3.45665  1.83526 0.825366  6.11728  3.52367  57.9121  104.492  7.25724 0.813852  142.071  26.7428  2.05337  8.90887  4.74239  15.7046  17.1822  11.5613   1.3753  117.428  22.0571  1.81745   20.636   13.931   4.0066  3.49692   39.485
PSO begins!
GBMAT from targeted PSO:

  0.88951  0.772603  0.222751  0.536479  0.494074  0.115411   2468.92
  0.88951  0.772603  0.222751  0.536479  0.494074  0.115411   2468.92
 0.632958  0.806213   0.44971  0.789635    0.4444  0.381301    300.66
 0.486691  0.700228 0.0846443  0.205289 0.0909159 0.0670221   266.781
 0.486691  0.700228 0.0846443  0.205289 0.0909159 0.0670221   266.781
  0.38401  0.819493 0.0916871  0.320225 0.0955175 0.0694314   248.752

truk:  0.515996 0.0603199  0.103199  0.896801   0.05516 0.0722394
total difference b/w truk and final GBVEC0.927974

targeted PSO has started!
Updating Weight Matrix!
GBVEC AND COST:  0.38401  0.819493 0.0916871  0.320225 0.0955175 0.0694314   248.752
Chkpt reached!
new weight matrix:
  0.0126601           0           0           0           0           0           0           0           0           0           0           0           0           0           0           0           0           0           0           0           0           0           0           0           0           0           0
          0  0.00435163           0           0           0           0           0           0           0           0           0           0           0           0           0           0           0           0           0           0           0           0           0           0           0           0           0
          0           0   0.0968083           0           0           0           0           0           0           0           0           0           0           0           0           0           0           0           0           0           0           0           0           0           0           0           0
          0           0           0     47.1149           0           0           0           0           0           0           0           0           0           0           0           0           0           0           0           0           0           0           0           0           0           0           0
          0           0           0           0  0.00383693           0           0           0           0           0           0           0           0           0           0           0           0           0           0           0           0           0           0           0           0           0           0
          0           0           0           0           0   0.0540373           0           0           0           0           0           0           0           0           0           0           0           0           0           0           0           0           0           0           0           0           0
          0           0           0           0           0           0 8.18641e-06           0           0           0           0           0           0           0           0           0           0           0           0           0           0           0           0           0           0           0           0
          0           0           0           0           0           0           0 3.55443e-07           0           0           0           0           0           0           0           0           0           0           0           0           0           0           0           0           0           0           0
          0           0           0           0           0           0           0           0 0.000524123           0           0           0           0           0           0           0           0           0           0           0           0           0           0           0           0           0           0
          0           0           0           0           0           0           0           0           0     166.516           0           0           0           0           0           0           0           0           0           0           0           0           0           0           0           0           0
          0           0           0           0           0           0           0           0           0           0 3.08506e-07           0           0           0           0           0           0           0           0           0           0           0           0           0           0           0           0
          0           0           0           0           0           0           0           0           0           0           0 0.000151933           0           0           0           0           0           0           0           0           0           0           0           0           0           0           0
          0           0           0           0           0           0           0           0           0           0           0           0     0.03739           0           0           0           0           0           0           0           0           0           0           0           0           0           0
          0           0           0           0           0           0           0           0           0           0           0           0           0 0.000503894           0           0           0           0           0           0           0           0           0           0           0           0           0
          0           0           0           0           0           0           0           0           0           0           0           0           0           0   0.0908599           0           0           0           0           0           0           0           0           0           0           0           0
          0           0           0           0           0           0           0           0           0           0           0           0           0           0           0 0.000415639           0           0           0           0           0           0           0           0           0           0           0
          0           0           0           0           0           0           0           0           0           0           0           0           0           0           0           0 0.000264719           0           0           0           0           0           0           0           0           0           0
          0           0           0           0           0           0           0           0           0           0           0           0           0           0           0           0           0 0.000141657           0           0           0           0           0           0           0           0           0
          0           0           0           0           0           0           0           0           0           0           0           0           0           0           0           0           0           0     1.51414           0           0           0           0           0           0           0           0
          0           0           0           0           0           0           0           0           0           0           0           0           0           0           0           0           0           0           0 3.32004e-07           0           0           0           0           0           0           0
          0           0           0           0           0           0           0           0           0           0           0           0           0           0           0           0           0           0           0           0 8.55459e-05           0           0           0           0           0           0
          0           0           0           0           0           0           0           0           0           0           0           0           0           0           0           0           0           0           0           0           0    0.960184           0           0           0           0           0
          0           0           0           0           0           0           0           0           0           0           0           0           0           0           0           0           0           0           0           0           0           0 8.68048e-05           0           0           0           0
          0           0           0           0           0           0           0           0           0           0           0           0           0           0           0           0           0           0           0           0           0           0           0 0.000283786           0           0           0
          0           0           0           0           0           0           0           0           0           0           0           0           0           0           0           0           0           0           0           0           0           0           0           0    0.434746           0           0
          0           0           0           0           0           0           0           0           0           0           0           0           0           0           0           0           0           0           0           0           0           0           0           0           0    0.555185           0
          0           0           0           0           0           0           0           0           0           0           0           0           0           0           0           0           0           0           0           0           0           0           0           0           0           0 5.18512e-05



new GBMAT with step:0
  0.88951  0.772603  0.222751  0.536479  0.494074  0.115411   2468.92
  0.88951  0.772603  0.222751  0.536479  0.494074  0.115411   2468.92
 0.632958  0.806213   0.44971  0.789635    0.4444  0.381301    300.66
 0.486691  0.700228 0.0846443  0.205289 0.0909159 0.0670221   266.781
 0.486691  0.700228 0.0846443  0.205289 0.0909159 0.0670221   266.781
  0.38401  0.819493 0.0916871  0.320225 0.0955175 0.0694314   248.752
  0.38401  0.819493 0.0916871  0.320225 0.0955175 0.0694314   3.52418
  0.38401  0.819493 0.0916871  0.320225 0.0955175 0.0694314   3.52418
New PBMAT:
   0.210631    0.715281  0.00417584    0.332826    0.171868   0.0169417     4.32207
   0.512964    0.934075   0.0170856    0.138979   0.0974082   0.0666642     1.74021
    0.52901    0.969859   0.0196388    0.535761    0.333073  0.00343841     1.82736
   0.436472    0.891975   0.0751149    0.363676  0.00856232  0.00313643    0.963596
    0.39743    0.932987   0.0357968    0.357455    0.210937    0.208927     2.45545
   0.707719     0.82106  0.00975192   0.0903503   0.0546672 0.000117972     1.10202
   0.257639    0.923347   0.0223515    0.273882   0.0109456    0.177812     4.51734
   0.142051    0.747105   0.0608196    0.344927 0.000533901   0.0113406     2.51188
   0.401656    0.663282    0.149891    0.567229   0.0388198 8.11121e-05     26.9951
   0.178699      0.9919   0.0246944     0.24916    0.191197    0.167824     6.91299
   0.386781    0.730675    0.184612    0.335132   0.0136918    0.186288     2.80473
   0.650348    0.981709    0.177697    0.359187   0.0684894 1.08301e-10     211.763
   0.300407    0.890959  0.00778334    0.516666   0.0138734 8.07733e-08     3.52917
   0.348106    0.709412   0.0114316    0.378959    0.123972  0.00191494     1.59442
      0.292    0.699145   0.0547842    0.291743    0.038297 9.19447e-05     2.45058
    0.29742    0.930274    0.474087    0.241004    0.129484    0.689468      78.755
   0.226175    0.871283  0.00334631    0.278929    0.137647   0.0186408     5.10866
   0.255509    0.927895  0.00955849    0.437098   0.0159164  0.00397362     4.12528
   0.348822    0.633454  0.00631735    0.354766   0.0216178 9.74634e-08     2.45112
   0.329665    0.802803    0.177797    0.434581   0.0354899   0.0137147     13.9023

underflow!8.07733e-08
pos   0.300407    0.890959  0.00778334    0.516666   0.0138734 8.07733e-08
underflow!9.19447e-05
pos      0.292    0.699145   0.0547842    0.291743    0.038297 9.19447e-05
underflow!9.74634e-08
pos   0.348822    0.633454  0.00631735    0.354766   0.0216178 9.74634e-08


new GBMAT with step:1
  0.88951  0.772603  0.222751  0.536479  0.494074  0.115411   2468.92
  0.88951  0.772603  0.222751  0.536479  0.494074  0.115411   2468.92
 0.632958  0.806213   0.44971  0.789635    0.4444  0.381301    300.66
 0.486691  0.700228 0.0846443  0.205289 0.0909159 0.0670221   266.781
 0.486691  0.700228 0.0846443  0.205289 0.0909159 0.0670221   266.781
  0.38401  0.819493 0.0916871  0.320225 0.0955175 0.0694314   248.752
  0.38401  0.819493 0.0916871  0.320225 0.0955175 0.0694314   3.52418
  0.38401  0.819493 0.0916871  0.320225 0.0955175 0.0694314   3.52418
 0.324997  0.787437 0.0565024  0.415889 0.0341897 0.0118915  0.630128
underflow!2.76037e-05
pos   0.168661    0.800128  0.00786363    0.352916  0.00820618 2.76037e-05


new GBMAT with step:2
  0.88951  0.772603  0.222751  0.536479  0.494074  0.115411   2468.92
  0.88951  0.772603  0.222751  0.536479  0.494074  0.115411   2468.92
 0.632958  0.806213   0.44971  0.789635    0.4444  0.381301    300.66
 0.486691  0.700228 0.0846443  0.205289 0.0909159 0.0670221   266.781
 0.486691  0.700228 0.0846443  0.205289 0.0909159 0.0670221   266.781
  0.38401  0.819493 0.0916871  0.320225 0.0955175 0.0694314   248.752
  0.38401  0.819493 0.0916871  0.320225 0.0955175 0.0694314   3.52418
  0.38401  0.819493 0.0916871  0.320225 0.0955175 0.0694314   3.52418
 0.324997  0.787437 0.0565024  0.415889 0.0341897 0.0118915  0.630128
 0.324997  0.787437 0.0565024  0.415889 0.0341897 0.0118915  0.630128


new GBMAT with step:3
  0.88951  0.772603  0.222751  0.536479  0.494074  0.115411   2468.92
  0.88951  0.772603  0.222751  0.536479  0.494074  0.115411   2468.92
 0.632958  0.806213   0.44971  0.789635    0.4444  0.381301    300.66
 0.486691  0.700228 0.0846443  0.205289 0.0909159 0.0670221   266.781
 0.486691  0.700228 0.0846443  0.205289 0.0909159 0.0670221   266.781
  0.38401  0.819493 0.0916871  0.320225 0.0955175 0.0694314   248.752
  0.38401  0.819493 0.0916871  0.320225 0.0955175 0.0694314   3.52418
  0.38401  0.819493 0.0916871  0.320225 0.0955175 0.0694314   3.52418
 0.324997  0.787437 0.0565024  0.415889 0.0341897 0.0118915  0.630128
 0.324997  0.787437 0.0565024  0.415889 0.0341897 0.0118915  0.630128
 0.324997  0.749249 0.0496194  0.351578 0.0300524 0.0104417  0.584719


new GBMAT with step:4
  0.88951  0.772603  0.222751  0.536479  0.494074  0.115411   2468.92
  0.88951  0.772603  0.222751  0.536479  0.494074  0.115411   2468.92
 0.632958  0.806213   0.44971  0.789635    0.4444  0.381301    300.66
 0.486691  0.700228 0.0846443  0.205289 0.0909159 0.0670221   266.781
 0.486691  0.700228 0.0846443  0.205289 0.0909159 0.0670221   266.781
  0.38401  0.819493 0.0916871  0.320225 0.0955175 0.0694314   248.752
  0.38401  0.819493 0.0916871  0.320225 0.0955175 0.0694314   3.52418
  0.38401  0.819493 0.0916871  0.320225 0.0955175 0.0694314   3.52418
 0.324997  0.787437 0.0565024  0.415889 0.0341897 0.0118915  0.630128
 0.324997  0.787437 0.0565024  0.415889 0.0341897 0.0118915  0.630128
 0.324997  0.749249 0.0496194  0.351578 0.0300524 0.0104417  0.584719
 0.324407  0.757262 0.0548539  0.365669 0.0254455 0.0100882   0.57911


new GBMAT with step:5
  0.88951  0.772603  0.222751  0.536479  0.494074  0.115411   2468.92
  0.88951  0.772603  0.222751  0.536479  0.494074  0.115411   2468.92
 0.632958  0.806213   0.44971  0.789635    0.4444  0.381301    300.66
 0.486691  0.700228 0.0846443  0.205289 0.0909159 0.0670221   266.781
 0.486691  0.700228 0.0846443  0.205289 0.0909159 0.0670221   266.781
  0.38401  0.819493 0.0916871  0.320225 0.0955175 0.0694314   248.752
  0.38401  0.819493 0.0916871  0.320225 0.0955175 0.0694314   3.52418
  0.38401  0.819493 0.0916871  0.320225 0.0955175 0.0694314   3.52418
 0.324997  0.787437 0.0565024  0.415889 0.0341897 0.0118915  0.630128
 0.324997  0.787437 0.0565024  0.415889 0.0341897 0.0118915  0.630128
 0.324997  0.749249 0.0496194  0.351578 0.0300524 0.0104417  0.584719
 0.324407  0.757262 0.0548539  0.365669 0.0254455 0.0100882   0.57911
 0.324407  0.757262 0.0548539  0.365669 0.0254455 0.0100882   0.57911


new GBMAT with step:6
   0.88951   0.772603   0.222751   0.536479   0.494074   0.115411    2468.92
   0.88951   0.772603   0.222751   0.536479   0.494074   0.115411    2468.92
  0.632958   0.806213    0.44971   0.789635     0.4444   0.381301     300.66
  0.486691   0.700228  0.0846443   0.205289  0.0909159  0.0670221    266.781
  0.486691   0.700228  0.0846443   0.205289  0.0909159  0.0670221    266.781
   0.38401   0.819493  0.0916871   0.320225  0.0955175  0.0694314    248.752
   0.38401   0.819493  0.0916871   0.320225  0.0955175  0.0694314    3.52418
   0.38401   0.819493  0.0916871   0.320225  0.0955175  0.0694314    3.52418
  0.324997   0.787437  0.0565024   0.415889  0.0341897  0.0118915   0.630128
  0.324997   0.787437  0.0565024   0.415889  0.0341897  0.0118915   0.630128
  0.324997   0.749249  0.0496194   0.351578  0.0300524  0.0104417   0.584719
  0.324407   0.757262  0.0548539   0.365669  0.0254455  0.0100882    0.57911
  0.324407   0.757262  0.0548539   0.365669  0.0254455  0.0100882    0.57911
  0.635295   0.608789  0.0343031   0.359238  0.0419721 0.00360849   0.141459


new GBMAT with step:7
   0.88951   0.772603   0.222751   0.536479   0.494074   0.115411    2468.92
   0.88951   0.772603   0.222751   0.536479   0.494074   0.115411    2468.92
  0.632958   0.806213    0.44971   0.789635     0.4444   0.381301     300.66
  0.486691   0.700228  0.0846443   0.205289  0.0909159  0.0670221    266.781
  0.486691   0.700228  0.0846443   0.205289  0.0909159  0.0670221    266.781
   0.38401   0.819493  0.0916871   0.320225  0.0955175  0.0694314    248.752
   0.38401   0.819493  0.0916871   0.320225  0.0955175  0.0694314    3.52418
   0.38401   0.819493  0.0916871   0.320225  0.0955175  0.0694314    3.52418
  0.324997   0.787437  0.0565024   0.415889  0.0341897  0.0118915   0.630128
  0.324997   0.787437  0.0565024   0.415889  0.0341897  0.0118915   0.630128
  0.324997   0.749249  0.0496194   0.351578  0.0300524  0.0104417   0.584719
  0.324407   0.757262  0.0548539   0.365669  0.0254455  0.0100882    0.57911
  0.324407   0.757262  0.0548539   0.365669  0.0254455  0.0100882    0.57911
  0.635295   0.608789  0.0343031   0.359238  0.0419721 0.00360849   0.141459
  0.635295   0.608789  0.0343031   0.359238  0.0419721 0.00360849   0.141459


new GBMAT with step:8
   0.88951   0.772603   0.222751   0.536479   0.494074   0.115411    2468.92
   0.88951   0.772603   0.222751   0.536479   0.494074   0.115411    2468.92
  0.632958   0.806213    0.44971   0.789635     0.4444   0.381301     300.66
  0.486691   0.700228  0.0846443   0.205289  0.0909159  0.0670221    266.781
  0.486691   0.700228  0.0846443   0.205289  0.0909159  0.0670221    266.781
   0.38401   0.819493  0.0916871   0.320225  0.0955175  0.0694314    248.752
   0.38401   0.819493  0.0916871   0.320225  0.0955175  0.0694314    3.52418
   0.38401   0.819493  0.0916871   0.320225  0.0955175  0.0694314    3.52418
  0.324997   0.787437  0.0565024   0.415889  0.0341897  0.0118915   0.630128
  0.324997   0.787437  0.0565024   0.415889  0.0341897  0.0118915   0.630128
  0.324997   0.749249  0.0496194   0.351578  0.0300524  0.0104417   0.584719
  0.324407   0.757262  0.0548539   0.365669  0.0254455  0.0100882    0.57911
  0.324407   0.757262  0.0548539   0.365669  0.0254455  0.0100882    0.57911
  0.635295   0.608789  0.0343031   0.359238  0.0419721 0.00360849   0.141459
  0.635295   0.608789  0.0343031   0.359238  0.0419721 0.00360849   0.141459
  0.587394   0.583849  0.0311942   0.335429  0.0325221 0.00529621   0.130839


new GBMAT with step:9
   0.88951   0.772603   0.222751   0.536479   0.494074   0.115411    2468.92
   0.88951   0.772603   0.222751   0.536479   0.494074   0.115411    2468.92
  0.632958   0.806213    0.44971   0.789635     0.4444   0.381301     300.66
  0.486691   0.700228  0.0846443   0.205289  0.0909159  0.0670221    266.781
  0.486691   0.700228  0.0846443   0.205289  0.0909159  0.0670221    266.781
   0.38401   0.819493  0.0916871   0.320225  0.0955175  0.0694314    248.752
   0.38401   0.819493  0.0916871   0.320225  0.0955175  0.0694314    3.52418
   0.38401   0.819493  0.0916871   0.320225  0.0955175  0.0694314    3.52418
  0.324997   0.787437  0.0565024   0.415889  0.0341897  0.0118915   0.630128
  0.324997   0.787437  0.0565024   0.415889  0.0341897  0.0118915   0.630128
  0.324997   0.749249  0.0496194   0.351578  0.0300524  0.0104417   0.584719
  0.324407   0.757262  0.0548539   0.365669  0.0254455  0.0100882    0.57911
  0.324407   0.757262  0.0548539   0.365669  0.0254455  0.0100882    0.57911
  0.635295   0.608789  0.0343031   0.359238  0.0419721 0.00360849   0.141459
  0.635295   0.608789  0.0343031   0.359238  0.0419721 0.00360849   0.141459
  0.587394   0.583849  0.0311942   0.335429  0.0325221 0.00529621   0.130839
  0.557248   0.552501   0.033827   0.326546   0.025918 0.00339421   0.103211
underflow!0.000821771
pos   0.527045    0.682401   0.0657656    0.319064   0.0301094 0.000821771


new GBMAT with step:10
   0.88951   0.772603   0.222751   0.536479   0.494074   0.115411    2468.92
   0.88951   0.772603   0.222751   0.536479   0.494074   0.115411    2468.92
  0.632958   0.806213    0.44971   0.789635     0.4444   0.381301     300.66
  0.486691   0.700228  0.0846443   0.205289  0.0909159  0.0670221    266.781
  0.486691   0.700228  0.0846443   0.205289  0.0909159  0.0670221    266.781
   0.38401   0.819493  0.0916871   0.320225  0.0955175  0.0694314    248.752
   0.38401   0.819493  0.0916871   0.320225  0.0955175  0.0694314    3.52418
   0.38401   0.819493  0.0916871   0.320225  0.0955175  0.0694314    3.52418
  0.324997   0.787437  0.0565024   0.415889  0.0341897  0.0118915   0.630128
  0.324997   0.787437  0.0565024   0.415889  0.0341897  0.0118915   0.630128
  0.324997   0.749249  0.0496194   0.351578  0.0300524  0.0104417   0.584719
  0.324407   0.757262  0.0548539   0.365669  0.0254455  0.0100882    0.57911
  0.324407   0.757262  0.0548539   0.365669  0.0254455  0.0100882    0.57911
  0.635295   0.608789  0.0343031   0.359238  0.0419721 0.00360849   0.141459
  0.635295   0.608789  0.0343031   0.359238  0.0419721 0.00360849   0.141459
  0.587394   0.583849  0.0311942   0.335429  0.0325221 0.00529621   0.130839
  0.557248   0.552501   0.033827   0.326546   0.025918 0.00339421   0.103211
  0.557248   0.552501   0.033827   0.326546   0.025918 0.00339421   0.103211


new GBMAT with step:11
   0.88951   0.772603   0.222751   0.536479   0.494074   0.115411    2468.92
   0.88951   0.772603   0.222751   0.536479   0.494074   0.115411    2468.92
  0.632958   0.806213    0.44971   0.789635     0.4444   0.381301     300.66
  0.486691   0.700228  0.0846443   0.205289  0.0909159  0.0670221    266.781
  0.486691   0.700228  0.0846443   0.205289  0.0909159  0.0670221    266.781
   0.38401   0.819493  0.0916871   0.320225  0.0955175  0.0694314    248.752
   0.38401   0.819493  0.0916871   0.320225  0.0955175  0.0694314    3.52418
   0.38401   0.819493  0.0916871   0.320225  0.0955175  0.0694314    3.52418
  0.324997   0.787437  0.0565024   0.415889  0.0341897  0.0118915   0.630128
  0.324997   0.787437  0.0565024   0.415889  0.0341897  0.0118915   0.630128
  0.324997   0.749249  0.0496194   0.351578  0.0300524  0.0104417   0.584719
  0.324407   0.757262  0.0548539   0.365669  0.0254455  0.0100882    0.57911
  0.324407   0.757262  0.0548539   0.365669  0.0254455  0.0100882    0.57911
  0.635295   0.608789  0.0343031   0.359238  0.0419721 0.00360849   0.141459
  0.635295   0.608789  0.0343031   0.359238  0.0419721 0.00360849   0.141459
  0.587394   0.583849  0.0311942   0.335429  0.0325221 0.00529621   0.130839
  0.557248   0.552501   0.033827   0.326546   0.025918 0.00339421   0.103211
  0.557248   0.552501   0.033827   0.326546   0.025918 0.00339421   0.103211
  0.570127   0.532447  0.0327022    0.30472  0.0287394 0.00264991   0.096899


new GBMAT with step:12
   0.88951   0.772603   0.222751   0.536479   0.494074   0.115411    2468.92
   0.88951   0.772603   0.222751   0.536479   0.494074   0.115411    2468.92
  0.632958   0.806213    0.44971   0.789635     0.4444   0.381301     300.66
  0.486691   0.700228  0.0846443   0.205289  0.0909159  0.0670221    266.781
  0.486691   0.700228  0.0846443   0.205289  0.0909159  0.0670221    266.781
   0.38401   0.819493  0.0916871   0.320225  0.0955175  0.0694314    248.752
   0.38401   0.819493  0.0916871   0.320225  0.0955175  0.0694314    3.52418
   0.38401   0.819493  0.0916871   0.320225  0.0955175  0.0694314    3.52418
  0.324997   0.787437  0.0565024   0.415889  0.0341897  0.0118915   0.630128
  0.324997   0.787437  0.0565024   0.415889  0.0341897  0.0118915   0.630128
  0.324997   0.749249  0.0496194   0.351578  0.0300524  0.0104417   0.584719
  0.324407   0.757262  0.0548539   0.365669  0.0254455  0.0100882    0.57911
  0.324407   0.757262  0.0548539   0.365669  0.0254455  0.0100882    0.57911
  0.635295   0.608789  0.0343031   0.359238  0.0419721 0.00360849   0.141459
  0.635295   0.608789  0.0343031   0.359238  0.0419721 0.00360849   0.141459
  0.587394   0.583849  0.0311942   0.335429  0.0325221 0.00529621   0.130839
  0.557248   0.552501   0.033827   0.326546   0.025918 0.00339421   0.103211
  0.557248   0.552501   0.033827   0.326546   0.025918 0.00339421   0.103211
  0.570127   0.532447  0.0327022    0.30472  0.0287394 0.00264991   0.096899
  0.570127   0.532447  0.0327022    0.30472  0.0287394 0.00264991   0.096899


new GBMAT with step:13
   0.88951   0.772603   0.222751   0.536479   0.494074   0.115411    2468.92
   0.88951   0.772603   0.222751   0.536479   0.494074   0.115411    2468.92
  0.632958   0.806213    0.44971   0.789635     0.4444   0.381301     300.66
  0.486691   0.700228  0.0846443   0.205289  0.0909159  0.0670221    266.781
  0.486691   0.700228  0.0846443   0.205289  0.0909159  0.0670221    266.781
   0.38401   0.819493  0.0916871   0.320225  0.0955175  0.0694314    248.752
   0.38401   0.819493  0.0916871   0.320225  0.0955175  0.0694314    3.52418
   0.38401   0.819493  0.0916871   0.320225  0.0955175  0.0694314    3.52418
  0.324997   0.787437  0.0565024   0.415889  0.0341897  0.0118915   0.630128
  0.324997   0.787437  0.0565024   0.415889  0.0341897  0.0118915   0.630128
  0.324997   0.749249  0.0496194   0.351578  0.0300524  0.0104417   0.584719
  0.324407   0.757262  0.0548539   0.365669  0.0254455  0.0100882    0.57911
  0.324407   0.757262  0.0548539   0.365669  0.0254455  0.0100882    0.57911
  0.635295   0.608789  0.0343031   0.359238  0.0419721 0.00360849   0.141459
  0.635295   0.608789  0.0343031   0.359238  0.0419721 0.00360849   0.141459
  0.587394   0.583849  0.0311942   0.335429  0.0325221 0.00529621   0.130839
  0.557248   0.552501   0.033827   0.326546   0.025918 0.00339421   0.103211
  0.557248   0.552501   0.033827   0.326546   0.025918 0.00339421   0.103211
  0.570127   0.532447  0.0327022    0.30472  0.0287394 0.00264991   0.096899
  0.570127   0.532447  0.0327022    0.30472  0.0287394 0.00264991   0.096899
   0.69181    0.41634  0.0293638   0.316287  0.0266321 0.00266501  0.0433734


new GBMAT with step:14
   0.88951   0.772603   0.222751   0.536479   0.494074   0.115411    2468.92
   0.88951   0.772603   0.222751   0.536479   0.494074   0.115411    2468.92
  0.632958   0.806213    0.44971   0.789635     0.4444   0.381301     300.66
  0.486691   0.700228  0.0846443   0.205289  0.0909159  0.0670221    266.781
  0.486691   0.700228  0.0846443   0.205289  0.0909159  0.0670221    266.781
   0.38401   0.819493  0.0916871   0.320225  0.0955175  0.0694314    248.752
   0.38401   0.819493  0.0916871   0.320225  0.0955175  0.0694314    3.52418
   0.38401   0.819493  0.0916871   0.320225  0.0955175  0.0694314    3.52418
  0.324997   0.787437  0.0565024   0.415889  0.0341897  0.0118915   0.630128
  0.324997   0.787437  0.0565024   0.415889  0.0341897  0.0118915   0.630128
  0.324997   0.749249  0.0496194   0.351578  0.0300524  0.0104417   0.584719
  0.324407   0.757262  0.0548539   0.365669  0.0254455  0.0100882    0.57911
  0.324407   0.757262  0.0548539   0.365669  0.0254455  0.0100882    0.57911
  0.635295   0.608789  0.0343031   0.359238  0.0419721 0.00360849   0.141459
  0.635295   0.608789  0.0343031   0.359238  0.0419721 0.00360849   0.141459
  0.587394   0.583849  0.0311942   0.335429  0.0325221 0.00529621   0.130839
  0.557248   0.552501   0.033827   0.326546   0.025918 0.00339421   0.103211
  0.557248   0.552501   0.033827   0.326546   0.025918 0.00339421   0.103211
  0.570127   0.532447  0.0327022    0.30472  0.0287394 0.00264991   0.096899
  0.570127   0.532447  0.0327022    0.30472  0.0287394 0.00264991   0.096899
   0.69181    0.41634  0.0293638   0.316287  0.0266321 0.00266501  0.0433734
   0.69181    0.41634  0.0293638   0.316287  0.0266321 0.00266501  0.0433734


new GBMAT with step:15
   0.88951   0.772603   0.222751   0.536479   0.494074   0.115411    2468.92
   0.88951   0.772603   0.222751   0.536479   0.494074   0.115411    2468.92
  0.632958   0.806213    0.44971   0.789635     0.4444   0.381301     300.66
  0.486691   0.700228  0.0846443   0.205289  0.0909159  0.0670221    266.781
  0.486691   0.700228  0.0846443   0.205289  0.0909159  0.0670221    266.781
   0.38401   0.819493  0.0916871   0.320225  0.0955175  0.0694314    248.752
   0.38401   0.819493  0.0916871   0.320225  0.0955175  0.0694314    3.52418
   0.38401   0.819493  0.0916871   0.320225  0.0955175  0.0694314    3.52418
  0.324997   0.787437  0.0565024   0.415889  0.0341897  0.0118915   0.630128
  0.324997   0.787437  0.0565024   0.415889  0.0341897  0.0118915   0.630128
  0.324997   0.749249  0.0496194   0.351578  0.0300524  0.0104417   0.584719
  0.324407   0.757262  0.0548539   0.365669  0.0254455  0.0100882    0.57911
  0.324407   0.757262  0.0548539   0.365669  0.0254455  0.0100882    0.57911
  0.635295   0.608789  0.0343031   0.359238  0.0419721 0.00360849   0.141459
  0.635295   0.608789  0.0343031   0.359238  0.0419721 0.00360849   0.141459
  0.587394   0.583849  0.0311942   0.335429  0.0325221 0.00529621   0.130839
  0.557248   0.552501   0.033827   0.326546   0.025918 0.00339421   0.103211
  0.557248   0.552501   0.033827   0.326546   0.025918 0.00339421   0.103211
  0.570127   0.532447  0.0327022    0.30472  0.0287394 0.00264991   0.096899
  0.570127   0.532447  0.0327022    0.30472  0.0287394 0.00264991   0.096899
   0.69181    0.41634  0.0293638   0.316287  0.0266321 0.00266501  0.0433734
   0.69181    0.41634  0.0293638   0.316287  0.0266321 0.00266501  0.0433734
  0.688257   0.421948  0.0313347   0.315439  0.0266388 0.00270988  0.0325883


new GBMAT with step:16
   0.88951   0.772603   0.222751   0.536479   0.494074   0.115411    2468.92
   0.88951   0.772603   0.222751   0.536479   0.494074   0.115411    2468.92
  0.632958   0.806213    0.44971   0.789635     0.4444   0.381301     300.66
  0.486691   0.700228  0.0846443   0.205289  0.0909159  0.0670221    266.781
  0.486691   0.700228  0.0846443   0.205289  0.0909159  0.0670221    266.781
   0.38401   0.819493  0.0916871   0.320225  0.0955175  0.0694314    248.752
   0.38401   0.819493  0.0916871   0.320225  0.0955175  0.0694314    3.52418
   0.38401   0.819493  0.0916871   0.320225  0.0955175  0.0694314    3.52418
  0.324997   0.787437  0.0565024   0.415889  0.0341897  0.0118915   0.630128
  0.324997   0.787437  0.0565024   0.415889  0.0341897  0.0118915   0.630128
  0.324997   0.749249  0.0496194   0.351578  0.0300524  0.0104417   0.584719
  0.324407   0.757262  0.0548539   0.365669  0.0254455  0.0100882    0.57911
  0.324407   0.757262  0.0548539   0.365669  0.0254455  0.0100882    0.57911
  0.635295   0.608789  0.0343031   0.359238  0.0419721 0.00360849   0.141459
  0.635295   0.608789  0.0343031   0.359238  0.0419721 0.00360849   0.141459
  0.587394   0.583849  0.0311942   0.335429  0.0325221 0.00529621   0.130839
  0.557248   0.552501   0.033827   0.326546   0.025918 0.00339421   0.103211
  0.557248   0.552501   0.033827   0.326546   0.025918 0.00339421   0.103211
  0.570127   0.532447  0.0327022    0.30472  0.0287394 0.00264991   0.096899
  0.570127   0.532447  0.0327022    0.30472  0.0287394 0.00264991   0.096899
   0.69181    0.41634  0.0293638   0.316287  0.0266321 0.00266501  0.0433734
   0.69181    0.41634  0.0293638   0.316287  0.0266321 0.00266501  0.0433734
  0.688257   0.421948  0.0313347   0.315439  0.0266388 0.00270988  0.0325883
  0.749465   0.378576  0.0336035    0.30153  0.0219714  0.0038412  0.0235244


new GBMAT with step:17
   0.88951   0.772603   0.222751   0.536479   0.494074   0.115411    2468.92
   0.88951   0.772603   0.222751   0.536479   0.494074   0.115411    2468.92
  0.632958   0.806213    0.44971   0.789635     0.4444   0.381301     300.66
  0.486691   0.700228  0.0846443   0.205289  0.0909159  0.0670221    266.781
  0.486691   0.700228  0.0846443   0.205289  0.0909159  0.0670221    266.781
   0.38401   0.819493  0.0916871   0.320225  0.0955175  0.0694314    248.752
   0.38401   0.819493  0.0916871   0.320225  0.0955175  0.0694314    3.52418
   0.38401   0.819493  0.0916871   0.320225  0.0955175  0.0694314    3.52418
  0.324997   0.787437  0.0565024   0.415889  0.0341897  0.0118915   0.630128
  0.324997   0.787437  0.0565024   0.415889  0.0341897  0.0118915   0.630128
  0.324997   0.749249  0.0496194   0.351578  0.0300524  0.0104417   0.584719
  0.324407   0.757262  0.0548539   0.365669  0.0254455  0.0100882    0.57911
  0.324407   0.757262  0.0548539   0.365669  0.0254455  0.0100882    0.57911
  0.635295   0.608789  0.0343031   0.359238  0.0419721 0.00360849   0.141459
  0.635295   0.608789  0.0343031   0.359238  0.0419721 0.00360849   0.141459
  0.587394   0.583849  0.0311942   0.335429  0.0325221 0.00529621   0.130839
  0.557248   0.552501   0.033827   0.326546   0.025918 0.00339421   0.103211
  0.557248   0.552501   0.033827   0.326546   0.025918 0.00339421   0.103211
  0.570127   0.532447  0.0327022    0.30472  0.0287394 0.00264991   0.096899
  0.570127   0.532447  0.0327022    0.30472  0.0287394 0.00264991   0.096899
   0.69181    0.41634  0.0293638   0.316287  0.0266321 0.00266501  0.0433734
   0.69181    0.41634  0.0293638   0.316287  0.0266321 0.00266501  0.0433734
  0.688257   0.421948  0.0313347   0.315439  0.0266388 0.00270988  0.0325883
  0.749465   0.378576  0.0336035    0.30153  0.0219714  0.0038412  0.0235244
  0.749465   0.378576  0.0334842   0.315075  0.0206157 0.00360419  0.0217911


new GBMAT with step:18
   0.88951   0.772603   0.222751   0.536479   0.494074   0.115411    2468.92
   0.88951   0.772603   0.222751   0.536479   0.494074   0.115411    2468.92
  0.632958   0.806213    0.44971   0.789635     0.4444   0.381301     300.66
  0.486691   0.700228  0.0846443   0.205289  0.0909159  0.0670221    266.781
  0.486691   0.700228  0.0846443   0.205289  0.0909159  0.0670221    266.781
   0.38401   0.819493  0.0916871   0.320225  0.0955175  0.0694314    248.752
   0.38401   0.819493  0.0916871   0.320225  0.0955175  0.0694314    3.52418
   0.38401   0.819493  0.0916871   0.320225  0.0955175  0.0694314    3.52418
  0.324997   0.787437  0.0565024   0.415889  0.0341897  0.0118915   0.630128
  0.324997   0.787437  0.0565024   0.415889  0.0341897  0.0118915   0.630128
  0.324997   0.749249  0.0496194   0.351578  0.0300524  0.0104417   0.584719
  0.324407   0.757262  0.0548539   0.365669  0.0254455  0.0100882    0.57911
  0.324407   0.757262  0.0548539   0.365669  0.0254455  0.0100882    0.57911
  0.635295   0.608789  0.0343031   0.359238  0.0419721 0.00360849   0.141459
  0.635295   0.608789  0.0343031   0.359238  0.0419721 0.00360849   0.141459
  0.587394   0.583849  0.0311942   0.335429  0.0325221 0.00529621   0.130839
  0.557248   0.552501   0.033827   0.326546   0.025918 0.00339421   0.103211
  0.557248   0.552501   0.033827   0.326546   0.025918 0.00339421   0.103211
  0.570127   0.532447  0.0327022    0.30472  0.0287394 0.00264991   0.096899
  0.570127   0.532447  0.0327022    0.30472  0.0287394 0.00264991   0.096899
   0.69181    0.41634  0.0293638   0.316287  0.0266321 0.00266501  0.0433734
   0.69181    0.41634  0.0293638   0.316287  0.0266321 0.00266501  0.0433734
  0.688257   0.421948  0.0313347   0.315439  0.0266388 0.00270988  0.0325883
  0.749465   0.378576  0.0336035    0.30153  0.0219714  0.0038412  0.0235244
  0.749465   0.378576  0.0334842   0.315075  0.0206157 0.00360419  0.0217911
  0.749465   0.378576  0.0334842   0.315075  0.0206157 0.00360419  0.0217911


new GBMAT with step:19
   0.88951   0.772603   0.222751   0.536479   0.494074   0.115411    2468.92
   0.88951   0.772603   0.222751   0.536479   0.494074   0.115411    2468.92
  0.632958   0.806213    0.44971   0.789635     0.4444   0.381301     300.66
  0.486691   0.700228  0.0846443   0.205289  0.0909159  0.0670221    266.781
  0.486691   0.700228  0.0846443   0.205289  0.0909159  0.0670221    266.781
   0.38401   0.819493  0.0916871   0.320225  0.0955175  0.0694314    248.752
   0.38401   0.819493  0.0916871   0.320225  0.0955175  0.0694314    3.52418
   0.38401   0.819493  0.0916871   0.320225  0.0955175  0.0694314    3.52418
  0.324997   0.787437  0.0565024   0.415889  0.0341897  0.0118915   0.630128
  0.324997   0.787437  0.0565024   0.415889  0.0341897  0.0118915   0.630128
  0.324997   0.749249  0.0496194   0.351578  0.0300524  0.0104417   0.584719
  0.324407   0.757262  0.0548539   0.365669  0.0254455  0.0100882    0.57911
  0.324407   0.757262  0.0548539   0.365669  0.0254455  0.0100882    0.57911
  0.635295   0.608789  0.0343031   0.359238  0.0419721 0.00360849   0.141459
  0.635295   0.608789  0.0343031   0.359238  0.0419721 0.00360849   0.141459
  0.587394   0.583849  0.0311942   0.335429  0.0325221 0.00529621   0.130839
  0.557248   0.552501   0.033827   0.326546   0.025918 0.00339421   0.103211
  0.557248   0.552501   0.033827   0.326546   0.025918 0.00339421   0.103211
  0.570127   0.532447  0.0327022    0.30472  0.0287394 0.00264991   0.096899
  0.570127   0.532447  0.0327022    0.30472  0.0287394 0.00264991   0.096899
   0.69181    0.41634  0.0293638   0.316287  0.0266321 0.00266501  0.0433734
   0.69181    0.41634  0.0293638   0.316287  0.0266321 0.00266501  0.0433734
  0.688257   0.421948  0.0313347   0.315439  0.0266388 0.00270988  0.0325883
  0.749465   0.378576  0.0336035    0.30153  0.0219714  0.0038412  0.0235244
  0.749465   0.378576  0.0334842   0.315075  0.0206157 0.00360419  0.0217911
  0.749465   0.378576  0.0334842   0.315075  0.0206157 0.00360419  0.0217911
  0.749487   0.371565  0.0325441   0.305902  0.0216789  0.0030226  0.0194393
GBMAT after targeted PSO:
   0.88951   0.772603   0.222751   0.536479   0.494074   0.115411    2468.92
   0.88951   0.772603   0.222751   0.536479   0.494074   0.115411    2468.92
  0.632958   0.806213    0.44971   0.789635     0.4444   0.381301     300.66
  0.486691   0.700228  0.0846443   0.205289  0.0909159  0.0670221    266.781
  0.486691   0.700228  0.0846443   0.205289  0.0909159  0.0670221    266.781
   0.38401   0.819493  0.0916871   0.320225  0.0955175  0.0694314    248.752
   0.38401   0.819493  0.0916871   0.320225  0.0955175  0.0694314    3.52418
   0.38401   0.819493  0.0916871   0.320225  0.0955175  0.0694314    3.52418
  0.324997   0.787437  0.0565024   0.415889  0.0341897  0.0118915   0.630128
  0.324997   0.787437  0.0565024   0.415889  0.0341897  0.0118915   0.630128
  0.324997   0.749249  0.0496194   0.351578  0.0300524  0.0104417   0.584719
  0.324407   0.757262  0.0548539   0.365669  0.0254455  0.0100882    0.57911
  0.324407   0.757262  0.0548539   0.365669  0.0254455  0.0100882    0.57911
  0.635295   0.608789  0.0343031   0.359238  0.0419721 0.00360849   0.141459
  0.635295   0.608789  0.0343031   0.359238  0.0419721 0.00360849   0.141459
  0.587394   0.583849  0.0311942   0.335429  0.0325221 0.00529621   0.130839
  0.557248   0.552501   0.033827   0.326546   0.025918 0.00339421   0.103211
  0.557248   0.552501   0.033827   0.326546   0.025918 0.00339421   0.103211
  0.570127   0.532447  0.0327022    0.30472  0.0287394 0.00264991   0.096899
  0.570127   0.532447  0.0327022    0.30472  0.0287394 0.00264991   0.096899
   0.69181    0.41634  0.0293638   0.316287  0.0266321 0.00266501  0.0433734
   0.69181    0.41634  0.0293638   0.316287  0.0266321 0.00266501  0.0433734
  0.688257   0.421948  0.0313347   0.315439  0.0266388 0.00270988  0.0325883
  0.749465   0.378576  0.0336035    0.30153  0.0219714  0.0038412  0.0235244
  0.749465   0.378576  0.0334842   0.315075  0.0206157 0.00360419  0.0217911
  0.749465   0.378576  0.0334842   0.315075  0.0206157 0.00360419  0.0217911
  0.749487   0.371565  0.0325441   0.305902  0.0216789  0.0030226  0.0194393
truk:  0.515996 0.0603199  0.103199  0.896801   0.05516 0.0722394
total difference b/w truk and final GBVEC:0.511457
CODE FINISHED RUNNING IN 61 s TIME!
Job Statistics for 1523083:
           JobID       User               Start                 End    Elapsed     MaxRSS   TotalCPU      State Exit        NodeList                                  ReqTRES 
---------------- ---------- ------------------- ------------------- ---------- ---------- ---------- ---------- ---- --------------- ---------------------------------------- 
         1523083   rsjxw007 2021-08-05T11:30:22 2021-08-05T11:31:24   00:01:02             01:00.979  COMPLETED  0:0   r1pl-hpcf-n21         billing=1,cpu=1,mem=7812M,node=1 
   1523083.batch            2021-08-05T11:30:22 2021-08-05T11:31:24   00:01:02      1.65M  01:00.978  COMPLETED  0:0   r1pl-hpcf-n21                                          
  1523083.extern            2021-08-05T11:30:22 2021-08-05T11:31:24   00:01:02          0  00:00.001  COMPLETED  0:0   r1pl-hpcf-n21                                          
CPU Efficiency: 98.39% of 00:01:02 core-walltime
