PSO_S_ODE_NonLinear
Using two part PSO Sample Size:5000 with:27 moments.
Using Record Time:10.25
Bounds for Uniform Distribution (0,1)
Blind PSO --> nParts:5 Nsteps:2
Targeted PSO --> nParts:50 Nsteps:100
sdbeta:0.1
wt:
1 0 0 0 0 0 0 0 0 0 0 0 0 0 0 0 0 0 0 0 0 0 0 0 0 0 0
0 1 0 0 0 0 0 0 0 0 0 0 0 0 0 0 0 0 0 0 0 0 0 0 0 0 0
0 0 1 0 0 0 0 0 0 0 0 0 0 0 0 0 0 0 0 0 0 0 0 0 0 0 0
0 0 0 1 0 0 0 0 0 0 0 0 0 0 0 0 0 0 0 0 0 0 0 0 0 0 0
0 0 0 0 1 0 0 0 0 0 0 0 0 0 0 0 0 0 0 0 0 0 0 0 0 0 0
0 0 0 0 0 1 0 0 0 0 0 0 0 0 0 0 0 0 0 0 0 0 0 0 0 0 0
0 0 0 0 0 0 1 0 0 0 0 0 0 0 0 0 0 0 0 0 0 0 0 0 0 0 0
0 0 0 0 0 0 0 1 0 0 0 0 0 0 0 0 0 0 0 0 0 0 0 0 0 0 0
0 0 0 0 0 0 0 0 1 0 0 0 0 0 0 0 0 0 0 0 0 0 0 0 0 0 0
0 0 0 0 0 0 0 0 0 1 0 0 0 0 0 0 0 0 0 0 0 0 0 0 0 0 0
0 0 0 0 0 0 0 0 0 0 1 0 0 0 0 0 0 0 0 0 0 0 0 0 0 0 0
0 0 0 0 0 0 0 0 0 0 0 1 0 0 0 0 0 0 0 0 0 0 0 0 0 0 0
0 0 0 0 0 0 0 0 0 0 0 0 1 0 0 0 0 0 0 0 0 0 0 0 0 0 0
0 0 0 0 0 0 0 0 0 0 0 0 0 1 0 0 0 0 0 0 0 0 0 0 0 0 0
0 0 0 0 0 0 0 0 0 0 0 0 0 0 1 0 0 0 0 0 0 0 0 0 0 0 0
0 0 0 0 0 0 0 0 0 0 0 0 0 0 0 1 0 0 0 0 0 0 0 0 0 0 0
0 0 0 0 0 0 0 0 0 0 0 0 0 0 0 0 1 0 0 0 0 0 0 0 0 0 0
0 0 0 0 0 0 0 0 0 0 0 0 0 0 0 0 0 1 0 0 0 0 0 0 0 0 0
0 0 0 0 0 0 0 0 0 0 0 0 0 0 0 0 0 0 1 0 0 0 0 0 0 0 0
0 0 0 0 0 0 0 0 0 0 0 0 0 0 0 0 0 0 0 1 0 0 0 0 0 0 0
0 0 0 0 0 0 0 0 0 0 0 0 0 0 0 0 0 0 0 0 1 0 0 0 0 0 0
0 0 0 0 0 0 0 0 0 0 0 0 0 0 0 0 0 0 0 0 0 1 0 0 0 0 0
0 0 0 0 0 0 0 0 0 0 0 0 0 0 0 0 0 0 0 0 0 0 1 0 0 0 0
0 0 0 0 0 0 0 0 0 0 0 0 0 0 0 0 0 0 0 0 0 0 0 1 0 0 0
0 0 0 0 0 0 0 0 0 0 0 0 0 0 0 0 0 0 0 0 0 0 0 0 1 0 0
0 0 0 0 0 0 0 0 0 0 0 0 0 0 0 0 0 0 0 0 0 0 0 0 0 1 0
0 0 0 0 0 0 0 0 0 0 0 0 0 0 0 0 0 0 0 0 0 0 0 0 0 0 1
mu: 80 120  85
covarMat:
 50   0   0
  0 100   0
  0   0  50

Yt:  3.47827   4.38363   2.74525  0.101254   7.23014   2.21154   48.2129   124.731   14.1333 0.0126464   173.507   9.34937  0.768099   10.3282  0.507613   11.6039   9.37188   16.8787  0.146081   141.756   12.5519  0.290201   31.3022    11.441  0.448929  0.242869   24.2358
seedk: 0.515996 0.0603199  0.103199  0.896801   0.05516 0.0722394| cost:138.832
Xt:  3.53183    4.0996   2.82025  0.103433   7.02328   2.27235   48.0362   117.557   14.8561 0.0130088   167.481   9.66517  0.788203    10.247  0.517776    11.553   9.27807   17.0792  0.145114   134.782   12.7087  0.303086   32.2384   11.9295  0.461208  0.253118   24.8913
PSO begins!
New GBMAT from blind pso!
 0.515996 0.0603199  0.103199  0.896801   0.05516 0.0722394   138.832
 0.515996 0.0603199  0.103199  0.896801   0.05516 0.0722394   138.832


New GBMAT from blind pso!
 0.515996 0.0603199  0.103199  0.896801   0.05516 0.0722394   138.832
 0.515996 0.0603199  0.103199  0.896801   0.05516 0.0722394   138.832
 0.553739 0.0521919  0.103199  0.902877 0.0604566  0.111047   55.1511


GBMAT from blind PSO:

 0.515996 0.0603199  0.103199  0.896801   0.05516 0.0722394   138.832
 0.515996 0.0603199  0.103199  0.896801   0.05516 0.0722394   138.832
 0.553739 0.0521919  0.103199  0.902877 0.0604566  0.111047   55.1511

truk:  0.515996 0.0603199  0.103199  0.896801   0.05516 0.0722394
total difference b/w truk and final GBVEC0.00306164

targeted PSO has started!
Updating Weight Matrix!
GBVEC AND COST: 0.553739 0.0521919  0.103199  0.902877 0.0604566  0.111047   55.1511
Chkpt reached!
new weight matrix:
  0.0141347           0           0           0           0           0           0           0           0           0           0           0           0           0           0           0           0           0           0           0           0           0           0           0           0           0           0
          0  0.00469074           0           0           0           0           0           0           0           0           0           0           0           0           0           0           0           0           0           0           0           0           0           0           0           0           0
          0           0   0.0702486           0           0           0           0           0           0           0           0           0           0           0           0           0           0           0           0           0           0           0           0           0           0           0           0
          0           0           0     218.737           0           0           0           0           0           0           0           0           0           0           0           0           0           0           0           0           0           0           0           0           0           0           0
          0           0           0           0   0.0040249           0           0           0           0           0           0           0           0           0           0           0           0           0           0           0           0           0           0           0           0           0           0
          0           0           0           0           0    0.127366           0           0           0           0           0           0           0           0           0           0           0           0           0           0           0           0           0           0           0           0           0
          0           0           0           0           0           0 7.82475e-06           0           0           0           0           0           0           0           0           0           0           0           0           0           0           0           0           0           0           0           0
          0           0           0           0           0           0           0 5.11199e-07           0           0           0           0           0           0           0           0           0           0           0           0           0           0           0           0           0           0           0
          0           0           0           0           0           0           0           0 0.000279335           0           0           0           0           0           0           0           0           0           0           0           0           0           0           0           0           0           0
          0           0           0           0           0           0           0           0           0     6806.73           0           0           0           0           0           0           0           0           0           0           0           0           0           0           0           0           0
          0           0           0           0           0           0           0           0           0           0 4.30812e-07           0           0           0           0           0           0           0           0           0           0           0           0           0           0           0           0
          0           0           0           0           0           0           0           0           0           0           0 0.000850292           0           0           0           0           0           0           0           0           0           0           0           0           0           0           0
          0           0           0           0           0           0           0           0           0           0           0           0    0.918863           0           0           0           0           0           0           0           0           0           0           0           0           0           0
          0           0           0           0           0           0           0           0           0           0           0           0           0 0.000457823           0           0           0           0           0           0           0           0           0           0           0           0           0
          0           0           0           0           0           0           0           0           0           0           0           0           0           0    0.597843           0           0           0           0           0           0           0           0           0           0           0           0
          0           0           0           0           0           0           0           0           0           0           0           0           0           0           0 0.000433765           0           0           0           0           0           0           0           0           0           0           0
          0           0           0           0           0           0           0           0           0           0           0           0           0           0           0           0 0.000600982           0           0           0           0           0           0           0           0           0           0
          0           0           0           0           0           0           0           0           0           0           0           0           0           0           0           0           0 0.000125076           0           0           0           0           0           0           0           0           0
          0           0           0           0           0           0           0           0           0           0           0           0           0           0           0           0           0           0     10.9063           0           0           0           0           0           0           0           0
          0           0           0           0           0           0           0           0           0           0           0           0           0           0           0           0           0           0           0  4.7198e-07           0           0           0           0           0           0           0
          0           0           0           0           0           0           0           0           0           0           0           0           0           0           0           0           0           0           0           0 0.000272438           0           0           0           0           0           0
          0           0           0           0           0           0           0           0           0           0           0           0           0           0           0           0           0           0           0           0           0      3.9721           0           0           0           0           0
          0           0           0           0           0           0           0           0           0           0           0           0           0           0           0           0           0           0           0           0           0           0  6.1543e-05           0           0           0           0
          0           0           0           0           0           0           0           0           0           0           0           0           0           0           0           0           0           0           0           0           0           0           0 0.000508146           0           0           0
          0           0           0           0           0           0           0           0           0           0           0           0           0           0           0           0           0           0           0           0           0           0           0           0     2.68817           0           0
          0           0           0           0           0           0           0           0           0           0           0           0           0           0           0           0           0           0           0           0           0           0           0           0           0     6.34407           0
          0           0           0           0           0           0           0           0           0           0           0           0           0           0           0           0           0           0           0           0           0           0           0           0           0           0  0.00012918

New PBMAT:
   0.426464  0.00070634    0.124942    0.993193   0.0369111    0.300754    0.488884
   0.576065  0.00711663    0.149354     0.91075 0.000190941   0.0297722     1.02398
     0.6276   0.0852174    0.151302    0.951829   0.0276158    0.123662      0.2305
   0.595396 0.000438877    0.223206     0.93404    0.179445  0.00980669     516.076
   0.541167  2.3702e-05   0.0529553    0.943684 9.11458e-07   0.0686761     2.80315
   0.626117  0.00020325   0.0972986    0.918235   0.0262713  0.00449181    0.537329
   0.486325   0.0154097   0.0895857    0.853162   0.0238331   0.0438442    0.317698
   0.497817    0.033234    0.169526    0.963115  0.00257191    0.318775    0.390519
   0.758629 0.000237664    0.431181    0.959259   0.0796191    0.130626     174.268
   0.572546    0.219691   0.0560963    0.857891  0.00257618    0.175026     3.26353
   0.449053   0.0117157   0.0503262    0.906187   0.0971251    0.141644     1.95804
   0.551432    0.299207    0.496667    0.961152 3.00722e-05    0.045067     43.0769
    0.56718   0.0933473    0.190276    0.908448    0.420123    0.119307     260.546
   0.405685  0.00520038   0.0316703    0.930581   0.0705495    0.027839     3.12495
   0.546609    0.107593   0.0433486    0.881331   0.0161739  0.00195852     2.55704
   0.685954    0.097571  0.00950906    0.986103  0.00870542   0.0400319     5.38773
    0.64721  0.00120354    0.143352    0.945483    0.131467     0.11928     5.95831
   0.672276    0.101162    0.115273    0.880784   0.0304656    0.195046    0.248268
   0.425278    0.191575    0.046669    0.918259      0.0184  0.00533018     3.16271
   0.518938   0.0025371    0.178179     0.61856    0.033266   0.0286444     32.9641
   0.527102    0.172602    0.015311    0.944717    0.029301   0.0577404     5.03956
   0.620319  0.00233144    0.060311    0.855226   0.0204005   0.0663609     1.77815
   0.639066 4.35214e-05  0.00724833    0.776372  0.00210407    0.030045     5.95674
   0.529923   0.0228823   0.0530912    0.921135   0.0284874    0.241853     2.80198
   0.456398    0.159589    0.245287    0.970517   0.0564666    0.112708      12.381
   0.591738  0.00337654    0.202618    0.979784    0.112198   0.0745765     33.9062
   0.399907    0.143351    0.130889    0.938906  0.00938797     0.13522     1.18303
   0.599722  0.00163004    0.324982     0.86863    0.164464    0.087913     429.551
   0.539689  0.00230383    0.116222    0.988285    0.388277   0.0674416     60.1587
    0.46733    0.192437   0.0325704    0.984599   0.0012499   0.0899836     4.63427
   0.616614   0.0369056   0.0216033      0.9289  0.00795946    0.150393     4.76611
   0.574805 5.22645e-08    0.105143    0.960274    0.129943     0.42677    0.776225
   0.644732 7.12152e-08   0.0544093    0.983038   0.0743668    0.119783     2.08047
   0.503692    0.160497     0.11549    0.919912    0.324086    0.028292     67.0906
   0.412643  0.00304368     0.05484    0.772198    0.123677     0.27647     1.71463
   0.547352  0.00119315    0.310679    0.740217  0.00400678   0.0320552     42.4287
   0.542942   0.0140427   0.0994678    0.997472  0.00481046  0.00982158    0.955977
   0.474878  0.00211865   0.0782831    0.924519    0.125071    0.131095    0.350932
   0.684725   0.0713759    0.308368    0.997302  0.00898507   0.0238297     22.9124
   0.335709    0.002523     0.16726    0.795398   0.0303528   0.0793983     3.82081
   0.525304   0.0489996    0.022686    0.903675    0.108239    0.192526     4.16704
   0.620301 6.32039e-05    0.214239    0.999868      0.2091   0.0882497     111.961
   0.649433   0.0369299   0.0283108    0.922906    0.475397   0.0235013    0.919721
   0.556558  0.00512042   0.0461295    0.923311  0.00780011    0.161407      3.2739
   0.532693  0.00306918    0.316179    0.545862   0.0407214    0.143619     193.879
   0.627764   0.0934763   0.0277797    0.957642    0.417222    0.516825     3.67859
   0.530956  0.00201333    0.059993    0.808576   0.0180547   0.0978676     1.78849
   0.629887  0.00834948   0.0433568    0.971143   0.0082562   0.0568184     3.27779
   0.649155 1.03028e-08   0.0462248    0.921068    0.163151   0.0962246     1.51215
   0.680105 0.000144406  0.00790995    0.821836 1.25466e-06   0.0928257     5.97847

underflow!0.000438877
pos   0.595396 0.000438877    0.223206     0.93404    0.179445  0.00980669
underflow!9.11458e-07
pos   0.541167  2.3702e-05   0.0529553    0.943684 9.11458e-07   0.0686761
underflow!0.00020325
pos  0.626117 0.00020325  0.0972986   0.918235  0.0262713 0.00449181
underflow!0.00449181
pos  0.626117 0.00020325  0.0972986   0.918235  0.0262713 0.00449181
underflow!0.00257191
pos  0.497817   0.033234   0.169526   0.963115 0.00257191   0.318775
underflow!0.00257618
pos  0.572546   0.219691  0.0560963   0.857891 0.00257618   0.175026
underflow!3.00722e-05
pos   0.551432    0.299207    0.496667    0.961152 3.00722e-05    0.045067
underflow!0.00195852
pos  0.546609   0.107593  0.0433486   0.881331  0.0161739 0.00195852
underflow!0.0025371
pos 0.518938 0.0025371  0.178179   0.61856  0.033266 0.0286444
underflow!0.00163004
pos  0.599722 0.00163004   0.324982    0.86863   0.164464   0.087913
underflow!0.00230383
pos  0.539689 0.00230383   0.116222   0.988285   0.388277  0.0674416
underflow!0.00304368
pos  0.412643 0.00304368    0.05484   0.772198   0.123677    0.27647
underflow!0.00119315
pos  0.547352 0.00119315   0.310679   0.740217 0.00400678  0.0320552
overflow!
underflow!0.002523
pos 0.335709  0.002523   0.16726  0.795398 0.0303528 0.0793983
underflow!6.32039e-05
pos   0.620301 6.32039e-05    0.214239    0.999868      0.2091   0.0882497
overflow!
underflow!0.00306918
pos  0.532693 0.00306918   0.316179   0.545862  0.0407214   0.143619
underflow!0.00201333
pos  0.530956 0.00201333   0.059993   0.808576  0.0180547  0.0978676
underflow!0.000144406
pos   0.680105 0.000144406  0.00790995    0.821836 1.25466e-06   0.0928257
underflow!1.25466e-06
pos   0.680105 0.000144406  0.00790995    0.821836 1.25466e-06   0.0928257
underflow!0.00169683
pos  0.431282 0.00169683  0.0545667   0.951153 0.00218698  0.0765346
underflow!0.00400132
pos  0.551582   0.276668   0.488501   0.936824 0.00400132   0.027487
underflow!0.00119518
pos  0.420041 0.00119518   0.270611   0.741066 0.00430111  0.0228906
underflow!0.00312433
pos  0.551646   0.270671   0.475198   0.933005 0.00312433   0.087605
underflow!0.00495247
pos  0.578579 0.00258907  0.0311353   0.782547 0.00495247   0.033999
underflow!0.0041868
pos 0.552444  0.269302  0.476673  0.945208 0.0041868 0.0697769
overflow!
underflow!0.00258912
pos  0.706214 0.00258912   0.117469   0.858671   0.024431  0.0193077
Updating Weight Matrix!
GBVEC AND COST:  0.587783  0.0370768   0.119654   0.968805  0.0445656   0.116248 0.00880542
Chkpt reached!
new weight matrix:
  0.0140121           0           0           0           0           0           0           0           0           0           0           0           0           0           0           0           0           0           0           0           0           0           0           0           0           0           0
          0  0.00473125           0           0           0           0           0           0           0           0           0           0           0           0           0           0           0           0           0           0           0           0           0           0           0           0           0
          0           0   0.0719665           0           0           0           0           0           0           0           0           0           0           0           0           0           0           0           0           0           0           0           0           0           0           0           0
          0           0           0      219.66           0           0           0           0           0           0           0           0           0           0           0           0           0           0           0           0           0           0           0           0           0           0           0
          0           0           0           0  0.00406349           0           0           0           0           0           0           0           0           0           0           0           0           0           0           0           0           0           0           0           0           0           0
          0           0           0           0           0    0.115402           0           0           0           0           0           0           0           0           0           0           0           0           0           0           0           0           0           0           0           0           0
          0           0           0           0           0           0 7.76086e-06           0           0           0           0           0           0           0           0           0           0           0           0           0           0           0           0           0           0           0           0
          0           0           0           0           0           0           0 5.15167e-07           0           0           0           0           0           0           0           0           0           0           0           0           0           0           0           0           0           0           0
          0           0           0           0           0           0           0           0 0.000290304           0           0           0           0           0           0           0           0           0           0           0           0           0           0           0           0           0           0
          0           0           0           0           0           0           0           0           0     6848.07           0           0           0           0           0           0           0           0           0           0           0           0           0           0           0           0           0
          0           0           0           0           0           0           0           0           0           0 4.34842e-07           0           0           0           0           0           0           0           0           0           0           0           0           0           0           0           0
          0           0           0           0           0           0           0           0           0           0           0 0.000727089           0           0           0           0           0           0           0           0           0           0           0           0           0           0           0
          0           0           0           0           0           0           0           0           0           0           0           0    0.988322           0           0           0           0           0           0           0           0           0           0           0           0           0           0
          0           0           0           0           0           0           0           0           0           0           0           0           0 0.000469208           0           0           0           0           0           0           0           0           0           0           0           0           0
          0           0           0           0           0           0           0           0           0           0           0           0           0           0    0.595978           0           0           0           0           0           0           0           0           0           0           0           0
          0           0           0           0           0           0           0           0           0           0           0           0           0           0           0 0.000444513           0           0           0           0           0           0           0           0           0           0           0
          0           0           0           0           0           0           0           0           0           0           0           0           0           0           0           0 0.000563775           0           0           0           0           0           0           0           0           0           0
          0           0           0           0           0           0           0           0           0           0           0           0           0           0           0           0           0 0.000129218           0           0           0           0           0           0           0           0           0
          0           0           0           0           0           0           0           0           0           0           0           0           0           0           0           0           0           0      11.136           0           0           0           0           0           0           0           0
          0           0           0           0           0           0           0           0           0           0           0           0           0           0           0           0           0           0           0 4.75935e-07           0           0           0           0           0           0           0
          0           0           0           0           0           0           0           0           0           0           0           0           0           0           0           0           0           0           0           0 0.000244352           0           0           0           0           0           0
          0           0           0           0           0           0           0           0           0           0           0           0           0           0           0           0           0           0           0           0           0     4.07343           0           0           0           0           0
          0           0           0           0           0           0           0           0           0           0           0           0           0           0           0           0           0           0           0           0           0           0 6.39199e-05           0           0           0           0
          0           0           0           0           0           0           0           0           0           0           0           0           0           0           0           0           0           0           0           0           0           0           0 0.000468591           0           0           0
          0           0           0           0           0           0           0           0           0           0           0           0           0           0           0           0           0           0           0           0           0           0           0           0     2.75932           0           0
          0           0           0           0           0           0           0           0           0           0           0           0           0           0           0           0           0           0           0           0           0           0           0           0           0       5.798           0
          0           0           0           0           0           0           0           0           0           0           0           0           0           0           0           0           0           0           0           0           0           0           0           0           0           0 0.000116739

overflow!
underflow!4.36008e-05
pos   0.549924 4.36008e-05    0.165751    0.927015  0.00691296   0.0316254
underflow!0.000439982
pos   0.530633 0.000439982    0.299334    0.999955 4.70096e-08    0.142185
underflow!4.70096e-08
pos   0.530633 0.000439982    0.299334    0.999955 4.70096e-08    0.142185
underflow!0.00166642
pos   0.623235 0.000459431    0.176354    0.983734  0.00166642    0.271572
underflow!1.50965e-19
pos   0.471442 1.50965e-19  0.00724354           1   0.0137266    0.208467
underflow!1.21363e-06
pos   0.490343 1.21363e-06   0.0387411    0.985105 0.000155364   0.0782624
underflow!4.6873e-12
pos  0.740979  0.0163054   0.135331   0.999986 4.6873e-12  0.0351635
overflow!
overflow!
underflow!0.00051201
pos  0.636696 0.00051201    0.25697    0.99989  0.0196507  0.0726088
overflow!
underflow!0.00204667
pos  0.676874  0.0296881  0.0565031          1 0.00204667   0.196362
underflow!0.00479822
pos   0.590071 5.22966e-09    0.200639    0.991209  0.00479822    0.134751
underflow!5.22966e-09
pos   0.590071 5.22966e-09    0.200639    0.991209  0.00479822    0.134751
underflow!0.000230818
pos   0.696338 0.000230818   0.0836462           1    0.281336   0.0923328
overflow!
overflow!
overflow!
overflow!
underflow!1.24423e-06
pos   0.534951 1.24423e-06    0.234162           1  0.00229893   0.0851936
overflow!
underflow!0.00229893
pos   0.534951 1.24423e-06    0.234162           1  0.00229893   0.0851936
underflow!0.00273781
pos  0.542169  0.0201194  0.0327831   0.999622 0.00273781  0.0512413
underflow!7.24245e-05
pos   0.623788   0.0297855     0.11551    0.820298 7.24245e-05    0.355817
underflow!0.00192206
pos  0.436295 0.00723731   0.230043   0.999688 0.00192206   0.183326
underflow!0.00192289
pos   0.622076 6.68899e-07  0.00192289    0.696351   0.0876282   0.0902808
underflow!0.0046382
pos   0.477457   0.0046382    0.118573    0.999998 7.49525e-09    0.145261
overflow!
overflow!
underflow!0.000543555
pos   0.578885   0.0161058     0.24916    0.999999 0.000543555    0.134232
overflow!
overflow!
overflow!
underflow!0.0041675
pos 0.574709 0.0300586  0.184499  0.985208 0.0041675 0.0177722
underflow!0.00396405
pos   0.38999 0.00268683   0.200876   0.997037 0.00396405  0.0874117
overflow!
overflow!
underflow!0.00434273
pos  0.450025 0.00434273  0.0555454   0.997308  0.0123442  0.0659978
underflow!0.00191175
pos  0.586744 0.00191175   0.211233    0.99879 0.00258032  0.0433356
underflow!0.00428157
pos  0.498438 0.00428157  0.0480467   0.991048 0.00604177  0.0617767
underflow!0.00471793
pos    0.6842 0.00471793   0.148305   0.997082  0.0244121  0.0463322
overflow!
underflow!0.00477696
pos  0.596974 0.00477696  0.0600827   0.980543 0.00780725  0.0298837
underflow!0.00226518
pos  0.583717 0.00753647  0.0546656   0.981699 0.00226518   0.103852
overflow!
overflow!
underflow!0.00377193
pos  0.598974  0.0076912   0.169529   0.993618 0.00377193  0.0990794
overflow!
underflow!0.0048949
pos  0.661462  0.0048949  0.0792457   0.930309 0.00915227  0.0416151
overflow!
overflow!
overflow!
overflow!
overflow!
underflow!0.00263603
pos  0.569029 0.00870493  0.0640631   0.996284 0.00263603  0.0978455
overflow!
overflow!
overflow!
overflow!
overflow!
underflow!0.0016132
pos  0.68399 0.0016132  0.191576  0.985924 0.0310197  0.079741
overflow!
overflow!
overflow!
overflow!
overflow!
overflow!
underflow!0.00358478
pos  0.568705  0.0257601    0.12908   0.997041 0.00358478   0.147602
overflow!
underflow!0.00213728
pos  0.640712 0.00662522   0.143704   0.998614 0.00213728   0.128776
overflow!
overflow!
overflow!
overflow!
overflow!
overflow!
overflow!
overflow!
overflow!
overflow!
overflow!
overflow!
overflow!
overflow!
overflow!
overflow!
overflow!
overflow!
overflow!
overflow!
overflow!
overflow!
overflow!
overflow!
overflow!
overflow!
overflow!
overflow!
overflow!
overflow!
overflow!
overflow!
overflow!
overflow!
overflow!
overflow!
overflow!
overflow!
overflow!
overflow!
overflow!
overflow!
overflow!
overflow!
overflow!
overflow!
overflow!
overflow!
overflow!
overflow!
overflow!
overflow!
overflow!
overflow!
overflow!
overflow!
overflow!
overflow!
overflow!
overflow!
overflow!
overflow!
overflow!
overflow!
overflow!
overflow!
overflow!
overflow!
overflow!
overflow!
overflow!
overflow!
overflow!
overflow!
overflow!
overflow!
overflow!
overflow!
overflow!
overflow!
overflow!
overflow!
overflow!
overflow!
overflow!
overflow!
overflow!
overflow!
overflow!
overflow!
overflow!
overflow!
overflow!
overflow!
overflow!
overflow!
overflow!
overflow!
overflow!
overflow!
overflow!
overflow!
overflow!
overflow!
overflow!
overflow!
overflow!
overflow!
overflow!
overflow!
overflow!
overflow!
overflow!
overflow!
overflow!
overflow!
overflow!
overflow!
Updating Weight Matrix!
GBVEC AND COST:  0.509951  0.0405048   0.112755   0.990906  0.0596785  0.0961584 0.00283708
Chkpt reached!
new weight matrix:
  0.0139737           0           0           0           0           0           0           0           0           0           0           0           0           0           0           0           0           0           0           0           0           0           0           0           0           0           0
          0  0.00474021           0           0           0           0           0           0           0           0           0           0           0           0           0           0           0           0           0           0           0           0           0           0           0           0           0
          0           0   0.0727425           0           0           0           0           0           0           0           0           0           0           0           0           0           0           0           0           0           0           0           0           0           0           0           0
          0           0           0     215.412           0           0           0           0           0           0           0           0           0           0           0           0           0           0           0           0           0           0           0           0           0           0           0
          0           0           0           0  0.00407123           0           0           0           0           0           0           0           0           0           0           0           0           0           0           0           0           0           0           0           0           0           0
          0           0           0           0           0    0.112818           0           0           0           0           0           0           0           0           0           0           0           0           0           0           0           0           0           0           0           0           0
          0           0           0           0           0           0 7.73562e-06           0           0           0           0           0           0           0           0           0           0           0           0           0           0           0           0           0           0           0           0
          0           0           0           0           0           0           0 5.15971e-07           0           0           0           0           0           0           0           0           0           0           0           0           0           0           0           0           0           0           0
          0           0           0           0           0           0           0           0 0.000294994           0           0           0           0           0           0           0           0           0           0           0           0           0           0           0           0           0           0
          0           0           0           0           0           0           0           0           0     6591.03           0           0           0           0           0           0           0           0           0           0           0           0           0           0           0           0           0
          0           0           0           0           0           0           0           0           0           0 4.35666e-07           0           0           0           0           0           0           0           0           0           0           0           0           0           0           0           0
          0           0           0           0           0           0           0           0           0           0           0 0.000700484           0           0           0           0           0           0           0           0           0           0           0           0           0           0           0
          0           0           0           0           0           0           0           0           0           0           0           0    0.901134           0           0           0           0           0           0           0           0           0           0           0           0           0           0
          0           0           0           0           0           0           0           0           0           0           0           0           0 0.000474148           0           0           0           0           0           0           0           0           0           0           0           0           0
          0           0           0           0           0           0           0           0           0           0           0           0           0           0    0.580907           0           0           0           0           0           0           0           0           0           0           0           0
          0           0           0           0           0           0           0           0           0           0           0           0           0           0           0  0.00044873           0           0           0           0           0           0           0           0           0           0           0
          0           0           0           0           0           0           0           0           0           0           0           0           0           0           0           0 0.000549763           0           0           0           0           0           0           0           0           0           0
          0           0           0           0           0           0           0           0           0           0           0           0           0           0           0           0           0 0.000130114           0           0           0           0           0           0           0           0           0
          0           0           0           0           0           0           0           0           0           0           0           0           0           0           0           0           0           0     11.0938           0           0           0           0           0           0           0           0
          0           0           0           0           0           0           0           0           0           0           0           0           0           0           0           0           0           0           0 4.76742e-07           0           0           0           0           0           0           0
          0           0           0           0           0           0           0           0           0           0           0           0           0           0           0           0           0           0           0           0 0.000239111           0           0           0           0           0           0
          0           0           0           0           0           0           0           0           0           0           0           0           0           0           0           0           0           0           0           0           0     4.05948           0           0           0           0           0
          0           0           0           0           0           0           0           0           0           0           0           0           0           0           0           0           0           0           0           0           0           0 6.45205e-05           0           0           0           0
          0           0           0           0           0           0           0           0           0           0           0           0           0           0           0           0           0           0           0           0           0           0           0 0.000462782           0           0           0
          0           0           0           0           0           0           0           0           0           0           0           0           0           0           0           0           0           0           0           0           0           0           0           0     2.74404           0           0
          0           0           0           0           0           0           0           0           0           0           0           0           0           0           0           0           0           0           0           0           0           0           0           0           0     5.56787           0
          0           0           0           0           0           0           0           0           0           0           0           0           0           0           0           0           0           0           0           0           0           0           0           0           0           0 0.000114482

overflow!
underflow!9.3855e-10
pos   0.56857 9.3855e-10   0.012961          1   0.219688   0.263382
overflow!
underflow!0.00418925
pos  0.658458 0.00614219   0.369039          1 0.00418925   0.405041
underflow!3.85634e-05
pos    0.58508 3.85634e-05      0.1341           1 0.000558922    0.217573
overflow!
overflow!
overflow!
overflow!
underflow!0.000821173
pos   0.581562 3.64667e-06   0.0905617           1 0.000821173     0.12772
underflow!0.000324102
pos   0.556979 0.000324102    0.068821           1    0.151597   0.0783226
overflow!
underflow!0.00144787
pos  0.600907 0.00166869  0.0366432          1 0.00144787    0.13261
underflow!0.000758705
pos   0.420293 0.000758705   0.0508792           1   0.0475431    0.110877
overflow!
underflow!0.000371574
pos   0.526277 0.000371574    0.107458           1    0.104397   0.0568842
overflow!
underflow!0.000406456
pos   0.296894 0.000406456    0.303842           1    0.019169    0.187605
overflow!
underflow!0.00282517
pos   0.405909  0.00282517    0.077072           1 0.000170239   0.0269735
overflow!
underflow!0.000472168
pos   0.557432 0.000472168    0.173196           1 8.79557e-05 0.000327237
underflow!0.000327237
pos   0.557432 0.000472168    0.173196           1 8.79557e-05 0.000327237
overflow!
overflow!
underflow!0.000164589
pos   0.412713 0.000164589    0.124362           1   0.0647539    0.179653
overflow!
overflow!
underflow!0.00135861
pos  0.445216 0.00135861  0.0479554          1 0.00958349  0.0310897
overflow!
underflow!0.00104259
pos  0.470548 0.00104259   0.061523          1  0.0894416   0.112379
overflow!
underflow!0.000330028
pos   0.559672 0.000330028    0.200819    0.999997   0.0554992   0.0374422
overflow!
overflow!
underflow!0.00476531
pos  0.556901  0.0229103   0.123041          1 0.00476531  0.0296368
overflow!
overflow!
overflow!
underflow!0.00205888
pos  0.597132 0.00205888   0.133071   0.999562 0.00340887    0.21172
overflow!
overflow!
overflow!
overflow!
overflow!
overflow!
underflow!0.00377488
pos  0.556453  0.0122507   0.198967   0.996973 0.00131659 0.00377488
overflow!
underflow!0.00131659
pos  0.556453  0.0122507   0.198967   0.996973 0.00131659 0.00377488
overflow!
overflow!
overflow!
overflow!
overflow!
overflow!
overflow!
overflow!
overflow!
overflow!
overflow!
overflow!
overflow!
overflow!
overflow!
overflow!
overflow!
overflow!
overflow!
overflow!
overflow!
overflow!
overflow!
overflow!
overflow!
overflow!
overflow!
overflow!
overflow!
overflow!
overflow!
overflow!
overflow!
overflow!
overflow!
overflow!
overflow!
overflow!
overflow!
overflow!
overflow!
overflow!
overflow!
overflow!
overflow!
overflow!
overflow!
overflow!
overflow!
overflow!
overflow!
overflow!
overflow!
GBMAT after targeted PSO:
  0.515996  0.0603199   0.103199   0.896801    0.05516  0.0722394    138.832
  0.515996  0.0603199   0.103199   0.896801    0.05516  0.0722394    138.832
  0.553739  0.0521919   0.103199   0.902877  0.0604566   0.111047    55.1511
  0.553739  0.0521919   0.103199   0.902877  0.0604566   0.111047  0.0336726
  0.553739  0.0521919   0.103199   0.902877  0.0604566   0.111047  0.0336726
  0.553739  0.0521919   0.103199   0.902877  0.0604566   0.111047  0.0336726
  0.553739  0.0521919   0.103199   0.902877  0.0604566   0.111047  0.0336726
  0.566245  0.0641726   0.101996   0.953882   0.066377  0.0662254  0.0115004
  0.566245  0.0641726   0.101996   0.953882   0.066377  0.0662254  0.0115004
  0.566245  0.0641726   0.101996   0.953882   0.066377  0.0662254  0.0115004
  0.566245  0.0641726   0.101996   0.953882   0.066377  0.0662254  0.0115004
  0.587783  0.0370768   0.119654   0.968805  0.0445656   0.116248 0.00880542
  0.587783  0.0370768   0.119654   0.968805  0.0445656   0.116248 0.00880542
  0.587783  0.0370768   0.119654   0.968805  0.0445656   0.116248 0.00880542
  0.587783  0.0370768   0.119654   0.968805  0.0445656   0.116248 0.00908436
  0.587783  0.0370768   0.119654   0.968805  0.0445656   0.116248 0.00908436
  0.511047   0.032146   0.111616   0.980179  0.0569381  0.0956003 0.00616517
  0.562613  0.0187739   0.145044   0.995228  0.0195833   0.148759 0.00431507
  0.562613  0.0187739   0.145044   0.995228  0.0195833   0.148759 0.00431507
  0.562613  0.0187739   0.145044   0.995228  0.0195833   0.148759 0.00431507
  0.562613  0.0187739   0.145044   0.995228  0.0195833   0.148759 0.00431507
  0.562613  0.0187739   0.145044   0.995228  0.0195833   0.148759 0.00431507
  0.562613  0.0187739   0.145044   0.995228  0.0195833   0.148759 0.00431507
  0.562613  0.0187739   0.145044   0.995228  0.0195833   0.148759 0.00431507
   0.54248   0.060292   0.106677   0.999256  0.0664565  0.0760736 0.00409194
   0.54248   0.060292   0.106677   0.999256  0.0664565  0.0760736 0.00409194
   0.54248   0.060292   0.106677   0.999256  0.0664565  0.0760736 0.00409194
   0.54248   0.060292   0.106677   0.999256  0.0664565  0.0760736 0.00409194
   0.54248   0.060292   0.106677   0.999256  0.0664565  0.0760736 0.00409194
  0.551139  0.0558098   0.108367   0.988226  0.0608819  0.0815609 0.00406478
  0.539461  0.0492084   0.112832   0.989931  0.0555235  0.0898525 0.00390104
  0.527403   0.037033   0.119099   0.991131  0.0508635   0.110382 0.00334808
  0.527403   0.037033   0.119099   0.991131  0.0508635   0.110382 0.00334808
  0.547544  0.0349252    0.12402   0.990895  0.0440432   0.116248  0.0032815
  0.547544  0.0349252    0.12402   0.990895  0.0440432   0.116248  0.0032815
  0.515782  0.0400887   0.115821   0.981131  0.0517944   0.096886 0.00320581
  0.524476  0.0386753   0.118065   0.986104  0.0496727   0.102186 0.00318478
  0.524476  0.0386753   0.118065   0.986104  0.0496727   0.102186 0.00318478
  0.524476  0.0386753   0.118065   0.986104  0.0496727   0.102186 0.00318478
  0.498418  0.0426578   0.110189   0.995723  0.0650588  0.0914675 0.00303527
  0.502763  0.0417573   0.110096   0.993116  0.0635811  0.0922743 0.00286169
  0.502763  0.0417573   0.110096   0.993116  0.0635811  0.0922743 0.00286169
  0.509951  0.0405048   0.112755   0.990906  0.0596785  0.0961584 0.00283708
  0.509951  0.0405048   0.112755   0.990906  0.0596785  0.0961584 0.00283708
  0.509951  0.0405048   0.112755   0.990906  0.0596785  0.0961584 0.00283708
  0.509951  0.0405048   0.112755   0.990906  0.0596785  0.0961584 0.00284024
  0.509951  0.0405048   0.112755   0.990906  0.0596785  0.0961584 0.00284024
  0.509951  0.0405048   0.112755   0.990906  0.0596785  0.0961584 0.00284024
  0.509951  0.0405048   0.112755   0.990906  0.0596785  0.0961584 0.00284024
  0.509951  0.0405048   0.112755   0.990906  0.0596785  0.0961584 0.00284024
  0.509951  0.0405048   0.112755   0.990906  0.0596785  0.0961584 0.00284024
  0.509951  0.0405048   0.112755   0.990906  0.0596785  0.0961584 0.00284024
  0.509951  0.0405048   0.112755   0.990906  0.0596785  0.0961584 0.00284024
  0.509951  0.0405048   0.112755   0.990906  0.0596785  0.0961584 0.00284024
  0.509951  0.0405048   0.112755   0.990906  0.0596785  0.0961584 0.00284024
  0.509951  0.0405048   0.112755   0.990906  0.0596785  0.0961584 0.00284024
  0.509951  0.0405048   0.112755   0.990906  0.0596785  0.0961584 0.00284024
  0.509951  0.0405048   0.112755   0.990906  0.0596785  0.0961584 0.00284024
  0.509951  0.0405048   0.112755   0.990906  0.0596785  0.0961584 0.00284024
  0.509951  0.0405048   0.112755   0.990906  0.0596785  0.0961584 0.00284024
  0.509951  0.0405048   0.112755   0.990906  0.0596785  0.0961584 0.00284024
  0.509951  0.0405048   0.112755   0.990906  0.0596785  0.0961584 0.00284024
  0.510017  0.0411917    0.11258   0.990968  0.0596175  0.0959033 0.00279569
  0.510017  0.0411917    0.11258   0.990968  0.0596175  0.0959033 0.00279569
  0.510017  0.0411917    0.11258   0.990968  0.0596175  0.0959033 0.00279569
  0.510017  0.0411917    0.11258   0.990968  0.0596175  0.0959033 0.00279569
  0.500895  0.0404563   0.111717   0.991012  0.0605576  0.0930785 0.00272613
  0.500895  0.0404563   0.111717   0.991012  0.0605576  0.0930785 0.00272613
  0.500895  0.0404563   0.111717   0.991012  0.0605576  0.0930785 0.00272613
  0.500895  0.0404563   0.111717   0.991012  0.0605576  0.0930785 0.00272613
  0.500895  0.0404563   0.111717   0.991012  0.0605576  0.0930785 0.00272613
  0.500895  0.0404563   0.111717   0.991012  0.0605576  0.0930785 0.00272613
  0.500895  0.0404563   0.111717   0.991012  0.0605576  0.0930785 0.00272613
  0.500895  0.0404563   0.111717   0.991012  0.0605576  0.0930785 0.00272613
  0.500895  0.0404563   0.111717   0.991012  0.0605576  0.0930785 0.00272613
  0.502442  0.0414495   0.111372    0.99118  0.0610542  0.0928275 0.00272256
  0.502442  0.0414495   0.111372    0.99118  0.0610542  0.0928275 0.00272256
  0.502442  0.0414495   0.111372    0.99118  0.0610542  0.0928275 0.00272256
  0.503437   0.041341   0.111469   0.991196  0.0608123  0.0924829  0.0027167
  0.503437   0.041341   0.111469   0.991196  0.0608123  0.0924829  0.0027167
  0.503404  0.0412935   0.111476   0.991153   0.060771  0.0925721 0.00271553
   0.50348  0.0413174   0.111388   0.990727  0.0606888  0.0923874  0.0027128
   0.50348  0.0413174   0.111388   0.990727  0.0606888  0.0923874  0.0027128
   0.50348  0.0413174   0.111388   0.990727  0.0606888  0.0923874  0.0027128
   0.50348  0.0413174   0.111388   0.990727  0.0606888  0.0923874  0.0027128
   0.50348  0.0413174   0.111388   0.990727  0.0606888  0.0923874  0.0027128
  0.502495  0.0411748   0.111331   0.990979  0.0606144  0.0921546 0.00271238
  0.502571  0.0412937   0.111396   0.990985  0.0605672  0.0923728 0.00271225
  0.502627  0.0412702   0.111391   0.990968  0.0606846  0.0923226 0.00270866
  0.502627  0.0412702   0.111391   0.990968  0.0606846  0.0923226 0.00270866
  0.502627  0.0412702   0.111391   0.990968  0.0606846  0.0923226 0.00270866
  0.502627  0.0412702   0.111391   0.990968  0.0606846  0.0923226 0.00270866
  0.502627  0.0412702   0.111391   0.990968  0.0606846  0.0923226 0.00270866
  0.502627  0.0412702   0.111391   0.990968  0.0606846  0.0923226 0.00270866
  0.502627  0.0412702   0.111391   0.990968  0.0606846  0.0923226 0.00270866
  0.502627  0.0412702   0.111391   0.990968  0.0606846  0.0923226 0.00270866
  0.502627  0.0412702   0.111391   0.990968  0.0606846  0.0923226 0.00270866
  0.502627  0.0412702   0.111391   0.990968  0.0606846  0.0923226 0.00270866
  0.502627  0.0412702   0.111391   0.990968  0.0606846  0.0923226 0.00270866
  0.502679  0.0412741   0.111391   0.991001  0.0606675  0.0921639  0.0027085
   0.50267  0.0412752   0.111391      0.991  0.0606686  0.0921513  0.0027085
   0.50267  0.0412752   0.111391      0.991  0.0606686  0.0921513  0.0027085
   0.50267  0.0412752   0.111391      0.991  0.0606686  0.0921513  0.0027085
   0.50267  0.0412752   0.111391      0.991  0.0606686  0.0921513  0.0027085
  0.501475  0.0409531   0.111398   0.991013  0.0606543  0.0921952 0.00270832
  0.501714  0.0416495   0.111323   0.991126  0.0606832  0.0918031 0.00270365
truk:  0.515996 0.0603199  0.103199  0.896801   0.05516 0.0722394
total difference b/w truk and final GBVEC:0.00992901
Wt:
  0.0139737           0           0           0           0           0           0           0           0           0           0           0           0           0           0           0           0           0           0           0           0           0           0           0           0           0           0
          0  0.00474021           0           0           0           0           0           0           0           0           0           0           0           0           0           0           0           0           0           0           0           0           0           0           0           0           0
          0           0   0.0727425           0           0           0           0           0           0           0           0           0           0           0           0           0           0           0           0           0           0           0           0           0           0           0           0
          0           0           0     215.412           0           0           0           0           0           0           0           0           0           0           0           0           0           0           0           0           0           0           0           0           0           0           0
          0           0           0           0  0.00407123           0           0           0           0           0           0           0           0           0           0           0           0           0           0           0           0           0           0           0           0           0           0
          0           0           0           0           0    0.112818           0           0           0           0           0           0           0           0           0           0           0           0           0           0           0           0           0           0           0           0           0
          0           0           0           0           0           0 7.73562e-06           0           0           0           0           0           0           0           0           0           0           0           0           0           0           0           0           0           0           0           0
          0           0           0           0           0           0           0 5.15971e-07           0           0           0           0           0           0           0           0           0           0           0           0           0           0           0           0           0           0           0
          0           0           0           0           0           0           0           0 0.000294994           0           0           0           0           0           0           0           0           0           0           0           0           0           0           0           0           0           0
          0           0           0           0           0           0           0           0           0     6591.03           0           0           0           0           0           0           0           0           0           0           0           0           0           0           0           0           0
          0           0           0           0           0           0           0           0           0           0 4.35666e-07           0           0           0           0           0           0           0           0           0           0           0           0           0           0           0           0
          0           0           0           0           0           0           0           0           0           0           0 0.000700484           0           0           0           0           0           0           0           0           0           0           0           0           0           0           0
          0           0           0           0           0           0           0           0           0           0           0           0    0.901134           0           0           0           0           0           0           0           0           0           0           0           0           0           0
          0           0           0           0           0           0           0           0           0           0           0           0           0 0.000474148           0           0           0           0           0           0           0           0           0           0           0           0           0
          0           0           0           0           0           0           0           0           0           0           0           0           0           0    0.580907           0           0           0           0           0           0           0           0           0           0           0           0
          0           0           0           0           0           0           0           0           0           0           0           0           0           0           0  0.00044873           0           0           0           0           0           0           0           0           0           0           0
          0           0           0           0           0           0           0           0           0           0           0           0           0           0           0           0 0.000549763           0           0           0           0           0           0           0           0           0           0
          0           0           0           0           0           0           0           0           0           0           0           0           0           0           0           0           0 0.000130114           0           0           0           0           0           0           0           0           0
          0           0           0           0           0           0           0           0           0           0           0           0           0           0           0           0           0           0     11.0938           0           0           0           0           0           0           0           0
          0           0           0           0           0           0           0           0           0           0           0           0           0           0           0           0           0           0           0 4.76742e-07           0           0           0           0           0           0           0
          0           0           0           0           0           0           0           0           0           0           0           0           0           0           0           0           0           0           0           0 0.000239111           0           0           0           0           0           0
          0           0           0           0           0           0           0           0           0           0           0           0           0           0           0           0           0           0           0           0           0     4.05948           0           0           0           0           0
          0           0           0           0           0           0           0           0           0           0           0           0           0           0           0           0           0           0           0           0           0           0 6.45205e-05           0           0           0           0
          0           0           0           0           0           0           0           0           0           0           0           0           0           0           0           0           0           0           0           0           0           0           0 0.000462782           0           0           0
          0           0           0           0           0           0           0           0           0           0           0           0           0           0           0           0           0           0           0           0           0           0           0           0     2.74404           0           0
          0           0           0           0           0           0           0           0           0           0           0           0           0           0           0           0           0           0           0           0           0           0           0           0           0     5.56787           0
          0           0           0           0           0           0           0           0           0           0           0           0           0           0           0           0           0           0           0           0           0           0           0           0           0           0 0.000114482
CODE FINISHED RUNNING IN 371 s TIME!
Job Statistics for 1999238:
           JobID       User               Start                 End    Elapsed     MaxRSS   TotalCPU      State Exit        NodeList                                  ReqTRES 
---------------- ---------- ------------------- ------------------- ---------- ---------- ---------- ---------- ---- --------------- ---------------------------------------- 
         1999238   rsjxw007 2021-08-20T10:00:54 2021-08-20T10:07:06   00:06:12             06:10.308  COMPLETED  0:0   r1pl-hpcf-n21         billing=1,cpu=1,mem=7812M,node=1 
   1999238.batch            2021-08-20T10:00:54 2021-08-20T10:07:06   00:06:12      3.00M  06:10.306  COMPLETED  0:0   r1pl-hpcf-n21                                          
  1999238.extern            2021-08-20T10:00:54 2021-08-20T10:07:06   00:06:12          0  00:00.001  COMPLETED  0:0   r1pl-hpcf-n21                                          
CPU Efficiency: 99.46% of 00:06:12 core-walltime
