PSO_S_ODE_NonLinear
Using two part PSO Sample Size:25000 with:27 moments.
Using Record Time:48.45
Bounds for Uniform Distribution (0,1)
Blind PSO --> nParts:3000 Nsteps:20
Targeted PSO --> nParts:60 Nsteps:1000
sdbeta:0.1
wt:
1 0 0 0 0 0 0 0 0 0 0 0 0 0 0 0 0 0 0 0 0 0 0 0 0 0 0
0 1 0 0 0 0 0 0 0 0 0 0 0 0 0 0 0 0 0 0 0 0 0 0 0 0 0
0 0 1 0 0 0 0 0 0 0 0 0 0 0 0 0 0 0 0 0 0 0 0 0 0 0 0
0 0 0 1 0 0 0 0 0 0 0 0 0 0 0 0 0 0 0 0 0 0 0 0 0 0 0
0 0 0 0 1 0 0 0 0 0 0 0 0 0 0 0 0 0 0 0 0 0 0 0 0 0 0
0 0 0 0 0 1 0 0 0 0 0 0 0 0 0 0 0 0 0 0 0 0 0 0 0 0 0
0 0 0 0 0 0 1 0 0 0 0 0 0 0 0 0 0 0 0 0 0 0 0 0 0 0 0
0 0 0 0 0 0 0 1 0 0 0 0 0 0 0 0 0 0 0 0 0 0 0 0 0 0 0
0 0 0 0 0 0 0 0 1 0 0 0 0 0 0 0 0 0 0 0 0 0 0 0 0 0 0
0 0 0 0 0 0 0 0 0 1 0 0 0 0 0 0 0 0 0 0 0 0 0 0 0 0 0
0 0 0 0 0 0 0 0 0 0 1 0 0 0 0 0 0 0 0 0 0 0 0 0 0 0 0
0 0 0 0 0 0 0 0 0 0 0 1 0 0 0 0 0 0 0 0 0 0 0 0 0 0 0
0 0 0 0 0 0 0 0 0 0 0 0 1 0 0 0 0 0 0 0 0 0 0 0 0 0 0
0 0 0 0 0 0 0 0 0 0 0 0 0 1 0 0 0 0 0 0 0 0 0 0 0 0 0
0 0 0 0 0 0 0 0 0 0 0 0 0 0 1 0 0 0 0 0 0 0 0 0 0 0 0
0 0 0 0 0 0 0 0 0 0 0 0 0 0 0 1 0 0 0 0 0 0 0 0 0 0 0
0 0 0 0 0 0 0 0 0 0 0 0 0 0 0 0 1 0 0 0 0 0 0 0 0 0 0
0 0 0 0 0 0 0 0 0 0 0 0 0 0 0 0 0 1 0 0 0 0 0 0 0 0 0
0 0 0 0 0 0 0 0 0 0 0 0 0 0 0 0 0 0 1 0 0 0 0 0 0 0 0
0 0 0 0 0 0 0 0 0 0 0 0 0 0 0 0 0 0 0 1 0 0 0 0 0 0 0
0 0 0 0 0 0 0 0 0 0 0 0 0 0 0 0 0 0 0 0 1 0 0 0 0 0 0
0 0 0 0 0 0 0 0 0 0 0 0 0 0 0 0 0 0 0 0 0 1 0 0 0 0 0
0 0 0 0 0 0 0 0 0 0 0 0 0 0 0 0 0 0 0 0 0 0 1 0 0 0 0
0 0 0 0 0 0 0 0 0 0 0 0 0 0 0 0 0 0 0 0 0 0 0 1 0 0 0
0 0 0 0 0 0 0 0 0 0 0 0 0 0 0 0 0 0 0 0 0 0 0 0 1 0 0
0 0 0 0 0 0 0 0 0 0 0 0 0 0 0 0 0 0 0 0 0 0 0 0 0 1 0
0 0 0 0 0 0 0 0 0 0 0 0 0 0 0 0 0 0 0 0 0 0 0 0 0 0 1
mu: 80 120  85
covarMat:
 50   0   0
  0 100   0
  0   0  50

Yt: 3.99672  3.44981  2.34885 0.128483  5.92715  3.31439  55.4172  98.0831  10.5164 0.019367  134.721  20.9019 0.743675  10.0009  0.68049  11.4251   14.265  12.5962 0.142682  110.822  17.4802 0.312053  23.4247  14.8249 0.474102 0.442573  32.7477
seedk: 0.855449  0.871723 0.0265991  0.577641  0.368935   0.55706| cost:17814
Xt:   3.14301    5.82511    3.26927  0.0390354    9.13342   0.156105    42.0204    149.832    20.3666 0.00193569    223.003  0.0464355    3.43312    13.1666   0.193833    16.7936   0.628695     26.153   0.107439    176.093    1.24878   0.140872    46.6605   0.972489   0.250246 0.00672648      2.228
PSO begins!
underflow!2.08428e-05
pos   0.821568 2.08428e-05    0.549404    0.361546    0.747145   0.0361269
underflow!0.0033865
pos 0.852561  0.792756  0.830191 0.0033865  0.487271  0.385658
overflow!
overflow!
underflow!0.00385622
pos0.00385622   0.207694   0.250693  0.0467351  0.0603043   0.638686
overflow!
underflow!0.000198673
pos    0.64028    0.271858    0.849482 0.000198673    0.226341    0.662777
overflow!
overflow!
overflow!
underflow!8.3274e-05
pos  0.690767   0.437083  0.0541856   0.490536   0.766802 8.3274e-05
underflow!0.00196156
pos  0.285747   0.025651  0.0421693 0.00196156   0.764108   0.251692
underflow!0.00340713
pos  0.919235   0.640886   0.907443   0.523514   0.845014 0.00340713
underflow!0.00116729
pos0.00116729   0.224799   0.435308   0.386713   0.793635   0.170138
underflow!0.00355408
pos0.00355408   0.217926   0.764988   0.217508   0.838883   0.229242
underflow!0.00347968
pos  0.898515   0.267602   0.234111 0.00347968   0.182199   0.521177
underflow!0.000403941
pos0.000403941    0.635331    0.928436    0.226138     0.45417    0.399662
overflow!
underflow!0.000329421
pos0.000329421    0.204824    0.584035    0.323025    0.216107    0.529797
underflow!0.00249528
pos0.00249528   0.344922   0.460515   0.845212   0.633076   0.374964
underflow!0.00144398
pos  0.569816  0.0166318   0.138347 0.00144398   0.554957   0.256774
overflow!
overflow!
overflow!
overflow!
underflow!0.0012039
pos 0.533322 0.0012039  0.780413    0.6187  0.346552  0.737118
underflow!0.000160514
pos   0.651386    0.162837    0.492676    0.054527 0.000160514    0.265544
underflow!0.000283882
pos    0.20203 0.000283882    0.660105    0.848957   0.0912061    0.273745
underflow!0.00164422
pos  0.166647   0.989372    0.92949 0.00164422   0.376473   0.277509
overflow!
underflow!0.00224315
pos  0.884068   0.178755   0.628634   0.735349   0.997484 0.00224315
overflow!
underflow!0.000177163
pos   0.647152   0.0121935    0.598942   0.0610067   0.0509763 0.000177163
underflow!0.000389584
pos  0.0756009    0.702784 0.000389584    0.204889    0.230983   0.0206761
underflow!0.00464509
pos  0.812841   0.909737   0.280924 0.00464509   0.142274    0.81786
overflow!
underflow!0.00284152
pos  0.228833 0.00284152   0.511314    0.45899   0.998578   0.993073
underflow!0.00401687
pos  0.988626   0.836836   0.579052 0.00401687   0.692239   0.140002
underflow!0.00197919
pos  0.979814 0.00197919   0.444233   0.094425   0.508031   0.829592
overflow!
underflow!1.99183e-05
pos   0.966853    0.869505     0.73229 1.99183e-05    0.403167    0.639291
overflow!
overflow!
underflow!2.02092e-05
pos   0.649674    0.028064 2.02092e-05    0.728088    0.995639    0.263326
underflow!0.00127947
pos  0.849612 0.00127947   0.823172  0.0397927   0.477477   0.208556
overflow!
overflow!
overflow!
underflow!0.000815388
pos0.000815388    0.646036    0.598118    0.895942    0.914829    0.694471
overflow!
underflow!0.00321077
pos  0.464633 0.00321077   0.251049  0.0705397   0.378636   0.952636
overflow!
underflow!5.5423e-05
pos  0.370633   0.125167   0.296501   0.104226 5.5423e-05  0.0231822
underflow!0.00410092
pos0.00410092   0.773049   0.243819   0.840026   0.812466   0.108178
underflow!0.00163917
pos  0.353571   0.305601   0.458144 0.00163917   0.400192   0.379953
overflow!
overflow!
underflow!0.00252611
pos  0.152282   0.467024   0.139091   0.203946   0.233309 0.00252611
underflow!0.00353997
pos  0.560891   0.480785   0.492993  0.0406205 0.00353997   0.087774
overflow!
overflow!
