PSO_S_ODE_NonLinear
Using two part PSO Sample Size:5000 with:12 moments.
Using Record Time:29.07
Bounds for Uniform Distribution (0,1)
Blind PSO --> nParts:900 Nsteps:15
Targeted PSO --> nParts:25 Nsteps:500
mu: 80 120  85
covarMat:
 50   0   0
  0 100   0
  0   0  50

Yt:  3.83896   3.76195   2.38457  0.123812   6.27033   3.17134   52.6809   110.034   10.8306 0.0183144   148.766   19.0813
seedk:0.732568 0.296182 0.657532 0.967724 0.411926 0.152867| cost:9268.59
Xt: 5.14588  2.06343   1.2062 0.848777  4.11841  5.17723  67.2629  60.5296  3.33417 0.843265  79.8845  61.3726
PSO begins!
underflow!0.000574391
pos   0.466294    0.505747    0.896961     0.46134 0.000574391    0.759858
underflow!0.000613448
pos   0.200342    0.742723    0.683538 0.000613448    0.350528    0.938656
underflow!0.000304984
pos    0.67203    0.479989    0.418972    0.920172    0.850337 0.000304984
GBMAT from targeted PSO:

 0.732568  0.296182  0.657532  0.967724  0.411926  0.152867   9268.59
 0.732568  0.296182  0.657532  0.967724  0.411926  0.152867   9268.59
 0.707635 0.0959951  0.671767  0.772371 0.0168094  0.555564   30.5267
 0.501181  0.432703  0.322514   0.76232  0.125432  0.252252   27.3593
 0.501181  0.432703  0.322514   0.76232  0.125432  0.252252   27.3593
 0.555392  0.307573  0.417515  0.861278 0.0658607  0.336543   24.3973
 0.523222  0.393278  0.301985  0.877681 0.0817062  0.249135   22.7659
 0.561695  0.399782  0.305077   0.87504 0.0894643  0.249463   22.2626
 0.517855  0.429436  0.297435  0.854645 0.0832257  0.239792    21.923
 0.471377  0.346623  0.193251  0.840942  0.072914  0.158661   20.0196
 0.471377  0.346623  0.193251  0.840942  0.072914  0.158661   20.0196
 0.471377  0.346623  0.193251  0.840942  0.072914  0.158661   20.0196
 0.450626  0.354872  0.192142  0.880391 0.0386744  0.156889   18.8483
 0.392216  0.370655  0.197092  0.853151 0.0376939  0.157475   18.5363
 0.469899  0.442641    0.1664  0.853117 0.0337618  0.133731   17.6378
 0.453781  0.349563  0.121722  0.851266 0.0289742 0.0970473   16.0578

truk:  0.515996 0.0603199  0.103199  0.896801   0.05516 0.0722394
total difference b/w truk and final GBVEC0.0912496

targeted PSO has started!
Updating Weight Matrix!
GBVEC AND COST: 0.453781  0.349563  0.121722  0.851266 0.0289742 0.0970473   16.0578
Chkpt reached!
new weight matrix:
  0.0135034           0           0           0           0           0           0           0           0           0           0           0
          0  0.00522068           0           0           0           0           0           0           0           0           0           0
          0           0    0.094724           0           0           0           0           0           0           0           0           0
          0           0           0     195.349           0           0           0           0           0           0           0           0
          0           0           0           0  0.00450017           0           0           0           0           0           0           0
          0           0           0           0           0   0.0588984           0           0           0           0           0           0
          0           0           0           0           0           0 7.26269e-06           0           0           0           0           0
          0           0           0           0           0           0           0 5.53588e-07           0           0           0           0
          0           0           0           0           0           0           0           0 0.000498493           0           0           0
          0           0           0           0           0           0           0           0           0      4774.9           0           0
          0           0           0           0           0           0           0           0           0           0 4.73146e-07           0
          0           0           0           0           0           0           0           0           0           0           0 0.000190714

New PBMAT:
   0.459076    0.368195  0.00550886    0.971456    0.230634   0.0201407     4.44649
   0.377644    0.298653    0.110133    0.940867  0.00554802   0.0585048     1.25183
   0.273489    0.260475   0.0722359    0.896869 2.67262e-07    0.190786     2.95423
   0.530762    0.245976   0.0530237    0.598193 0.000125353   0.0993871     2.34895
   0.479018    0.439699   0.0331839    0.808853  0.00142624    0.341062     4.27974
   0.521894    0.267998   0.0992406    0.780806 5.60693e-05   0.0392768     1.10295
   0.506742     0.45218    0.232328    0.873405  3.3682e-09   0.0529973     0.98307
   0.399149    0.499894   0.0142858    0.503318   0.0109476   0.0114956     4.07842
   0.480815    0.331984   0.0714873    0.966835  0.00328816    0.135687     2.80275
    0.45624     0.37865    0.239036     0.80753 2.59672e-05   0.0794153     1.00718
   0.560076    0.368777    0.169638    0.768622   0.0977557   0.0152297     317.507
   0.471507    0.307125    0.168384    0.801107 9.06256e-11    0.221573    0.196237
   0.480603    0.268028   0.0558868    0.792376    0.244137   0.0674257      1.4189
   0.412951    0.306822    0.269164    0.665919 7.24948e-06    0.100203     5.71551
   0.640911    0.256512   0.0427567    0.887567     0.10956   0.0153524   0.0171844
   0.512191    0.376577   0.0081384    0.810586  0.00107521   0.0624464     5.06313
   0.336037    0.571528   0.0623985    0.931529 1.06928e-16   0.0214483     2.95682
   0.514156    0.336089   0.0736628    0.739661 1.07373e-14   0.0969478     2.00169
    0.46067    0.294702    0.108971    0.886675 0.000123871   0.0264173      1.4922
   0.495118       0.423   0.0798547    0.894229  0.00946093    0.250603      2.6654
   0.511651    0.361684   0.0901076     0.84831   0.0253318   0.0931255     1.13498
   0.343289    0.395784    0.056055    0.886205 0.000777733    0.110487     3.27914
    0.47789    0.465407  0.00834924    0.862238  0.00137265    0.226339     5.18364
   0.560899    0.265257     0.12526    0.892769 3.11938e-05     0.08743    0.786303
   0.412182     0.44057    0.190621    0.848686 4.04755e-14   0.0606989    0.380028

underflow!2.67262e-07
pos   0.273489    0.260475   0.0722359    0.896869 2.67262e-07    0.190786
underflow!3.3682e-09
pos  0.506742    0.45218   0.232328   0.873405 3.3682e-09  0.0529973
underflow!2.59672e-05
pos    0.45624     0.37865    0.239036     0.80753 2.59672e-05   0.0794153
underflow!1.07373e-14
pos   0.514156    0.336089   0.0736628    0.739661 1.07373e-14   0.0969478
underflow!0.000545501
pos   0.453006    0.272706    0.372042    0.684953 0.000545501   0.0986407
underflow!0.000281418
pos   0.578326    0.289262     0.15309     0.76099 0.000281418   0.0624377
underflow!8.73147e-05
pos   0.503101    0.212504   0.0335693    0.590967 8.73147e-05   0.0218287
underflow!0.000963355
pos  0.0723231    0.485869   0.0843504    0.984186 0.000963355   0.0516887
underflow!0.0004114
pos 0.460214  0.307076   0.26196  0.639383 0.0004114  0.102889
Updating Weight Matrix!
GBVEC AND COST:  0.742288   0.313911   0.127075   0.691041  0.0145473  0.0963518 0.00156391
Chkpt reached!
new weight matrix:
   0.013396           0           0           0           0           0           0           0           0           0           0           0
          0  0.00524745           0           0           0           0           0           0           0           0           0           0
          0           0   0.0934859           0           0           0           0           0           0           0           0           0
          0           0           0     169.214           0           0           0           0           0           0           0           0
          0           0           0           0  0.00453513           0           0           0           0           0           0           0
          0           0           0           0           0   0.0554737           0           0           0           0           0           0
          0           0           0           0           0           0 7.24125e-06           0           0           0           0           0
          0           0           0           0           0           0           0 5.56836e-07           0           0           0           0
          0           0           0           0           0           0           0           0 0.000484932           0           0           0
          0           0           0           0           0           0           0           0           0     3629.35           0           0
          0           0           0           0           0           0           0           0           0           0  4.7621e-07           0
          0           0           0           0           0           0           0           0           0           0           0 0.000170309

underflow!8.24565e-47
pos   0.727005    0.367191   0.0246168    0.705119 8.24565e-47   0.0862304
underflow!7.17478e-19
pos   0.764603     0.28421   0.0732667    0.641516 7.17478e-19    0.128557
underflow!6.74505e-23
pos   0.670075    0.256389    0.212273    0.789282 6.74505e-23      0.0524
underflow!5.72879e-07
pos   0.722163    0.281304    0.152445    0.645868 5.72879e-07   0.0161077
underflow!1.21315e-84
pos   0.735485    0.260038    0.111466    0.725884 1.21315e-84   0.0751832
underflow!3.08007e-27
pos     0.5796    0.347493    0.184377    0.783832 3.08007e-27    0.133515
underflow!1.57014e-24
pos   0.656152    0.383317    0.123044    0.586691 1.57014e-24   0.0399245
underflow!9.45404e-07
pos   0.659764     0.52399    0.124027    0.707179 9.45404e-07   0.0250843
underflow!0.000398972
pos   0.601878    0.295933   0.0841884    0.605884 0.000398972   0.0362956
underflow!0.000548924
pos   0.644002    0.209434   0.0432602    0.673107 0.000548924    0.579759
underflow!0.00082594
pos  0.679381   0.198327   0.102776   0.708672 0.00082594  0.0678308
Updating Weight Matrix!
GBVEC AND COST:   0.736116    0.282589    0.114121    0.696557   0.0227449   0.0837979 0.000609104
Chkpt reached!
new weight matrix:
  0.0133624           0           0           0           0           0           0           0           0           0           0           0
          0  0.00524809           0           0           0           0           0           0           0           0           0           0
          0           0   0.0936328           0           0           0           0           0           0           0           0           0
          0           0           0      170.53           0           0           0           0           0           0           0           0
          0           0           0           0   0.0045369           0           0           0           0           0           0           0
          0           0           0           0           0    0.054867           0           0           0           0           0           0
          0           0           0           0           0           0 7.22982e-06           0           0           0           0           0
          0           0           0           0           0           0           0 5.57073e-07           0           0           0           0
          0           0           0           0           0           0           0           0 0.000485182           0           0           0
          0           0           0           0           0           0           0           0           0     3706.32           0           0
          0           0           0           0           0           0           0           0           0           0 4.76428e-07           0
          0           0           0           0           0           0           0           0           0           0           0 0.000167125

underflow!0.00011695
pos  0.766682   0.494416  0.0405793   0.685124 0.00011695  0.0730574
underflow!1.18447e-11
pos   0.722225    0.313146   0.0641481    0.613236 1.18447e-11   0.0239619
underflow!1.47914e-08
pos   0.695762    0.245203   0.0703481    0.659337 1.47914e-08     0.18492
underflow!3.79413e-09
pos   0.838403    0.157739   0.0142983    0.714311 3.79413e-09   0.0141188
underflow!7.06369e-08
pos   0.630023    0.179694  0.00927172    0.572499 7.06369e-08    0.158315
underflow!4.75179e-14
pos   0.822501    0.240901   0.0776047    0.724488 4.75179e-14   0.0867974
underflow!4.38262e-09
pos   0.839364    0.417541   0.0252648    0.755101 4.38262e-09    0.163533
underflow!5.1499e-07
pos  0.598573    0.26401   0.128634   0.611263 5.1499e-07   0.181146
underflow!0.00088571
pos   0.83442  0.0562339  0.0181855    0.71362 0.00088571 0.00521984
Updating Weight Matrix!
GBVEC AND COST:   0.736501    0.282652    0.114298    0.690902   0.0212193    0.082488 0.000521868
Chkpt reached!
new weight matrix:
  0.0133492           0           0           0           0           0           0           0           0           0           0           0
          0  0.00525633           0           0           0           0           0           0           0           0           0           0
          0           0   0.0940463           0           0           0           0           0           0           0           0           0
          0           0           0     170.957           0           0           0           0           0           0           0           0
          0           0           0           0  0.00454485           0           0           0           0           0           0           0
          0           0           0           0           0   0.0542795           0           0           0           0           0           0
          0           0           0           0           0           0 7.22243e-06           0           0           0           0           0
          0           0           0           0           0           0           0 5.57863e-07           0           0           0           0
          0           0           0           0           0           0           0           0 0.000488599           0           0           0
          0           0           0           0           0           0           0           0           0     3721.26           0           0
          0           0           0           0           0           0           0           0           0           0 4.77208e-07           0
          0           0           0           0           0           0           0           0           0           0           0 0.000163365

underflow!1.05246e-07
pos   0.708294    0.305181   0.0954771    0.596972 1.05246e-07  0.00417757
underflow!1.09874e-09
pos   0.622786    0.190705    0.195351    0.830104 1.09874e-09   0.0588178
underflow!5.2855e-08
pos  0.759714   0.137585  0.0410637   0.651551 5.2855e-08 0.00292147
underflow!9.61015e-08
pos   0.551617    0.295039    0.136512    0.723078 9.61015e-08    0.239032
underflow!0.000607327
pos   0.712467    0.281767   0.0370817    0.746475 0.000607327   0.0324322
underflow!2.90487e-08
pos   0.674283    0.263171    0.100649    0.661876 2.90487e-08   0.0341595
underflow!5.18532e-08
pos   0.713676    0.359285   0.0657799    0.806244 5.18532e-08  0.00801436
underflow!1.57799e-07
pos     0.8058    0.291292     0.15629    0.649596 1.57799e-07   0.0675923
underflow!0.000861793
pos   0.675948    0.245956    0.289253    0.714866 0.000861793    0.022107
Updating Weight Matrix!
GBVEC AND COST:   0.736501    0.282652    0.114298    0.690902   0.0212193    0.082488 0.000522258
Chkpt reached!
new weight matrix:
  0.0133492           0           0           0           0           0           0           0           0           0           0           0
          0  0.00525633           0           0           0           0           0           0           0           0           0           0
          0           0   0.0940463           0           0           0           0           0           0           0           0           0
          0           0           0     170.957           0           0           0           0           0           0           0           0
          0           0           0           0  0.00454485           0           0           0           0           0           0           0
          0           0           0           0           0   0.0542795           0           0           0           0           0           0
          0           0           0           0           0           0 7.22243e-06           0           0           0           0           0
          0           0           0           0           0           0           0 5.57863e-07           0           0           0           0
          0           0           0           0           0           0           0           0 0.000488599           0           0           0
          0           0           0           0           0           0           0           0           0     3721.26           0           0
          0           0           0           0           0           0           0           0           0           0 4.77208e-07           0
          0           0           0           0           0           0           0           0           0           0           0 0.000163365

underflow!0.000256078
pos   0.727627    0.323287    0.215277      0.7611 0.000256078   0.0984275
underflow!4.07592e-18
pos   0.734347    0.182845   0.0348425    0.681115 4.07592e-18    0.186057
underflow!2.78942e-06
pos   0.746914    0.272725    0.077133    0.638397 2.78942e-06   0.0241311
underflow!9.99732e-06
pos   0.782401     0.26589   0.0440944    0.769651 9.99732e-06   0.0246473
underflow!2.85319e-14
pos   0.586095    0.299012   0.0666772    0.751751 2.85319e-14   0.0287078
underflow!0.000188565
pos     0.8249    0.242147    0.243734    0.609339 0.000188565    0.108495
Updating Weight Matrix!
GBVEC AND COST:   0.739009    0.286891    0.113721    0.684843   0.0207388   0.0819906 0.000515432
Chkpt reached!
new weight matrix:
  0.0133491           0           0           0           0           0           0           0           0           0           0           0
          0  0.00525605           0           0           0           0           0           0           0           0           0           0
          0           0   0.0940733           0           0           0           0           0           0           0           0           0
          0           0           0     170.973           0           0           0           0           0           0           0           0
          0           0           0           0  0.00454448           0           0           0           0           0           0           0
          0           0           0           0           0   0.0542968           0           0           0           0           0           0
          0           0           0           0           0           0  7.2221e-06           0           0           0           0           0
          0           0           0           0           0           0           0 5.57832e-07           0           0           0           0
          0           0           0           0           0           0           0           0 0.000488829           0           0           0
          0           0           0           0           0           0           0           0           0     3721.72           0           0
          0           0           0           0           0           0           0           0           0           0 4.77178e-07           0
          0           0           0           0           0           0           0           0           0           0           0  0.00016349

underflow!5.15065e-06
pos   0.862599    0.196805     0.11512    0.694387 9.27361e-18 5.15065e-06
underflow!9.27361e-18
pos   0.862599    0.196805     0.11512    0.694387 9.27361e-18 5.15065e-06
underflow!0.000915634
pos   0.653111    0.374613   0.0626121    0.712686 0.000915634   0.0490324
underflow!6.01375e-07
pos   0.866855    0.358218    0.177826    0.585456 6.01375e-07   0.0659576
underflow!3.54656e-07
pos    0.71379    0.397761   0.0720624    0.643375 3.54656e-07    0.146571
underflow!0.000185268
pos   0.785471    0.299435   0.0747127    0.720371 0.000185268   0.0627765
underflow!2.52807e-13
pos   0.838741    0.245671    0.125118    0.473605 2.52807e-13  0.00100222
underflow!3.57379e-19
pos   0.600792    0.385783   0.0437045    0.701477 3.57379e-19   0.0488622
underflow!6.19382e-07
pos   0.794642     0.30163   0.0526879    0.637578 6.19382e-07   0.0355851
underflow!2.36981e-07
pos   0.825836    0.252759    0.120572    0.675287 2.36981e-07   0.0555728
Updating Weight Matrix!
GBVEC AND COST:   0.739009    0.286891    0.113721    0.684843   0.0207388   0.0819906 0.000515445
Chkpt reached!
new weight matrix:
  0.0133491           0           0           0           0           0           0           0           0           0           0           0
          0  0.00525605           0           0           0           0           0           0           0           0           0           0
          0           0   0.0940733           0           0           0           0           0           0           0           0           0
          0           0           0     170.973           0           0           0           0           0           0           0           0
          0           0           0           0  0.00454448           0           0           0           0           0           0           0
          0           0           0           0           0   0.0542968           0           0           0           0           0           0
          0           0           0           0           0           0  7.2221e-06           0           0           0           0           0
          0           0           0           0           0           0           0 5.57832e-07           0           0           0           0
          0           0           0           0           0           0           0           0 0.000488829           0           0           0
          0           0           0           0           0           0           0           0           0     3721.72           0           0
          0           0           0           0           0           0           0           0           0           0 4.77178e-07           0
          0           0           0           0           0           0           0           0           0           0           0  0.00016349

underflow!3.80086e-22
pos   0.782957    0.326844    0.105183    0.625807 3.80086e-22   0.0646941
underflow!9.7825e-09
pos  0.745346   0.215581   0.136191   0.723539 9.7825e-09  0.0716964
underflow!3.44462e-10
pos   0.709534    0.239789    0.123437    0.822069 3.44462e-10  0.00438313
underflow!7.85181e-34
pos   0.764555    0.241189   0.0414263    0.800146 7.85181e-34   0.0352117
underflow!3.64715e-12
pos    0.81119    0.426654     0.29781    0.731457 3.64715e-12   0.0656751
underflow!0.0001745
pos 0.752424  0.360048 0.0862637  0.652579 0.0001745 0.0149646
underflow!3.68392e-11
pos    0.81697    0.267099    0.225706    0.723134 3.68392e-11   0.0814527
Updating Weight Matrix!
GBVEC AND COST:   0.730924    0.288845    0.113432    0.678594   0.0202692   0.0819648 0.000507745
Chkpt reached!
new weight matrix:
  0.0133522           0           0           0           0           0           0           0           0           0           0           0
          0  0.00525473           0           0           0           0           0           0           0           0           0           0
          0           0   0.0940651           0           0           0           0           0           0           0           0           0
          0           0           0     170.791           0           0           0           0           0           0           0           0
          0           0           0           0  0.00454301           0           0           0           0           0           0           0
          0           0           0           0           0   0.0544192           0           0           0           0           0           0
          0           0           0           0           0           0 7.22301e-06           0           0           0           0           0
          0           0           0           0           0           0           0 5.57689e-07           0           0           0           0
          0           0           0           0           0           0           0           0 0.000488835           0           0           0
          0           0           0           0           0           0           0           0           0     3712.84           0           0
          0           0           0           0           0           0           0           0           0           0 4.77039e-07           0
          0           0           0           0           0           0           0           0           0           0           0 0.000164253

underflow!2.58837e-48
pos   0.781151    0.204831   0.0471546    0.597082 2.58837e-48   0.0889528
underflow!9.32085e-06
pos      0.712    0.316303    0.100642    0.719839 9.32085e-06   0.0689311
underflow!8.87847e-09
pos   0.739308    0.356912   0.0636143    0.592998 8.87847e-09    0.042565
underflow!5.92043e-08
pos   0.796533    0.230823    0.196467    0.630897 5.92043e-08    0.174846
underflow!0.000106001
pos   0.698266    0.303631    0.324809    0.796178 0.000106001   0.0780426
underflow!4.70122e-07
pos    0.74798    0.298311     0.21163     0.64454 4.70122e-07     0.20418
underflow!8.99359e-08
pos    0.74728    0.182437    0.192608    0.696472 8.99359e-08    0.307011
underflow!2.30048e-07
pos   0.739574    0.124122   0.0566187    0.576354 2.30048e-07   0.0118486
Updating Weight Matrix!
GBVEC AND COST:    0.72213    0.297587    0.109582    0.678789   0.0233139   0.0783571 0.000498262
Chkpt reached!
new weight matrix:
   0.013347           0           0           0           0           0           0           0           0           0           0           0
          0  0.00525413           0           0           0           0           0           0           0           0           0           0
          0           0   0.0942764           0           0           0           0           0           0           0           0           0
          0           0           0      170.34           0           0           0           0           0           0           0           0
          0           0           0           0  0.00454205           0           0           0           0           0           0           0
          0           0           0           0           0    0.054402           0           0           0           0           0           0
          0           0           0           0           0           0 7.21927e-06           0           0           0           0           0
          0           0           0           0           0           0           0 5.57624e-07           0           0           0           0
          0           0           0           0           0           0           0           0 0.000490534           0           0           0
          0           0           0           0           0           0           0           0           0     3696.49           0           0
          0           0           0           0           0           0           0           0           0           0 4.76978e-07           0
          0           0           0           0           0           0           0           0           0           0           0  0.00016428

underflow!1.40526e-07
pos   0.751554    0.305248    0.223401    0.511421 1.40526e-07   0.0303418
underflow!0.000144627
pos   0.666395     0.41928   0.0531593    0.628099 0.000144627   0.0775974
underflow!7.03726e-06
pos   0.748954    0.353452    0.197262    0.592316 7.03726e-06   0.0850756
underflow!0.000924507
pos    0.71473    0.354162    0.114611    0.638081 0.000924507   0.0491109
underflow!1.45425e-28
pos   0.629968    0.398283   0.0912953    0.720779 1.45425e-28    0.078397
underflow!0.000144729
pos   0.732261    0.464026    0.034454    0.725474 0.000144729    0.178992
underflow!0.000711461
pos   0.720593    0.263101   0.0427904    0.681427 0.000711461  0.00379226
Updating Weight Matrix!
GBVEC AND COST:    0.73132    0.297403    0.109429    0.678734   0.0232838   0.0782777 0.000497052
Chkpt reached!
new weight matrix:
   0.013346           0           0           0           0           0           0           0           0           0           0           0
          0  0.00525365           0           0           0           0           0           0           0           0           0           0
          0           0    0.094215           0           0           0           0           0           0           0           0           0
          0           0           0     170.398           0           0           0           0           0           0           0           0
          0           0           0           0  0.00454176           0           0           0           0           0           0           0
          0           0           0           0           0   0.0543997           0           0           0           0           0           0
          0           0           0           0           0           0 7.21953e-06           0           0           0           0           0
          0           0           0           0           0           0           0 5.57594e-07           0           0           0           0
          0           0           0           0           0           0           0           0 0.000489945           0           0           0
          0           0           0           0           0           0           0           0           0     3700.19           0           0
          0           0           0           0           0           0           0           0           0           0 4.76947e-07           0
          0           0           0           0           0           0           0           0           0           0           0   0.0001643

underflow!1.95415e-11
pos   0.604326    0.263173   0.0503927    0.657546 1.95415e-11   0.0136151
underflow!1.61191e-05
pos   0.686044    0.481416   0.0596245    0.544971 1.61191e-05   0.0268282
underflow!0.000157505
pos   0.638016    0.268748    0.191385    0.696313 0.000157505   0.0953576
underflow!4.33756e-05
pos   0.815414    0.427385   0.0865386    0.678808 4.33756e-05   0.0119467
underflow!2.61718e-07
pos    0.72803    0.334014   0.0771468    0.755393 2.61718e-07   0.0203025
underflow!9.65663e-06
pos    0.78266    0.307321   0.0989687    0.701023 9.65663e-06   0.0446367
underflow!1.02832e-07
pos   0.735801    0.319361   0.0769367    0.628147 1.02832e-07     0.11351
underflow!1.35799e-15
pos   0.839573     0.36464    0.142702    0.634813 1.35799e-15  0.00144033
