PSO_S_ODE_NonLinear
Using two part PSOSample Size:25000 with:27 moments.
Using Record Time:29.07
Bounds for Uniform Distribution (0,1)
Blind PSO --> nParts:300 Nsteps:5
Targeted PSO --> nParts:20 Nsteps:20
mu: 80 120  85
covarMat:
 50   0   0
  0 100   0
  0   0  50

Yt:  3.96749   3.57129   2.37808  0.125587   6.07496   3.16657   55.1825   101.287    10.781 0.0186912   139.441   18.9834  0.745522   9.98599  0.670389   11.4019    13.933   13.2276  0.142131   114.657   16.6409  0.307209   24.3158   14.2891  0.468031  0.417015   31.3471
seedk:0.115878 0.706971 0.882639 0.419577 0.916642 0.316995| cost:1338.56
Xt: 5.49544  4.69824 0.916842  1.12195  6.73703   2.5525  73.7012  100.994  2.34247  1.65226  135.564  18.1595  12.5771   6.3383  8.71968  27.6351  17.6478  9.43485  4.37974  114.809   26.268  1.47296  13.2503  6.52213  7.50497  4.10109  36.8912
PSO begins!
GBMAT from targeted PSO:

 0.115878  0.706971  0.882639  0.419577  0.916642  0.316995   1338.56
 0.115878  0.706971  0.882639  0.419577  0.916642  0.316995   1338.56
 0.770302  0.107411  0.328447  0.779549   0.16209  0.258765   86.8303
 0.580824 0.0520702  0.149313  0.775196  0.229055  0.115012   61.9731
 0.546389 0.0659441  0.196017  0.768361  0.153511  0.137883   26.6272
 0.553012 0.0611662  0.176738  0.770461  0.153793   0.12629   22.2275

truk:  0.515996 0.0603199  0.103199  0.896801   0.05516 0.0722394
total difference b/w truk and final GBVEC0.0353904

targeted PSO has started!
Updating Weight Matrix!
GBVEC AND COST: 0.553012 0.0611662  0.176738  0.770461  0.153793   0.12629   22.2275
Chkpt reached!
new weight matrix:
   0.012213           0           0           0           0           0           0           0           0           0           0           0           0           0           0           0           0           0           0           0           0           0           0           0           0           0           0
          0  0.00559976           0           0           0           0           0           0           0           0           0           0           0           0           0           0           0           0           0           0           0           0           0           0           0           0           0
          0           0     0.09685           0           0           0           0           0           0           0           0           0           0           0           0           0           0           0           0           0           0           0           0           0           0           0           0
          0           0           0     58.8602           0           0           0           0           0           0           0           0           0           0           0           0           0           0           0           0           0           0           0           0           0           0           0
          0           0           0           0  0.00483805           0           0           0           0           0           0           0           0           0           0           0           0           0           0           0           0           0           0           0           0           0           0
          0           0           0           0           0   0.0529571           0           0           0           0           0           0           0           0           0           0           0           0           0           0           0           0           0           0           0           0           0
          0           0           0           0           0           0  4.8354e-06           0           0           0           0           0           0           0           0           0           0           0           0           0           0           0           0           0           0           0           0
          0           0           0           0           0           0           0  5.8287e-07           0           0           0           0           0           0           0           0           0           0           0           0           0           0           0           0           0           0           0
          0           0           0           0           0           0           0           0 0.000497517           0           0           0           0           0           0           0           0           0           0           0           0           0           0           0           0           0           0
          0           0           0           0           0           0           0           0           0      267.05           0           0           0           0           0           0           0           0           0           0           0           0           0           0           0           0           0
          0           0           0           0           0           0           0           0           0           0 4.82715e-07           0           0           0           0           0           0           0           0           0           0           0           0           0           0           0           0
          0           0           0           0           0           0           0           0           0           0           0  0.00014805           0           0           0           0           0           0           0           0           0           0           0           0           0           0           0
          0           0           0           0           0           0           0           0           0           0           0           0    0.682129           0           0           0           0           0           0           0           0           0           0           0           0           0           0
          0           0           0           0           0           0           0           0           0           0           0           0           0 0.000482922           0           0           0           0           0           0           0           0           0           0           0           0           0
          0           0           0           0           0           0           0           0           0           0           0           0           0           0    0.118931           0           0           0           0           0           0           0           0           0           0           0           0
          0           0           0           0           0           0           0           0           0           0           0           0           0           0           0 0.000435033           0           0           0           0           0           0           0           0           0           0           0
          0           0           0           0           0           0           0           0           0           0           0           0           0           0           0           0 0.000245696           0           0           0           0           0           0           0           0           0           0
          0           0           0           0           0           0           0           0           0           0           0           0           0           0           0           0           0 0.000146507           0           0           0           0           0           0           0           0           0
          0           0           0           0           0           0           0           0           0           0           0           0           0           0           0           0           0           0     2.64729           0           0           0           0           0           0           0           0
          0           0           0           0           0           0           0           0           0           0           0           0           0           0           0           0           0           0           0 5.32595e-07           0           0           0           0           0           0           0
          0           0           0           0           0           0           0           0           0           0           0           0           0           0           0           0           0           0           0           0 8.56598e-05           0           0           0           0           0           0
          0           0           0           0           0           0           0           0           0           0           0           0           0           0           0           0           0           0           0           0           0     1.07961           0           0           0           0           0
          0           0           0           0           0           0           0           0           0           0           0           0           0           0           0           0           0           0           0           0           0           0 8.40663e-05           0           0           0           0
          0           0           0           0           0           0           0           0           0           0           0           0           0           0           0           0           0           0           0           0           0           0           0 0.000272252           0           0           0
          0           0           0           0           0           0           0           0           0           0           0           0           0           0           0           0           0           0           0           0           0           0           0           0    0.654164           0           0
          0           0           0           0           0           0           0           0           0           0           0           0           0           0           0           0           0           0           0           0           0           0           0           0           0    0.559563           0
          0           0           0           0           0           0           0           0           0           0           0           0           0           0           0           0           0           0           0           0           0           0           0           0           0           0 4.85381e-05



new GBMAT with step:0
 0.115878  0.706971  0.882639  0.419577  0.916642  0.316995   1338.56
 0.115878  0.706971  0.882639  0.419577  0.916642  0.316995   1338.56
 0.770302  0.107411  0.328447  0.779549   0.16209  0.258765   86.8303
 0.580824 0.0520702  0.149313  0.775196  0.229055  0.115012   61.9731
 0.546389 0.0659441  0.196017  0.768361  0.153511  0.137883   26.6272
 0.553012 0.0611662  0.176738  0.770461  0.153793   0.12629   22.2275
 0.553012 0.0611662  0.176738  0.770461  0.153793   0.12629   4.01353
 0.553012 0.0611662  0.176738  0.770461  0.153793   0.12629   4.01353
New PBMAT:
   0.544775    0.223006   0.0765139    0.813993    0.217435    0.192882     1.13133
   0.606593 9.56678e-09    0.122587    0.711005   0.0726834    0.473216    0.774328
   0.620069 0.000128418    0.152123    0.798178    0.196307   0.0754777     11.5266
   0.648631 0.000169268   0.0494319    0.702133   0.0432441  0.00184386    0.426177
   0.687477 9.35373e-08   0.0236368    0.959973   0.0412788   0.0100101     1.25894
   0.524651  6.2458e-06    0.117401    0.703178     0.28012   0.0248077     107.826
   0.820171 0.000945406    0.215664    0.796533    0.223376    0.050921     79.1124
   0.626136 6.93948e-08    0.191058    0.849016   0.0354064  0.00540749     16.0277
   0.408815  0.00289923   0.0219162    0.679095    0.202534   0.0011668    0.597809
   0.415663   0.0777967    0.123391    0.740486    0.117363    0.106957    0.936049
   0.340912   0.0483693    0.236429    0.944666    0.216408    0.055112     39.2359
   0.283854 2.75743e-14    0.235123      0.4864    0.127027    0.125433     25.0196
   0.747654   0.0127522   0.0178191    0.669338    0.585081  0.00119799     4.17265
   0.610624    0.281322   0.0680992    0.710412   0.0688224 0.000521719     2.21152
   0.629407    0.151498    0.180587    0.959215   0.0244157 0.000409945     10.2348
   0.864687   0.0287444    0.500509    0.922594    0.109083   0.0430247     87.5402
   0.857152  0.00388514    0.159557    0.768276    0.036728    0.284783    0.429552
   0.666585 9.23665e-07    0.137316    0.606103   0.0125375    0.373883    0.670892
   0.522042  0.00274405   0.0328967    0.792549   0.0957825    0.220851      1.8023
   0.324023    0.147272    0.142115    0.576707   0.0450846    0.109755     1.68698

underflow!0.000128418
pos   0.620069 0.000128418    0.152123    0.798178    0.196307   0.0754777
underflow!0.000945406
pos   0.820171 0.000945406    0.215664    0.796533    0.223376    0.050921
underflow!9.23665e-07
pos   0.666585 9.23665e-07    0.137316    0.606103   0.0125375    0.373883


new GBMAT with step:1
  0.115878   0.706971   0.882639   0.419577   0.916642   0.316995    1338.56
  0.115878   0.706971   0.882639   0.419577   0.916642   0.316995    1338.56
  0.770302   0.107411   0.328447   0.779549    0.16209   0.258765    86.8303
  0.580824  0.0520702   0.149313   0.775196   0.229055   0.115012    61.9731
  0.546389  0.0659441   0.196017   0.768361   0.153511   0.137883    26.6272
  0.553012  0.0611662   0.176738   0.770461   0.153793    0.12629    22.2275
  0.553012  0.0611662   0.176738   0.770461   0.153793    0.12629    4.01353
  0.553012  0.0611662   0.176738   0.770461   0.153793    0.12629    4.01353
   0.59627 0.00155962  0.0641472   0.705147  0.0932467  0.0804902   0.290843
underflow!0.000311074
pos    0.66929 0.000311074   0.0317149    0.931575   0.0259356   0.0240643
underflow!8.71025e-05
pos   0.301302 8.71025e-05    0.225574    0.498617    0.125141    0.122923
underflow!0.000367305
pos   0.650037 0.000367305   0.0775682    0.629413    0.107391    0.304833


new GBMAT with step:2
  0.115878   0.706971   0.882639   0.419577   0.916642   0.316995    1338.56
  0.115878   0.706971   0.882639   0.419577   0.916642   0.316995    1338.56
  0.770302   0.107411   0.328447   0.779549    0.16209   0.258765    86.8303
  0.580824  0.0520702   0.149313   0.775196   0.229055   0.115012    61.9731
  0.546389  0.0659441   0.196017   0.768361   0.153511   0.137883    26.6272
  0.553012  0.0611662   0.176738   0.770461   0.153793    0.12629    22.2275
  0.553012  0.0611662   0.176738   0.770461   0.153793    0.12629    4.01353
  0.553012  0.0611662   0.176738   0.770461   0.153793    0.12629    4.01353
   0.59627 0.00155962  0.0641472   0.705147  0.0932467  0.0804902   0.290843
  0.588396  0.0419012   0.119854   0.682515  0.0625131   0.140617   0.249571
underflow!0.000823498
pos   0.530275 0.000823498   0.0663694    0.749913    0.181803   0.0517116
underflow!0.00028954
pos  0.676893 0.00028954   0.100534   0.644925  0.0953609   0.212643


new GBMAT with step:3
  0.115878   0.706971   0.882639   0.419577   0.916642   0.316995    1338.56
  0.115878   0.706971   0.882639   0.419577   0.916642   0.316995    1338.56
  0.770302   0.107411   0.328447   0.779549    0.16209   0.258765    86.8303
  0.580824  0.0520702   0.149313   0.775196   0.229055   0.115012    61.9731
  0.546389  0.0659441   0.196017   0.768361   0.153511   0.137883    26.6272
  0.553012  0.0611662   0.176738   0.770461   0.153793    0.12629    22.2275
  0.553012  0.0611662   0.176738   0.770461   0.153793    0.12629    4.01353
  0.553012  0.0611662   0.176738   0.770461   0.153793    0.12629    4.01353
   0.59627 0.00155962  0.0641472   0.705147  0.0932467  0.0804902   0.290843
  0.588396  0.0419012   0.119854   0.682515  0.0625131   0.140617   0.249571
  0.576427  0.0244047  0.0815649   0.712114  0.0885282  0.0814114   0.183077


new GBMAT with step:4
  0.115878   0.706971   0.882639   0.419577   0.916642   0.316995    1338.56
  0.115878   0.706971   0.882639   0.419577   0.916642   0.316995    1338.56
  0.770302   0.107411   0.328447   0.779549    0.16209   0.258765    86.8303
  0.580824  0.0520702   0.149313   0.775196   0.229055   0.115012    61.9731
  0.546389  0.0659441   0.196017   0.768361   0.153511   0.137883    26.6272
  0.553012  0.0611662   0.176738   0.770461   0.153793    0.12629    22.2275
  0.553012  0.0611662   0.176738   0.770461   0.153793    0.12629    4.01353
  0.553012  0.0611662   0.176738   0.770461   0.153793    0.12629    4.01353
   0.59627 0.00155962  0.0641472   0.705147  0.0932467  0.0804902   0.290843
  0.588396  0.0419012   0.119854   0.682515  0.0625131   0.140617   0.249571
  0.576427  0.0244047  0.0815649   0.712114  0.0885282  0.0814114   0.183077
  0.612609    0.10703   0.066246    0.77817  0.0633711  0.0349089  0.0114893


new GBMAT with step:5
  0.115878   0.706971   0.882639   0.419577   0.916642   0.316995    1338.56
  0.115878   0.706971   0.882639   0.419577   0.916642   0.316995    1338.56
  0.770302   0.107411   0.328447   0.779549    0.16209   0.258765    86.8303
  0.580824  0.0520702   0.149313   0.775196   0.229055   0.115012    61.9731
  0.546389  0.0659441   0.196017   0.768361   0.153511   0.137883    26.6272
  0.553012  0.0611662   0.176738   0.770461   0.153793    0.12629    22.2275
  0.553012  0.0611662   0.176738   0.770461   0.153793    0.12629    4.01353
  0.553012  0.0611662   0.176738   0.770461   0.153793    0.12629    4.01353
   0.59627 0.00155962  0.0641472   0.705147  0.0932467  0.0804902   0.290843
  0.588396  0.0419012   0.119854   0.682515  0.0625131   0.140617   0.249571
  0.576427  0.0244047  0.0815649   0.712114  0.0885282  0.0814114   0.183077
  0.612609    0.10703   0.066246    0.77817  0.0633711  0.0349089  0.0114893
  0.612609    0.10703   0.066246    0.77817  0.0633711  0.0349089  0.0114893


new GBMAT with step:6
  0.115878   0.706971   0.882639   0.419577   0.916642   0.316995    1338.56
  0.115878   0.706971   0.882639   0.419577   0.916642   0.316995    1338.56
  0.770302   0.107411   0.328447   0.779549    0.16209   0.258765    86.8303
  0.580824  0.0520702   0.149313   0.775196   0.229055   0.115012    61.9731
  0.546389  0.0659441   0.196017   0.768361   0.153511   0.137883    26.6272
  0.553012  0.0611662   0.176738   0.770461   0.153793    0.12629    22.2275
  0.553012  0.0611662   0.176738   0.770461   0.153793    0.12629    4.01353
  0.553012  0.0611662   0.176738   0.770461   0.153793    0.12629    4.01353
   0.59627 0.00155962  0.0641472   0.705147  0.0932467  0.0804902   0.290843
  0.588396  0.0419012   0.119854   0.682515  0.0625131   0.140617   0.249571
  0.576427  0.0244047  0.0815649   0.712114  0.0885282  0.0814114   0.183077
  0.612609    0.10703   0.066246    0.77817  0.0633711  0.0349089  0.0114893
  0.612609    0.10703   0.066246    0.77817  0.0633711  0.0349089  0.0114893
  0.610184   0.103288  0.0664336   0.773728  0.0650409   0.039856 0.00741563


new GBMAT with step:7
  0.115878   0.706971   0.882639   0.419577   0.916642   0.316995    1338.56
  0.115878   0.706971   0.882639   0.419577   0.916642   0.316995    1338.56
  0.770302   0.107411   0.328447   0.779549    0.16209   0.258765    86.8303
  0.580824  0.0520702   0.149313   0.775196   0.229055   0.115012    61.9731
  0.546389  0.0659441   0.196017   0.768361   0.153511   0.137883    26.6272
  0.553012  0.0611662   0.176738   0.770461   0.153793    0.12629    22.2275
  0.553012  0.0611662   0.176738   0.770461   0.153793    0.12629    4.01353
  0.553012  0.0611662   0.176738   0.770461   0.153793    0.12629    4.01353
   0.59627 0.00155962  0.0641472   0.705147  0.0932467  0.0804902   0.290843
  0.588396  0.0419012   0.119854   0.682515  0.0625131   0.140617   0.249571
  0.576427  0.0244047  0.0815649   0.712114  0.0885282  0.0814114   0.183077
  0.612609    0.10703   0.066246    0.77817  0.0633711  0.0349089  0.0114893
  0.612609    0.10703   0.066246    0.77817  0.0633711  0.0349089  0.0114893
  0.610184   0.103288  0.0664336   0.773728  0.0650409   0.039856 0.00741563
  0.591163   0.108885  0.0663768   0.763392  0.0685489  0.0408476 0.00545878
underflow!-3.09206
pos  0.673318    2.04006   -5.51346   -3.09206  0.0338177 -0.0728113
underflow!-0.00880013
pos   0.607135   0.0873487   0.0759125    0.732191   0.0701891 -0.00880013
slurmstepd: error: *** JOB 1523072 ON r1pl-hpcf-n21 CANCELLED AT 2021-08-05T11:05:48 ***
Job Statistics for 1523072:
           JobID       User               Start                 End    Elapsed     MaxRSS   TotalCPU      State Exit        NodeList                                  ReqTRES 
---------------- ---------- ------------------- ------------------- ---------- ---------- ---------- ---------- ---- --------------- ---------------------------------------- 
         1523072   rsjxw007 2021-08-05T09:22:20 2021-08-05T11:05:48   01:43:28              01:42:31 CANCELLED+  0:0   r1pl-hpcf-n21         billing=1,cpu=1,mem=7812M,node=1 
   1523072.batch            2021-08-05T09:22:20 2021-08-05T11:05:50   01:43:30     10.36M   01:42:31  CANCELLED 0:15   r1pl-hpcf-n21                                          
  1523072.extern            2021-08-05T09:22:20 2021-08-05T11:05:48   01:43:28          0  00:00.001  COMPLETED  0:0   r1pl-hpcf-n21                                          
CPU Efficiency: 99.08% of 01:43:28 core-walltime
