PSO_S_ODE_NonLinear
Using two part PSOSample Size:1000 with:27 moments.
Using Record Time:38.76
Bounds for Uniform Distribution (0,1)
Blind PSO --> nParts:900 Nsteps:5
Targeted PSO --> nParts:20 Nsteps:200
mu: 80 120  85
covarMat:
 50   0   0
  0 100   0
  0   0  50

Yt:  4.19836   3.69396   2.43792  0.127133   6.25901   3.38673   61.5149   131.174   11.3804 0.0191248   170.732   22.0444  0.770294   11.5588  0.719858   13.0489   16.4245   13.6095  0.145635   144.929   18.3056  0.323954   25.3139    15.834  0.488713  0.454687   34.5943
seedk:0.910814 0.236351 0.711824 0.639106 0.673021 0.872184| cost:979.472
Xt: 3.88387  4.50001  2.40025 0.781737    7.682  1.95894  49.7427  132.231  12.1196 0.740529  187.869   8.0727  2.49871  10.5624  4.12055  17.1817   8.6204  17.3933  1.74824  151.372  14.1954  2.24749  31.7604  9.89131  4.73625  1.83426   25.921
PSO begins!
underflow!0.000431399
pos   0.983881 0.000431399    0.664107    0.512563    0.444482    0.790751
underflow!0.000141407
pos   0.954024 0.000141407    0.430301    0.439565    0.816726    0.725367
underflow!4.40141e-05
pos4.40141e-05    0.214757    0.463638    0.265812    0.452135    0.392773
underflow!0.000503553
pos   0.303054    0.345482 0.000503553    0.916328     0.61593    0.563889
underflow!0.000154997
pos   0.907243    0.906553    0.627735    0.608188 0.000154997     0.96722
underflow!0.000280836
pos   0.174758    0.305374    0.605165 0.000280836    0.917748    0.145159
