PSO_S_ODE_NonLinear
Using two part PSO 
Bounds for Uniform Distribution0,1
Blind PSO using 27 moments.
Sample Size:25000 Nparts:300 Nsteps:40
Targeted PSO updated with.... nParts:20 Nsteps:200
using tf:48.45
mu: 80 120  85
covarMat:
 50   0   0
  0 100   0
  0   0  50

Yt:  5.55407   1.68087  0.791511   0.33499   2.80738   6.43415   77.4799   55.5709   1.82712  0.133811   67.9473   84.3117  0.229762   3.31422   2.29908   5.84307   39.9994   4.85757 0.0990741   60.5275   20.7435  0.251084   6.93577   11.1615  0.483969   2.52456   34.4296
seedk: 0.160918  0.962898 0.0099702  0.316319  0.992966  0.153792| cost:64019.8
Xt:   4.17909     6.8427     2.2332  0.0703469    9.14624   0.143279    50.5776    161.349    11.2885 0.00673594    222.798   0.047106    13.5008    13.4271   0.486807    27.4147   0.860316    24.5642   0.314651    186.227    1.58829   0.198383    36.0511    0.72919    0.51977  0.0127245    2.33021
PSO begins!
underflow!0.000679003
pos   0.534304    0.293743     0.08864 0.000679003    0.350902    0.303443
GBMAT from first PSO:

  0.160918   0.962898  0.0099702   0.316319   0.992966   0.153792    64019.8
  0.253208   0.128282   0.940199   0.827612   0.371822   0.301287    6194.14
  0.530097  0.0782411   0.692545   0.550305   0.443127   0.188008    2666.15
  0.121005   0.448349   0.610045   0.482661   0.507245  0.0858893    1366.74
  0.563596   0.290212    0.36913   0.705897   0.823459  0.0778661    1275.77
  0.767309   0.456885   0.243245   0.717028   0.378369  0.0315107    556.641
   0.82379   0.417512   0.135632   0.681748   0.337598  0.0185547    414.148
   0.81755   0.314091   0.213633   0.751734   0.272046  0.0337601    248.611
   0.71461   0.743358    0.13866   0.743521     0.2065  0.0146683    111.426
  0.696142   0.772582   0.132053   0.726319   0.165672  0.0132433    89.1409
  0.696142   0.772582   0.132053   0.726319   0.165672  0.0132433    89.1408
   0.67419   0.781888   0.115583   0.819996   0.146069 0.00740177    46.7586
  0.694627   0.702128   0.113896     0.8031   0.146817 0.00711272    45.7234
   0.72691    0.78135   0.115571   0.819882   0.108291 0.00739982    34.0953
  0.709665    0.71617   0.110682   0.822401    0.10082 0.00665015    32.5786
  0.734791   0.705969   0.121001   0.751552   0.085801 0.00910716    29.7724
   0.69922   0.722342    0.11568    0.71042   0.082679 0.00794271    28.2602
  0.715664    0.71751     0.1231   0.731464  0.0711032  0.0105549     22.423
   0.72496   0.588884   0.124009    0.65609  0.0510588  0.0109305    19.7421
  0.722752   0.619254   0.122632   0.687082  0.0537475  0.0107655    18.2659
  0.789871   0.641581   0.119532   0.703728  0.0615858  0.0100254    18.2502
  0.789871   0.641581   0.119532   0.703728  0.0615858  0.0100254    18.2502
  0.745096   0.655664    0.12229   0.773146  0.0460873  0.0111199    17.4966
  0.808475   0.530537   0.123059   0.750322  0.0384433  0.0115859    16.3713
  0.828902   0.522187   0.123867   0.769673  0.0595359   0.011615    16.1731
   0.82737   0.545333   0.122978   0.768095   0.056125  0.0113919    15.7988
  0.838061   0.554246   0.121403   0.765313  0.0511932  0.0110697    15.3987
   0.87259   0.584011   0.120906   0.755749  0.0528449  0.0109661    15.2859
  0.849223   0.511998    0.11885   0.758504  0.0573645     0.0106    15.1406
  0.848984   0.518101   0.120855    0.76283  0.0564654  0.0110039     15.024
   0.85224   0.504942   0.120068   0.771764  0.0568185  0.0108453    14.9061
  0.856139   0.490553   0.119596   0.766164   0.056035  0.0107885    14.7754
   0.85822   0.495527   0.119524   0.766254  0.0557831  0.0108156    14.7457
  0.857678   0.478789   0.119319   0.768512  0.0537216  0.0107868    14.6988
  0.853509   0.483189   0.119256   0.765678  0.0537287   0.010813    14.6939
  0.855693   0.480884   0.119289   0.767162   0.053725  0.0107993    14.6853
   0.85438   0.482582   0.119405   0.766767  0.0549419  0.0108126    14.6832
   0.88262   0.510291   0.119974   0.740381  0.0540261  0.0109945    14.6583
  0.867091    0.47183    0.11902   0.748085  0.0510951  0.0107686     14.648
  0.860571   0.478062   0.119259   0.736131  0.0522631  0.0107876    14.6455
  0.909384   0.472823   0.119335   0.748544  0.0605988  0.0108074    14.6259
  0.887241   0.477633   0.119315   0.756075  0.0583674  0.0107919    14.6147
  0.883644   0.476597   0.119262   0.754649  0.0570695  0.0107878    14.5937
  0.911126   0.475581    0.11917   0.754651  0.0536823  0.0107825    14.5885
  0.894662   0.474891   0.118623    0.75037  0.0535479  0.0107571    14.5858
  0.888679   0.475767   0.118843   0.753423  0.0548784  0.0107647    14.5698
  0.905974    0.46073    0.11892   0.754706  0.0550351  0.0107766    14.4661
  0.897716   0.467322   0.119639   0.758648  0.0553839  0.0109249    14.4621
  0.900157   0.465373   0.119426   0.757483  0.0552808   0.010881     14.457
  0.891661   0.449665   0.119978   0.767335  0.0523569  0.0113099    14.2876
  0.888477   0.452153   0.119789   0.766114  0.0541376  0.0111668    14.2764
  0.889924   0.451115   0.119758   0.766034  0.0542493  0.0110994    14.2721
  0.873882   0.414777   0.120337   0.762005  0.0531009  0.0115167    14.2481
  0.877539   0.435183   0.120154   0.761319   0.054369  0.0112861    14.1916
  0.876907   0.431656   0.120186   0.749138  0.0526884   0.011326    14.1761
  0.880456   0.431106   0.120183   0.744872  0.0528381  0.0113224     14.164
  0.880531   0.432056   0.120179   0.744951  0.0528031  0.0113081     14.162

truk:   0.515996  0.0603199   0.103199   0.896801    0.05516 0.00722394
total difference b/w truk and final GBVEC0.294442

targeted PSO has started!
underflow!1.24438e-05
pos   0.551223    0.434709 0.000231498    0.929885 2.15078e-05 1.24438e-05
underflow!1.32851e-12
pos      0.9038     0.480623    0.0254645     0.647052  1.32851e-12 2.22748e-105
underflow!1.21769e-42
pos   0.878124     0.78315   0.0879313    0.823379   0.0281195 1.21769e-42
underflow!6.35166e-14
pos   0.995508    0.276978 0.000679547    0.933614 1.33212e-06 6.35166e-14
underflow!0.000664306
pos    0.917556     0.650167     0.256608     0.889075  0.000664306 8.90087e-158
underflow!2.97495e-66
pos   0.841426    0.407718    0.280958    0.967687  0.00121393 2.97495e-66
underflow!2.20988e-05
pos   0.519886    0.402762   0.0219729    0.456315   0.0032813 2.20988e-05
underflow!2.0315e-05
pos   0.581725    0.320222  0.00125862    0.903682 0.000401289  2.0315e-05
underflow!0.000401289
pos   0.581725    0.320222  0.00125862    0.903682 0.000401289  2.0315e-05
underflow!2.64212e-05
pos   0.965404    0.707901  0.00679484    0.753898    0.037085 2.64212e-05
underflow!3.19116e-06
pos   0.884084    0.192582   0.0179841    0.926208 0.000104292 3.19116e-06
underflow!1.23637e-05
pos   0.509999     0.70718  0.00856347    0.773261 0.000366803 1.23637e-05
underflow!0.000366803
pos   0.509999     0.70718  0.00856347    0.773261 0.000366803 1.23637e-05
underflow!4.56125e-06
pos   0.983349    0.341141    0.016132    0.939988  0.00340139 4.56125e-06
underflow!1.03363e-06
pos   0.602264    0.240001    0.324608    0.802769    0.031535 1.03363e-06
underflow!1.8531e-06
pos  0.991761   0.455922   0.288213   0.803912 0.00333742 1.8531e-06
underflow!0.000123675
pos   0.924389    0.588582   0.0415382    0.513366   0.0105322 0.000123675
underflow!1.39225e-05
pos   0.653068    0.360781   0.0115509    0.885619  0.00259234 1.39225e-05
underflow!2.67167e-05
pos   0.964236    0.404095   0.0263605    0.726181  0.00752952 2.67167e-05
underflow!1.54208e-05
pos   0.876196    0.465217   0.0523031    0.820226  0.00942745 1.54208e-05
underflow!3.16779e-05
pos   0.889974    0.722586    0.107997    0.724488   0.0236147 3.16779e-05
underflow!4.61951e-06
pos   0.914343    0.660013    0.275876    0.863738  0.00280295 4.61951e-06
underflow!4.87413e-06
pos   0.689404    0.390179    0.380042    0.741192   0.0308269 4.87413e-06
underflow!1.6752e-05
pos  0.737724   0.578973  0.0666022   0.609882  0.0145898 1.6752e-05
underflow!8.03794e-06
pos   0.951162    0.401241   0.0412303    0.726029  0.00602685 8.03794e-06
underflow!2.6164e-05
pos  0.895077   0.589607  0.0136715   0.697634 0.00779053 2.6164e-05
underflow!3.77226e-05
pos    0.94315     0.47805    0.100864    0.612848  0.00763982 3.77226e-05
underflow!2.37935e-05
pos    0.93201    0.710672   0.0718066    0.774986   0.0230289 2.37935e-05
underflow!6.74552e-06
pos   0.976607    0.310672   0.0583151    0.710172  0.00356143 6.74552e-06
underflow!4.48035e-06
pos   0.941592     0.43596   0.0572457    0.834029   0.0112826 4.48035e-06
underflow!8.72833e-06
pos   0.932203    0.461096    0.082323    0.842462    0.156735 8.72833e-06
underflow!6.31134e-06
pos   0.946632    0.778765    0.247932    0.841963  0.00657008 6.31134e-06
underflow!1.15884e-06
pos   0.655824    0.401928    0.626842    0.864784   0.0153651 1.15884e-06
underflow!1.44105e-05
pos   0.870458    0.628125    0.120384    0.790021   0.0133309 1.44105e-05
underflow!1.48669e-05
pos     0.8591    0.610021   0.0389168    0.599931   0.0110398 1.48669e-05
underflow!2.00514e-05
pos   0.919465    0.482413    0.100817    0.614979  0.00445635 2.00514e-05
underflow!7.95796e-06
pos   0.968159    0.373321   0.0649272    0.746565  0.00551122 7.95796e-06
underflow!1.14547e-05
pos   0.962773    0.529434   0.0369299    0.874988    0.010204 1.14547e-05
underflow!4.89736e-06
pos    0.67749    0.448435    0.419306    0.817407   0.0238467 4.89736e-06
underflow!6.83951e-07
pos    0.84632    0.688633    0.120038    0.876419 0.000634334 6.83951e-07
underflow!0.000634334
pos    0.84632    0.688633    0.120038    0.876419 0.000634334 6.83951e-07
underflow!4.32403e-05
pos   0.951185    0.729891   0.0581078    0.478606    0.015252 4.32403e-05
underflow!5.83593e-06
pos   0.951942    0.440703   0.0515254     0.57205   0.0104336 5.83593e-06
underflow!5.76594e-06
pos   0.917819     0.39776   0.0716736    0.565793  0.00650441 5.76594e-06
underflow!2.78728e-05
pos   0.930412    0.697473   0.0982259    0.710209  0.00303041 2.78728e-05
underflow!6.14615e-06
pos   0.905783    0.541847   0.0856992    0.842406    0.123486 6.14615e-06
underflow!1.08008e-05
pos   0.912412    0.671781   0.0788701    0.732992  0.00626446 1.08008e-05
underflow!1.30416e-05
pos   0.859354    0.619287    0.118126    0.762814   0.0128451 1.30416e-05
underflow!6.30636e-06
pos   0.897515    0.675378   0.0655936    0.624197  0.00515832 6.30636e-06
underflow!9.60007e-06
pos   0.761792    0.481779    0.094866    0.339759   0.0038132 9.60007e-06
underflow!1.15771e-05
pos   0.750359    0.432323    0.123245    0.768312  0.00777119 1.15771e-05
underflow!3.27246e-06
pos   0.945708    0.550609   0.0529463    0.566884   0.0106749 3.27246e-06
underflow!5.90186e-06
pos   0.840162    0.585062   0.0498058     0.56384   0.0123541 5.90186e-06
underflow!6.01437e-06
pos   0.872454     0.48375   0.0877042    0.764072    0.084813 6.01437e-06
underflow!1.12938e-05
pos   0.896134    0.496557    0.201762    0.668562   0.0150088 1.12938e-05
underflow!1.58457e-06
pos   0.761792    0.683986   0.0377583    0.367819  0.00293686 1.58457e-06
underflow!9.46479e-06
pos   0.753885    0.413575    0.114493    0.636454   0.0108619 9.46479e-06
underflow!1.35862e-06
pos   0.938909    0.441207   0.0886363    0.448933  0.00393194 1.35862e-06
underflow!2.10927e-05
pos   0.897621    0.658012   0.0726919    0.808597   0.0218165 2.10927e-05
underflow!6.48094e-06
pos   0.947615    0.420573   0.0292646    0.547738   0.0041876 6.48094e-06
underflow!2.59454e-05
pos   0.858616    0.663009    0.121967    0.698623   0.0205039 2.59454e-05
underflow!4.54836e-06
pos   0.787542    0.492583    0.474053    0.718387  0.00822261 4.54836e-06
underflow!9.36435e-06
pos   0.834458    0.482068    0.082725    0.478122  0.00638239 9.36435e-06
underflow!2.48964e-05
pos   0.815382    0.547587   0.0534832    0.488655   0.0120411 2.48964e-05
underflow!4.79e-06
pos 0.684131  0.369338  0.127981  0.561905 0.0113709  4.79e-06
underflow!1.61655e-05
pos   0.832753    0.463191     0.10674    0.486669   0.0133718 1.61655e-05
underflow!5.17498e-06
pos   0.873667    0.482292    0.064794    0.405831  0.00831479 5.17498e-06
underflow!6.40526e-06
pos   0.770462    0.527502   0.0596444    0.602795  0.00965532 6.40526e-06
underflow!9.32626e-06
pos    0.94617    0.681743   0.0260516    0.793833  0.00911824 9.32626e-06
underflow!1.97074e-06
pos   0.728401    0.173758   0.0682389    0.545077    0.012104 1.97074e-06
underflow!3.30684e-06
pos   0.907071    0.490827     0.15307    0.442122  0.00677351 3.30684e-06
underflow!1.19429e-06
pos   0.828817    0.464222  0.00986194    0.170422  0.00153436 1.19429e-06
underflow!5.92371e-06
pos   0.849064    0.434041   0.0737231    0.408401    0.010221 5.92371e-06
underflow!2.38092e-06
pos   0.696723    0.516692    0.023466    0.726778  0.00437325 2.38092e-06
underflow!1.71281e-05
pos    0.84427     0.38448   0.0895089    0.243126   0.0224779 1.71281e-05
underflow!5.26052e-06
pos    0.87362    0.510432    0.273025    0.694196   0.0127563 5.26052e-06
underflow!9.94169e-06
pos   0.870785    0.619279    0.109327    0.614525   0.0119121 9.94169e-06
underflow!8.52794e-06
pos   0.843639    0.630084   0.0958502    0.517855    0.014238 8.52794e-06
underflow!3.50194e-06
pos   0.943281     0.63401   0.0392605    0.355226  0.00700359 3.50194e-06
underflow!7.80711e-06
pos   0.789882    0.463904   0.0606978     0.45496   0.0111698 7.80711e-06
underflow!1.94287e-06
pos   0.894855    0.305085   0.0744794    0.575754   0.0038223 1.94287e-06
underflow!8.10465e-06
pos   0.836131    0.498452   0.0830628    0.459361   0.0150711 8.10465e-06
underflow!1.79201e-05
pos   0.864254    0.623691   0.0775861     0.62821   0.0206988 1.79201e-05
underflow!8.80062e-06
pos   0.863543     0.51981   0.0353277    0.411361    0.023258 8.80062e-06
underflow!7.50357e-06
pos   0.737103    0.467689    0.199267    0.521322   0.0142472 7.50357e-06
underflow!9.77097e-06
pos   0.864657    0.500995    0.217411    0.637985   0.0146359 9.77097e-06
underflow!1.22725e-06
pos   0.953055    0.405347   0.0454984    0.533495  0.00245326 1.22725e-06
underflow!5.12429e-06
pos   0.827859    0.619047   0.0854857     0.45015   0.0156298 5.12429e-06
underflow!8.5118e-06
pos  0.803616   0.510131  0.0716741    0.35906   0.011396 8.5118e-06
underflow!7.60257e-06
pos   0.834466    0.562149    0.121238    0.484264   0.0166981 7.60257e-06
underflow!1.9957e-05
pos  0.876505   0.714281   0.171915    0.40278 0.00820179 1.9957e-05
underflow!7.57283e-06
pos   0.846929    0.568738   0.0687025    0.507967   0.0141617 7.57283e-06
underflow!2.31856e-05
pos   0.911948    0.661942    0.091225    0.652613   0.0251483 2.31856e-05
underflow!4.10194e-06
pos   0.774312    0.487295    0.106723    0.459521    0.015655 4.10194e-06
underflow!1.14617e-06
pos   0.836232      0.5584    0.117359    0.216803   0.0166051 1.14617e-06
underflow!8.02896e-06
pos   0.877341    0.582651   0.0963285    0.398696    0.013875 8.02896e-06
underflow!7.03493e-06
pos   0.790628    0.499611   0.0905206    0.408809   0.0163546 7.03493e-06
underflow!4.33307e-06
pos   0.782751    0.460037    0.102373     0.46138   0.0139338 4.33307e-06
underflow!7.32497e-06
pos   0.863116    0.507847    0.311535    0.400897  0.00648852 7.32497e-06
underflow!5.81334e-06
pos    0.85124    0.525363    0.133377    0.390734   0.0194488 5.81334e-06
underflow!8.81361e-06
pos   0.836793    0.493999    0.124192    0.433324   0.0164308 8.81361e-06
underflow!7.02941e-06
pos   0.925138    0.626808   0.0901714    0.584581   0.0226942 7.02941e-06
underflow!4.68951e-06
pos   0.923966    0.434354    0.266722    0.508979  0.00812972 4.68951e-06
underflow!0.000716871
pos   0.834925    0.523777   0.0975699    0.508968   0.0198789 0.000716871
underflow!4.39238e-06
pos   0.897918    0.575072   0.0836724    0.452287   0.0103753 4.39238e-06
underflow!3.51084e-06
pos   0.839154    0.552197    0.070056      0.5295   0.0164512 3.51084e-06
underflow!6.74471e-06
pos   0.846186    0.514608   0.0817157    0.429346  0.00233019 6.74471e-06
underflow!3.66782e-06
pos    0.85785      0.5447   0.0898684     0.39662   0.0153037 3.66782e-06
underflow!3.11666e-06
pos   0.855988    0.456749   0.0945282    0.522028   0.0118924 3.11666e-06
underflow!3.87018e-06
pos   0.877902    0.507714    0.102275    0.471651   0.0108186 3.87018e-06
underflow!5.80333e-06
pos    0.81876    0.426937   0.0549773    0.458516  0.00583919 5.80333e-06
underflow!4.55359e-06
pos   0.832458    0.524579   0.0840709    0.427715   0.0149322 4.55359e-06
underflow!3.95046e-06
pos   0.879681    0.468401     0.22084    0.416983  0.00949552 3.95046e-06
underflow!3.42219e-06
pos   0.927869    0.726941   0.0851836    0.567806   0.0141848 3.42219e-06
underflow!4.71408e-06
pos   0.877283    0.580762     0.16997     0.49388   0.0180805 4.71408e-06
underflow!3.38891e-06
pos   0.794705    0.500937   0.0947782    0.433553   0.0212208 3.38891e-06
underflow!2.9031e-06
pos  0.886835   0.767609  0.0823164   0.606411  0.0108794 2.9031e-06
underflow!3.59611e-06
pos    0.83316    0.508973   0.0893716    0.455065   0.0101028 3.59611e-06
underflow!3.50397e-06
pos   0.840857    0.555288   0.0858448    0.384672   0.0193746 3.50397e-06
underflow!2.50753e-06
pos   0.832885    0.541344   0.0932469    0.599342   0.0095385 2.50753e-06
underflow!4.23835e-06
pos   0.878253    0.537378   0.0859646    0.458324   0.0141294 4.23835e-06
underflow!7.78454e-06
pos   0.860447     0.63657   0.0886996    0.635913   0.0191092 7.78454e-06
underflow!5.29953e-06
pos   0.869722    0.674252   0.0798496    0.418809   0.0231926 5.29953e-06
underflow!3.30131e-06
pos   0.850273    0.511284    0.109628    0.428149   0.0120084 3.30131e-06
underflow!4.90238e-06
pos   0.935002    0.600998    0.102471    0.583076   0.0205682 4.90238e-06
underflow!2.55012e-06
pos    0.93491    0.658815   0.0821119      0.5306   0.0191989 2.55012e-06
underflow!0.000345093
pos   0.863691    0.579304   0.0966691    0.489278   0.0200384 0.000345093
underflow!5.17803e-06
pos   0.922789    0.611671   0.0834764    0.607543   0.0160934 5.17803e-06
underflow!3.2226e-06
pos  0.873099    0.60823  0.0814057   0.400062  0.0136137 3.2226e-06
underflow!3.06507e-06
pos   0.853581    0.524949   0.0834898    0.341033   0.0145475 3.06507e-06
underflow!2.52715e-06
pos   0.831252    0.553514   0.0905995    0.413378   0.0104327 2.52715e-06
underflow!5.27051e-06
pos   0.836535    0.451143    0.114004    0.423419    0.013769 5.27051e-06
underflow!2.50844e-06
pos   0.931443     0.57831   0.0931062    0.408422   0.0134541 2.50844e-06
underflow!3.48444e-06
pos   0.866993     0.53926    0.103982    0.379257   0.0140661 3.48444e-06
underflow!6.3652e-06
pos  0.838835   0.568348   0.124457   0.529224  0.0165381 6.3652e-06
underflow!1.73341e-06
pos   0.658507    0.524949   0.0834898    0.260032   0.0145475 1.73341e-06
underflow!3.34139e-05
pos   0.830268    0.291036   0.0214393    0.810947 0.000841903 3.34139e-05
underflow!2.36023e-06
pos    0.70517    0.641328   0.0783401    0.357153   0.0184725 2.36023e-06
underflow!6.0174e-06
pos  0.847734   0.571647   0.111105    0.28252  0.0149161 6.0174e-06
underflow!4.69777e-06
pos   0.829313    0.311724   0.0821711      0.4104   0.0109786 4.69777e-06
underflow!3.6575e-06
pos  0.840776    0.52699   0.077558    0.37931  0.0147772 3.6575e-06
underflow!4.18683e-06
pos    0.86296    0.611703   0.0544071    0.285085   0.0129214 4.18683e-06
underflow!2.79525e-06
pos   0.831364    0.538255   0.0779875    0.375651   0.0127038 2.79525e-06
underflow!2.80167e-06
pos   0.856337    0.472063   0.0716628    0.365556   0.0127939 2.80167e-06
underflow!6.41959e-06
pos   0.860602    0.526352   0.0833896    0.435836   0.0146245 6.41959e-06
underflow!4.21887e-07
pos   0.830439     0.35818   0.0822322    0.486753  0.00132856 4.21887e-07
underflow!0.000399877
pos   0.839821    0.524843   0.0700057    0.438704   0.0175666 0.000399877
underflow!2.37474e-06
pos   0.862476    0.535924   0.0970795    0.366383   0.0142282 2.37474e-06
underflow!2.24929e-06
pos   0.811826    0.434316    0.124452    0.406552   0.0178495 2.24929e-06
underflow!3.0682e-06
pos  0.856213    0.54687  0.0802934   0.362951  0.0158056 3.0682e-06
underflow!3.64013e-06
pos   0.818533    0.478564    0.091807    0.407053   0.0140408 3.64013e-06
underflow!4.70541e-06
pos   0.534061    0.737396   0.0352659     0.31369  0.00612208 4.70541e-06
underflow!4.85476e-06
pos   0.855992     0.55347   0.0798286    0.359463   0.0165521 4.85476e-06
underflow!4.05894e-06
pos   0.891489    0.557796   0.0840046    0.409257   0.0160419 4.05894e-06
underflow!3.1254e-06
pos  0.890674   0.601417  0.0412105   0.478057 0.00789932 3.1254e-06
underflow!5.88516e-06
pos   0.661998    0.512874   0.0575895    0.403379  0.00623182 5.88516e-06
underflow!4.08771e-06
pos   0.927504    0.539772   0.0966647    0.383873   0.0453695 4.08771e-06
underflow!4.33614e-06
pos   0.847189    0.534375   0.0805503    0.361482   0.0148849 4.33614e-06
underflow!5.57682e-06
pos   0.850472    0.538304     0.11555    0.352115   0.0148688 5.57682e-06
underflow!4.66291e-06
pos   0.842713    0.327821   0.0729373    0.383394   0.0120476 4.66291e-06
underflow!4.38448e-06
pos   0.922915    0.561092   0.0632269    0.418347    0.014245 4.38448e-06
underflow!4.50474e-06
pos   0.791186    0.474929   0.0682055    0.311075   0.0121562 4.50474e-06
underflow!4.17316e-06
pos    0.85563     0.53572   0.0799891    0.358981   0.0164417 4.17316e-06
underflow!4.45724e-06
pos   0.853703    0.520723   0.0822813    0.359788   0.0152858 4.45724e-06
underflow!2.24236e-06
pos   0.911545    0.329403   0.0839399    0.408448   0.0160484 2.24236e-06
underflow!1.56742e-06
pos   0.655596    0.459676   0.0964582    0.403295  0.00867899 1.56742e-06
underflow!4.67867e-06
pos   0.875247    0.612429   0.0887153    0.425086   0.0139954 4.67867e-06
underflow!2.93234e-06
pos   0.892756    0.541157   0.0913936    0.376682   0.0231382 2.93234e-06
underflow!2.51867e-06
pos   0.907588    0.534861    0.140387    0.418873  0.00941156 2.51867e-06
underflow!2.99175e-06
pos   0.858845    0.337325   0.0805815     0.26765 0.000987905 2.99175e-06
underflow!3.71916e-06
pos   0.850404    0.530165   0.0836705    0.347528   0.0154343 3.71916e-06
underflow!3.59973e-06
pos   0.918228    0.712156   0.0439624    0.266071  0.00811784 3.59973e-06
underflow!4.1093e-06
pos  0.849671   0.519802  0.0860966   0.390452  0.0155357 4.1093e-06
underflow!3.01838e-06
pos   0.859019    0.534941   0.0627632    0.400905   0.0121334 3.01838e-06
underflow!2.93898e-06
pos   0.875701    0.526049   0.0546876    0.353136   0.0103958 2.93898e-06
underflow!3.68545e-06
pos   0.850189    0.553241   0.0784473    0.358981   0.0145203 3.68545e-06
underflow!3.78529e-06
pos   0.836968    0.516442    0.138152    0.392638    0.018564 3.78529e-06
underflow!2.60812e-06
pos   0.888853    0.599932    0.059998    0.315746   0.0108713 2.60812e-06
underflow!3.60471e-06
pos   0.847537    0.417619   0.0621162    0.526199   0.0136887 3.60471e-06
underflow!1.43181e-06
pos   0.875776    0.532443    0.189986    0.388316  0.00856781 1.43181e-06
underflow!2.92502e-06
pos   0.850391    0.547773    0.116509    0.514768   0.0101606 2.92502e-06
underflow!3.82531e-06
pos   0.872054    0.487723    0.080157    0.517769   0.0169801 3.82531e-06
underflow!0.000210211
pos   0.843163    0.536161   0.0833984    0.402991   0.0169091 0.000210211
underflow!3.76875e-06
pos   0.851543    0.558748    0.127822    0.378826   0.0140446 3.76875e-06
underflow!2.53056e-06
pos   0.837944    0.591332    0.077097    0.279374   0.0111942 2.53056e-06
underflow!4.1035e-06
pos  0.833685   0.515864   0.087649   0.386216   0.015078 4.1035e-06
underflow!3.49783e-06
pos   0.904612    0.429434   0.0595518    0.367309    0.011159 3.49783e-06
underflow!6.86781e-05
pos   0.664036    0.536156    0.214779     0.20538   0.0932673 6.86781e-05
underflow!0.000409138
pos   0.841358    0.520875   0.0852103    0.360015   0.0183501 0.000409138
underflow!0.000268036
pos   0.855438    0.546844    0.103303    0.611386   0.0156965 0.000268036
underflow!0.000237171
pos   0.855747    0.554021    0.092826    0.364872   0.0151124 0.000237171
underflow!0.000110372
pos   0.863224    0.445454   0.0807255    0.352026   0.0146902 0.000110372
underflow!3.51202e-05
pos   0.860729    0.438224   0.0748413    0.334438  0.00962951 3.51202e-05
underflow!2.55222e-05
pos   0.864258     0.38806   0.0668755      0.3931   0.0117401 2.55222e-05
underflow!1.84952e-05
pos   0.846416    0.509871   0.0800777    0.376207   0.0146905 1.84952e-05
underflow!1.19387e-05
pos    0.91808    0.354379   0.0866394    0.268121  0.00735853 1.19387e-05
underflow!4.03067e-05
pos   0.878618     0.49036   0.0792261    0.406333    0.010443 4.03067e-05
underflow!0.000201225
pos     0.8518    0.484858   0.0830686    0.355931   0.0137111 0.000201225
underflow!5.40883e-05
pos   0.817564    0.445454   0.0807255    0.352026   0.0146902 5.40883e-05
underflow!7.93295e-05
pos   0.853192    0.408041   0.0818037    0.360259   0.0481731 7.93295e-05
underflow!5.26684e-05
pos   0.858435     0.46708   0.0709197    0.360129   0.0117435 5.26684e-05
underflow!5.83542e-05
pos   0.859702    0.456466   0.0720354     0.36468   0.0155086 5.83542e-05
underflow!2.69819e-05
pos   0.852098    0.367389   0.0732942    0.378645   0.0125626 2.69819e-05
underflow!6.76359e-05
pos   0.856252    0.401826   0.0911029    0.342892   0.0110143 6.76359e-05
underflow!5.65465e-05
pos    0.86143    0.492302   0.0736102    0.363505   0.0187512 5.65465e-05
underflow!4.39045e-05
pos    0.86904     0.46854   0.0807301     0.37908   0.0168832 4.39045e-05
underflow!0.000144693
pos   0.838274    0.498525   0.0917354    0.365627   0.0217437 0.000144693
underflow!0.000120521
pos   0.888605    0.478613   0.0555247    0.235642   0.0111745 0.000120521
underflow!8.65205e-05
pos   0.872733    0.445837   0.0839427    0.353917   0.0186172 8.65205e-05
underflow!0.000116178
pos   0.858133    0.468376   0.0753711    0.350766   0.0161369 0.000116178
underflow!5.0634e-05
pos   0.85914    0.41913  0.0823333   0.325222  0.0175538 5.0634e-05
underflow!5.87999e-05
pos   0.885162    0.545797     0.18176    0.322605   0.0245102 5.87999e-05
underflow!5.73655e-05
pos   0.855681    0.359644   0.0783104    0.362448    0.014768 5.73655e-05
underflow!4.05401e-05
pos   0.814248    0.438588    0.139697     0.39791   0.0145957 4.05401e-05
underflow!2.94348e-05
pos   0.861362    0.668726   0.0737916    0.363226   0.0186998 2.94348e-05
underflow!8.84474e-05
pos   0.860326    0.446628   0.0816605    0.353386   0.0155223 8.84474e-05
underflow!0.000177758
pos    0.84967    0.522819   0.0882682    0.381836   0.0169493 0.000177758
underflow!0.000285129
pos   0.850238    0.524234   0.0822568    0.343817   0.0158722 0.000285129
underflow!0.000102424
pos   0.843622    0.446931   0.0841464     0.35185   0.0122525 0.000102424
underflow!5.60819e-05
pos   0.856721    0.458195   0.0782607     0.36483   0.0150142 5.60819e-05
underflow!8.02526e-05
pos   0.894139     0.46047   0.0742833      0.3453   0.0140757 8.02526e-05
underflow!6.10889e-05
pos   0.890921    0.432012   0.0624457    0.322699   0.0122729 6.10889e-05
underflow!7.1138e-05
pos  0.857585   0.448684   0.066842   0.353844  0.0129652 7.1138e-05
underflow!4.78503e-05
pos    0.92538    0.449233   0.0817372    0.482873  0.00844767 4.78503e-05
underflow!6.13407e-05
pos    0.86519    0.464288     0.08119    0.369169   0.0166839 6.13407e-05
underflow!7.82986e-05
pos   0.892759    0.502215   0.0687194    0.363033   0.0121303 7.82986e-05
underflow!0.000212076
pos   0.855919    0.508784   0.0821587    0.346162   0.0160464 0.000212076
underflow!8.74251e-05
pos   0.860283    0.466418    0.108028    0.340792    0.015833 8.74251e-05
underflow!7.53545e-05
pos   0.858225     0.46208    0.079089    0.353608   0.0162726 7.53545e-05
underflow!6.96339e-05
pos   0.855061    0.452297   0.0823617     0.35121   0.0149347 6.96339e-05
underflow!2.66626e-05
pos    0.86295     0.46141   0.0569888    0.343796   0.0147376 2.66626e-05
underflow!5.31695e-05
pos   0.864639    0.447105   0.0768232    0.345416   0.0144912 5.31695e-05
underflow!6.64996e-05
pos   0.851081    0.423102   0.0830552    0.331414   0.0141325 6.64996e-05
underflow!8.91313e-05
pos   0.855953    0.446105   0.0817592    0.341503   0.0161368 8.91313e-05
underflow!7.93269e-05
pos   0.872776    0.459312   0.0818434    0.342484   0.0161177 7.93269e-05
underflow!6.40338e-05
pos   0.861883     0.46521   0.0786198    0.348551   0.0164433 6.40338e-05
underflow!5.84017e-05
pos     0.8402     0.45144   0.0771607    0.346761   0.0159603 5.84017e-05
underflow!7.13906e-05
pos   0.870848    0.463836    0.080149    0.347667    0.016202 7.13906e-05
underflow!6.94907e-05
pos    0.86769     0.45558   0.0778965    0.349254   0.0154715 6.94907e-05
underflow!4.47314e-05
pos   0.862883    0.418648   0.0543946    0.397692   0.0148117 4.47314e-05
underflow!5.55871e-05
pos   0.881971    0.477584    0.101992    0.317472   0.0164417 5.55871e-05
underflow!5.44451e-05
pos   0.869422    0.478741    0.105223     0.33617   0.0178354 5.44451e-05
underflow!6.63037e-05
pos   0.883095    0.451801   0.0789677    0.345622   0.0165237 6.63037e-05
underflow!0.000105523
pos   0.871467    0.485011   0.0816312    0.362253   0.0160294 0.000105523
underflow!6.55058e-05
pos   0.879769    0.450789   0.0794528    0.319838   0.0152333 6.55058e-05
underflow!6.7245e-05
pos  0.875053   0.441236  0.0216133   0.343999 0.00458657 6.7245e-05
underflow!5.42345e-05
pos   0.878196    0.463485   0.0597876    0.309776   0.0165216 5.42345e-05
underflow!3.87944e-05
pos   0.907178    0.458437   0.0447089    0.197622    0.016367 3.87944e-05
underflow!8.15236e-05
pos    0.86943    0.214779   0.0740394    0.346194    0.016109 8.15236e-05
underflow!7.2433e-05
pos  0.855109   0.334882  0.0690959     0.3517  0.0118707 7.2433e-05
underflow!7.77054e-05
pos   0.862714    0.284115   0.0752345    0.320871   0.0168415 7.77054e-05
underflow!6.44049e-05
pos   0.735482    0.374641   0.0760179     0.44265   0.0115963 6.44049e-05
underflow!6.33128e-05
pos   0.866035    0.342391   0.0785998    0.342792   0.0162155 6.33128e-05
underflow!3.92178e-05
pos   0.867172      0.3878   0.0473111       0.339   0.0173379 3.92178e-05
underflow!8.43902e-05
pos   0.881128    0.330235    0.077794    0.339702   0.0139437 8.43902e-05
underflow!6.68593e-05
pos   0.875373    0.240324   0.0751104    0.325279   0.0133689 6.68593e-05
underflow!6.1433e-05
pos   0.89428   0.307724  0.0771606   0.337273  0.0124051 6.1433e-05
underflow!0.000112129
pos   0.854751    0.373279   0.0757374    0.403011   0.0139201 0.000112129
underflow!3.9505e-05
pos  0.887725   0.417945   0.207159   0.276688 0.00854919 3.9505e-05
underflow!5.80869e-05
pos   0.890687    0.252708    0.054042    0.332342   0.0118828 5.80869e-05
underflow!7.14427e-05
pos   0.868374    0.279193   0.0752777    0.348979    0.015208 7.14427e-05
underflow!7.38058e-05
pos   0.876944    0.281879   0.0766965    0.342394   0.0149387 7.38058e-05
underflow!7.31552e-05
pos   0.870877      0.2985   0.0762175    0.344926   0.0143202 7.31552e-05
underflow!7.79364e-05
pos   0.880364    0.279067   0.0797751     0.37554   0.0158673 7.79364e-05
underflow!6.6184e-05
pos    0.8857   0.327516  0.0728149   0.344609  0.0116711 6.6184e-05
underflow!5.85295e-05
pos   0.896815    0.241801   0.0589806    0.325246   0.0151463 5.85295e-05
underflow!6.316e-05
pos 0.871603  0.300361 0.0748179  0.344758 0.0125242 6.316e-05
underflow!6.87996e-05
pos   0.883855    0.248012   0.0846933    0.345414   0.0135725 6.87996e-05
underflow!7.1095e-05
pos  0.867593   0.283204  0.0764869   0.344193  0.0160103 7.1095e-05
underflow!6.21337e-05
pos   0.856424     0.39776    0.121865    0.302303   0.0320068 6.21337e-05
underflow!7.46956e-05
pos   0.870643    0.219998   0.0833273    0.341527   0.0155374 7.46956e-05
underflow!7.45478e-05
pos   0.863635    0.287901   0.0583082    0.297253   0.0120161 7.45478e-05
underflow!0.000127469
pos   0.891588    0.299262    0.111184    0.335391   0.0126881 0.000127469
underflow!7.97406e-05
pos   0.873755    0.241717    0.076051    0.358191   0.0159552 7.97406e-05
underflow!7.1123e-05
pos  0.863702   0.362469  0.0835496   0.347317  0.0162922 7.1123e-05
underflow!7.82079e-05
pos    0.86728    0.244723   0.0752667    0.345197   0.0158429 7.82079e-05
underflow!8.00329e-05
pos   0.869706    0.221719   0.0761763    0.344846   0.0159946 8.00329e-05
underflow!7.85193e-05
pos   0.871587    0.274448   0.0744162    0.346531   0.0159404 7.85193e-05
underflow!7.07666e-05
pos   0.871492    0.267867   0.0743331    0.330897   0.0160682 7.07666e-05
underflow!7.114e-05
pos 0.828148  0.231355 0.0578464  0.339504 0.0161246 7.114e-05
underflow!0.00013669
pos  0.852534   0.431184  0.0961001   0.346435  0.0128912 0.00013669
underflow!6.45758e-05
pos   0.914398    0.367198   0.0563621    0.310136   0.0135116 6.45758e-05
underflow!6.06816e-05
pos   0.833272    0.243444   0.0747008      0.3385   0.0126044 6.06816e-05
underflow!6.62276e-05
pos    0.80589    0.203219   0.0750786    0.328325   0.0161513 6.62276e-05
underflow!6.98267e-05
pos   0.879472    0.307524   0.0762851     0.34995   0.0129074 6.98267e-05
underflow!5.78427e-05
pos    0.87197    0.197651   0.0724486    0.265277   0.0123957 5.78427e-05
underflow!7.18211e-05
pos   0.878909    0.254562   0.0691639    0.325124   0.0158335 7.18211e-05
underflow!7.29033e-05
pos   0.886879    0.256652   0.0722349    0.327543   0.0140264 7.29033e-05
underflow!7.36676e-05
pos   0.871603    0.251738    0.170876    0.324294   0.0159174 7.36676e-05
underflow!7.68598e-05
pos   0.872071    0.292248   0.0508803    0.337735   0.0113848 7.68598e-05
underflow!9.41489e-05
pos   0.882109    0.342749   0.0788409    0.276991   0.0158936 9.41489e-05
underflow!7.34902e-05
pos   0.718878    0.268774   0.0555733    0.356217   0.0118562 7.34902e-05
underflow!6.55033e-05
pos    0.89294    0.341078   0.0679382    0.310601   0.0161858 6.55033e-05
underflow!7.39552e-05
pos    0.87618    0.243926   0.0693436    0.317899   0.0157268 7.39552e-05
underflow!7.13026e-05
pos   0.847415    0.224345   0.0729372    0.318283   0.0159182 7.13026e-05
underflow!7.29787e-05
pos   0.878889    0.253997    0.068697     0.33053    0.012474 7.29787e-05
underflow!5.69823e-05
pos   0.840629    0.331957   0.0748323    0.337309    0.015471 5.69823e-05
underflow!5.01425e-05
pos   0.903107    0.213319   0.0721804    0.282421   0.0162956 5.01425e-05
underflow!7.26542e-05
pos   0.855548    0.237811   0.0720158    0.321753   0.0157554 7.26542e-05
underflow!5.93438e-05
pos   0.872535    0.293887   0.0723414      0.3176   0.0163325 5.93438e-05
underflow!7.22195e-05
pos   0.872149    0.246326   0.0706457    0.318084   0.0160501 7.22195e-05
underflow!7.12471e-05
pos    0.86535     0.33586   0.0688559    0.283057   0.0117979 7.12471e-05
underflow!7.36798e-05
pos   0.872873    0.269383   0.0727077    0.342113   0.0158434 7.36798e-05
underflow!7.08815e-05
pos   0.877497    0.275319    0.070706    0.307799   0.0163007 7.08815e-05
underflow!7.33525e-05
pos   0.872015    0.296177   0.0738226    0.336188   0.0156159 7.33525e-05
underflow!2.7824e-05
pos   0.62637   0.470663  0.0267303   0.317633  0.0158969 2.7824e-05
underflow!7.75941e-05
pos   0.871586    0.226232   0.0712139    0.329024   0.0179258 7.75941e-05
underflow!6.53059e-05
pos   0.851573     0.25328   0.0714687    0.319166   0.0158028 6.53059e-05
underflow!7.52688e-05
pos   0.872937    0.242029   0.0654886    0.308969   0.0113252 7.52688e-05
underflow!6.46529e-05
pos    0.88428    0.212758   0.0643048    0.318344   0.0138704 6.46529e-05
underflow!6.9177e-05
pos  0.872934   0.269801   0.071705   0.317025  0.0161148 6.9177e-05
underflow!6.54953e-05
pos   0.879133    0.270231   0.0708365    0.316968   0.0141181 6.54953e-05
underflow!7.37584e-05
pos    0.87325    0.249864   0.0709206    0.318606   0.0158273 7.37584e-05
underflow!7.44202e-05
pos    0.87341    0.241012   0.0709443    0.316338   0.0158545 7.44202e-05
underflow!7.54603e-05
pos   0.872935    0.249816   0.0716587       0.324   0.0158755 7.54603e-05
underflow!7.24809e-05
pos   0.873341    0.205538   0.0710928    0.339282   0.0158451 7.24809e-05
underflow!6.70315e-05
pos   0.862754    0.230966   0.0660672    0.320013   0.0156238 6.70315e-05
underflow!2.37105e-05
pos   0.718234    0.259315   0.0233474    0.317159  0.00522132 2.37105e-05
underflow!6.62951e-05
pos   0.861975    0.246381   0.0711916    0.313836   0.0152578 6.62951e-05
underflow!7.38797e-05
pos   0.874987     0.21727   0.0700759    0.311727   0.0155369 7.38797e-05
underflow!7.98985e-05
pos    0.87245    0.214688   0.0714086    0.317948   0.0162333 7.98985e-05
underflow!5.94989e-05
pos   0.873875    0.238135   0.0706166    0.316131   0.0157228 5.94989e-05
underflow!7.19215e-05
pos   0.855173    0.225355   0.0711723    0.317846   0.0152293 7.19215e-05
underflow!7.08237e-05
pos   0.874686    0.218929   0.0678071    0.317043   0.0150384 7.08237e-05
underflow!6.86324e-05
pos   0.875964    0.210999   0.0702837    0.370659    0.016206 6.86324e-05
underflow!6.71254e-05
pos   0.874552    0.238177   0.0710482    0.321125   0.0161674 6.71254e-05
underflow!5.38767e-05
pos   0.865795    0.232862   0.0695538    0.315779   0.0163468 5.38767e-05
underflow!7.32286e-05
pos   0.873021    0.227195   0.0706336    0.323843   0.0173955 7.32286e-05
underflow!7.11424e-05
pos   0.873735    0.271777   0.0709652     0.38756  0.00777975 7.11424e-05
underflow!5.63702e-05
pos   0.841272    0.249046   0.0622432    0.309534   0.0163193 5.63702e-05
underflow!6.75022e-05
pos   0.870212    0.227644    0.069851    0.316659   0.0163479 6.75022e-05
underflow!5.97218e-05
pos   0.874938    0.278719   0.0631265    0.312973   0.0148172 5.97218e-05
underflow!6.66352e-05
pos   0.874378    0.265532    0.074597    0.316433   0.0164339 6.66352e-05
underflow!6.77468e-05
pos   0.873774    0.230988   0.0694464    0.315904   0.0162334 6.77468e-05
underflow!4.34543e-05
pos    0.82546     0.23274   0.0695293    0.321949   0.0130071 4.34543e-05
underflow!6.78784e-05
pos   0.887338    0.235549   0.0696832    0.317797   0.0162723 6.78784e-05
underflow!6.35448e-05
pos   0.880126    0.229822   0.0658391    0.323331   0.0159027 6.35448e-05
underflow!6.59061e-05
pos   0.875529    0.230645   0.0691745    0.314085   0.0165159 6.59061e-05
underflow!2.84095e-05
pos   0.870938    0.228054   0.0697586    0.346392   0.0163708 2.84095e-05
underflow!6.75346e-05
pos   0.875913    0.211252   0.0701485     0.31339   0.0160502 6.75346e-05
underflow!6.69217e-05
pos   0.870137    0.223915   0.0696403    0.313922   0.0155248 6.69217e-05
underflow!7.72064e-05
pos   0.875316    0.241294   0.0700048    0.326719   0.0157293 7.72064e-05
underflow!6.71386e-05
pos     0.8756    0.221797   0.0699765    0.315433   0.0162042 6.71386e-05
underflow!6.02638e-05
pos   0.879991    0.219904   0.0674243    0.320648   0.0161196 6.02638e-05
underflow!6.37691e-05
pos   0.862867    0.240879    0.070732    0.351685   0.0162307 6.37691e-05
underflow!6.26796e-05
pos   0.877602    0.218863   0.0591039    0.311053   0.0160121 6.26796e-05
underflow!5.72514e-05
pos   0.875518    0.227716   0.0857236    0.314052   0.0148008 5.72514e-05
underflow!5.90467e-05
pos   0.879957    0.203053   0.0775338    0.313514   0.0143713 5.90467e-05
underflow!6.25547e-05
pos   0.875445    0.223893   0.0686663    0.313646   0.0158273 6.25547e-05
underflow!6.29417e-05
pos   0.879104    0.216575   0.0700766    0.314064   0.0161179 6.29417e-05
underflow!6.35561e-05
pos   0.877368    0.222484   0.0699777    0.313241   0.0161497 6.35561e-05
underflow!5.88469e-05
pos   0.872756    0.279447    0.059156    0.324065   0.0160299 5.88469e-05
underflow!6.27269e-05
pos   0.875322    0.215275    0.070058    0.313464   0.0160931 6.27269e-05
underflow!6.34622e-05
pos   0.871754    0.216832   0.0636026    0.309957   0.0143836 6.34622e-05
underflow!6.29486e-05
pos   0.875226    0.215543   0.0706255    0.314285   0.0161328 6.29486e-05
underflow!6.43709e-05
pos   0.874863    0.219591     0.07022    0.315475    0.016013 6.43709e-05
underflow!6.19071e-05
pos   0.879457    0.216127   0.0684185    0.313766   0.0157053 6.19071e-05
underflow!6.45569e-05
pos   0.874469    0.237611     0.07058    0.314591    0.016079 6.45569e-05
underflow!6.3521e-05
pos   0.87548   0.218662  0.0700107   0.327456  0.0152078 6.3521e-05
underflow!6.39742e-05
pos   0.874971    0.215172   0.0656508     0.32769   0.0160447 6.39742e-05
underflow!6.22979e-05
pos   0.875381    0.226978   0.0700356    0.333941   0.0148984 6.22979e-05
underflow!5.40481e-05
pos   0.876084    0.225852   0.0687351    0.315486   0.0181694 5.40481e-05
underflow!5.55465e-05
pos   0.883703      0.2231   0.0756131     0.28609   0.0140557 5.55465e-05
underflow!6.28738e-05
pos   0.875178    0.215658    0.070123     0.31356   0.0160984 6.28738e-05
underflow!6.32112e-05
pos   0.875355    0.216048   0.0636808     0.30925    0.016161 6.32112e-05
underflow!6.44956e-05
pos   0.880085    0.218584   0.0848896    0.313875   0.0154518 6.44956e-05
underflow!5.96887e-05
pos   0.877488    0.206967   0.0662023      0.2961   0.0162363 5.96887e-05
underflow!5.45126e-05
pos   0.852082    0.220404    0.062223    0.316998   0.0137824 5.45126e-05
underflow!5.56516e-05
pos   0.852958    0.261974    0.114989    0.314921   0.0138316 5.56516e-05
underflow!4.59033e-05
pos   0.797678    0.200656    0.070099    0.234161    0.016116 4.59033e-05
underflow!6.344e-05
pos 0.878814   0.21371 0.0698851  0.313052 0.0162066 6.344e-05
underflow!6.4105e-05
pos  0.876369   0.214811  0.0688724   0.313602  0.0162986 6.4105e-05
underflow!6.85154e-05
pos   0.875775    0.216468   0.0686651    0.312591   0.0159526 6.85154e-05
underflow!6.24702e-05
pos   0.875698     0.21536   0.0687782    0.317929   0.0158768 6.24702e-05
underflow!6.31952e-05
pos   0.875551    0.212655   0.0700406    0.313353   0.0161909 6.31952e-05
underflow!6.39377e-05
pos   0.876217    0.215674   0.0696255    0.314134    0.016239 6.39377e-05
underflow!6.49062e-05
pos   0.894523     0.21997   0.0696552     0.29442   0.0162829 6.49062e-05
underflow!6.39888e-05
pos   0.877672     0.21547   0.0692066    0.313846   0.0161118 6.39888e-05
underflow!6.39951e-05
pos   0.878148    0.225844   0.0694824     0.31301   0.0602245 6.39951e-05
underflow!6.05162e-05
pos   0.873222    0.214492   0.0662976    0.301388   0.0154817 6.05162e-05
underflow!6.46668e-05
pos   0.876497    0.223603    0.069112    0.330436   0.0158047 6.46668e-05
underflow!6.36948e-05
pos   0.876715     0.21454   0.0692315    0.313472   0.0162688 6.36948e-05
underflow!6.28321e-05
pos   0.878348    0.214551   0.0682717    0.314191   0.0160558 6.28321e-05
underflow!6.30752e-05
pos    0.88297    0.215643   0.0694598    0.311764   0.0161945 6.30752e-05
underflow!6.1443e-05
pos  0.888974   0.216575  0.0694578   0.310425  0.0161959 6.1443e-05
underflow!5.43869e-05
pos   0.884563     0.22539   0.0692898    0.311833   0.0161416 5.43869e-05
underflow!6.161e-05
pos 0.883105  0.218898 0.0684974  0.311017   0.01588 6.161e-05
underflow!6.24135e-05
pos    0.87473    0.218661   0.0692359    0.311194   0.0162656 6.24135e-05
underflow!6.31349e-05
pos   0.883673    0.217241   0.0697338    0.312414   0.0150964 6.31349e-05
underflow!6.17662e-05
pos   0.884572    0.213229   0.0684982    0.306399   0.0161784 6.17662e-05
underflow!6.27791e-05
pos   0.880315    0.213608   0.0700386    0.311357   0.0161401 6.27791e-05
underflow!6.21484e-05
pos   0.882158     0.21477   0.0689442     0.30911   0.0162024 6.21484e-05
underflow!6.12465e-05
pos   0.884382    0.213514   0.0686119    0.307033   0.0161803 6.12465e-05
underflow!6.22884e-05
pos   0.882445    0.213452     0.06859    0.308329    0.016113 6.22884e-05
underflow!6.14251e-05
pos   0.884679    0.213318   0.0685537     0.30661   0.0161774 6.14251e-05
underflow!6.9477e-05
pos  0.884551   0.213341  0.0685585   0.305922  0.0161758 6.9477e-05
underflow!6.57507e-05
pos   0.889088    0.214603   0.0689256    0.308357   0.0161927 6.57507e-05
underflow!6.48869e-05
pos   0.891389    0.214436     0.06897    0.307958   0.0161877 6.48869e-05
underflow!6.27029e-05
pos   0.885944    0.213408   0.0686269    0.306792   0.0161781 6.27029e-05
underflow!6.47819e-05
pos   0.883648    0.214608    0.069447    0.310264   0.0161406 6.47819e-05
underflow!6.64654e-05
pos   0.891525    0.213872   0.0687722    0.307085   0.0161946 6.64654e-05
underflow!6.48195e-05
pos   0.887248    0.213574   0.0688296    0.308078   0.0161874 6.48195e-05
underflow!7.05058e-05
pos   0.886279    0.216615   0.0693558    0.299392   0.0155515 7.05058e-05
underflow!6.66823e-05
pos   0.892275    0.213533   0.0687548    0.306894   0.0161838 6.66823e-05
underflow!6.62185e-05
pos   0.892044     0.21386   0.0688288    0.307125   0.0161898 6.62185e-05
underflow!6.65596e-05
pos   0.891242    0.214963   0.0687501    0.303731   0.0161815 6.65596e-05
underflow!6.62551e-05
pos   0.890533    0.213495   0.0687033     0.30707   0.0161683 6.62551e-05
underflow!6.62401e-05
pos   0.891601    0.213515   0.0687368    0.306867   0.0161832 6.62401e-05
underflow!6.69003e-05
pos   0.891839    0.213523   0.0687436    0.306835   0.0161833 6.69003e-05
underflow!6.65967e-05
pos   0.889479    0.213484   0.0687217    0.307025   0.0161791 6.65967e-05
underflow!6.65201e-05
pos   0.891932    0.210094   0.0687629    0.306978   0.0161846 6.65201e-05
underflow!6.66277e-05
pos   0.891849    0.210237   0.0687648    0.308484   0.0161837 6.66277e-05
underflow!7.03923e-05
pos   0.892026    0.217048   0.0721617    0.313252   0.0170919 7.03923e-05
underflow!-0.00526349
pos   0.919795    0.225684   0.0688268    0.291617 -0.00526349 7.34082e-05
underflow!6.59789e-05
pos   0.890881    0.210725   0.0687353    0.304277   0.0163295 6.59789e-05
underflow!6.662e-05
pos 0.899639  0.213616 0.0687628  0.308355 0.0161834 6.662e-05
underflow!6.65576e-05
pos   0.891721    0.211737   0.0687057    0.307846   0.0163903 6.65576e-05
underflow!6.65703e-05
pos   0.891705    0.210415   0.0687667    0.308338   0.0161838 6.65703e-05
underflow!7.0322e-05
pos  0.890552   0.213447  0.0687042   0.314412  0.0169326 7.0322e-05
underflow!6.60212e-05
pos   0.890907    0.198352    0.071244    0.315995   0.0161662 6.60212e-05
underflow!6.76639e-05
pos    0.89037    0.211997    0.068914    0.305909   0.0160133 6.76639e-05
underflow!6.66496e-05
pos   0.892004     0.21122   0.0692696    0.311664   0.0163965 6.66496e-05
underflow!6.66186e-05
pos   0.895713    0.211089   0.0690149    0.308449    0.016184 6.66186e-05
underflow!7.71859e-05
pos   0.904036    0.211374   0.0727672    0.331498   0.0161122 7.71859e-05
underflow!6.87675e-05
pos   0.900984    0.212254   0.0701944    0.307235   0.0161291 6.87675e-05
underflow!7.46686e-05
pos   0.908193    0.206179   0.0685771    0.307541   0.0169777 7.46686e-05
underflow!7.64378e-05
pos   0.899561    0.227066   0.0683829     0.32599   0.0174596 7.64378e-05
underflow!6.92742e-05
pos   0.900384    0.211673   0.0686549    0.307179   0.0162035 6.92742e-05
underflow!6.86308e-05
pos   0.897624    0.212434   0.0686792    0.316096   0.0161984 6.86308e-05
underflow!7.12325e-05
pos   0.892976    0.210906   0.0686868    0.299233   0.0161876 7.12325e-05
underflow!6.82911e-05
pos   0.891392    0.212321   0.0686809    0.307523   0.0173526 6.82911e-05
underflow!6.90555e-05
pos    0.89966    0.211789   0.0686411    0.307143   0.0178941 6.90555e-05
underflow!7.01122e-05
pos   0.897163    0.218726   0.0686233    0.307221   0.0166955 7.01122e-05
underflow!6.97459e-05
pos   0.902225    0.211503   0.0686358    0.307255   0.0161875 6.97459e-05
underflow!6.87738e-05
pos   0.899154    0.210142   0.0687279    0.308039   0.0164792 6.87738e-05
underflow!6.96871e-05
pos   0.903309    0.213092   0.0687437    0.307019   0.0167253 6.96871e-05
underflow!7.00003e-05
pos   0.898575    0.211669   0.0685702    0.309376   0.0161609 7.00003e-05
underflow!7.2791e-05
pos  0.897358   0.212246  0.0569072   0.306615  0.0161834 7.2791e-05
underflow!6.82594e-05
pos   0.901889    0.211277     0.06867    0.305751   0.0161866 6.82594e-05
underflow!6.95363e-05
pos   0.899682    0.215136   0.0705991    0.307302    0.016191 6.95363e-05
underflow!6.73278e-05
pos   0.889314    0.215838   0.0686973    0.312872   0.0165207 6.73278e-05
underflow!6.9486e-05
pos  0.888145   0.220645  0.0771638   0.300478  0.0182712 6.9486e-05
underflow!7.02408e-05
pos   0.898407    0.211312   0.0680904    0.309468   0.0162354 7.02408e-05
underflow!6.96378e-05
pos   0.898624    0.212652    0.047924    0.310012   0.0163793 6.96378e-05
underflow!6.98374e-05
pos   0.901528    0.211018   0.0686383    0.306402   0.0166729 6.98374e-05
underflow!7.03282e-05
pos   0.908271    0.211663   0.0727069    0.312322   0.0162733 7.03282e-05
underflow!7.06876e-05
pos   0.900346    0.211232   0.0686424    0.310848   0.0164297 7.06876e-05
underflow!7.06786e-05
pos   0.900355    0.211237    0.068641    0.310814   0.0164282 7.06786e-05
underflow!6.91653e-05
pos   0.899518    0.210524   0.0686476    0.307163    0.016367 6.91653e-05
underflow!6.87319e-05
pos   0.896485    0.212706   0.0687255    0.309388    0.016324 6.87319e-05
underflow!7.55342e-05
pos   0.893918    0.225664   0.0734738    0.323703   0.0162797 7.55342e-05
underflow!6.98702e-05
pos   0.917455    0.233358   0.0686721    0.303469   0.0110364 6.98702e-05
underflow!7.01757e-05
pos   0.900237    0.211304   0.0686314    0.309634   0.0163556 7.01757e-05
underflow!7.58149e-05
pos   0.897846    0.210582   0.0705707    0.309613   0.0163528 7.58149e-05
underflow!7.05003e-05
pos   0.900723    0.238148   0.0657326    0.323712 -0.00300721 7.05003e-05
underflow!7.06034e-05
pos      0.895    0.211241   0.0686476    0.310588   0.0167047 7.06034e-05
underflow!7.06832e-05
pos   0.916305    0.211233   0.0685019    0.310839   0.0163668 7.06832e-05
underflow!7.05009e-05
pos   0.899277    0.211576   0.0686625    0.311232   0.0164589 7.05009e-05
underflow!6.87174e-05
pos   0.888025    0.205149   0.0712986    0.312059    0.016189 6.87174e-05
underflow!7.04109e-05
pos   0.897493    0.211421   0.0698977    0.314596   0.0167245 7.04109e-05
underflow!7.05682e-05
pos   0.899631    0.210872   0.0686358    0.310674   0.0163949 7.05682e-05
underflow!7.30574e-05
pos   0.894305    0.208817   0.0716194    0.309597     0.01707 7.30574e-05
underflow!-0.000155561
pos    0.888318     0.125081    0.0517033     0.310703   -0.0456543 -0.000155561
underflow!6.84262e-05
pos    0.89392    0.211762   0.0686243    0.307216   0.0161407 6.84262e-05
underflow!7.27519e-05
pos   0.895235    0.196497   0.0705566    0.311413   0.0166268 7.27519e-05
underflow!8.09329e-05
pos    0.87489    0.209705   0.0683603    0.306841   0.0195591 8.09329e-05
underflow!8.18778e-05
pos   0.898946    0.206886   0.0690872    0.308436   0.0196737 8.18778e-05
underflow!8.05588e-05
pos   0.913607     0.21164   0.0748193    0.310681   0.0179108 8.05588e-05
underflow!8.23525e-05
pos   0.900321    0.222576   0.0707994     0.31068   0.0244278 8.23525e-05
underflow!8.21233e-05
pos   0.910864    0.211373   0.0529987    0.306825  0.00830776 8.21233e-05
underflow!7.30843e-05
pos   0.898532    0.212682    0.068618    0.279435    0.016343 7.30843e-05
underflow!8.26642e-05
pos   0.899835    0.211043   0.0687006    0.346404   0.0188543 8.26642e-05
underflow!7.96732e-05
pos    0.90021     0.21063   0.0687202    0.339164   0.0183414 7.96732e-05
underflow!9.24828e-05
pos   0.897844    0.210912   0.0686618    0.339349    0.017843 9.24828e-05
underflow!7.62975e-05
pos   0.899799    0.219649   0.0674664    0.333985    0.018006 7.62975e-05
underflow!7.60133e-05
pos   0.897187    0.211905   0.0686834    0.324908   0.0174528 7.60133e-05
underflow!7.97019e-05
pos   0.898905    0.210952   0.0686913    0.334506   0.0180749 7.97019e-05
underflow!8.02464e-05
pos   0.899817     0.21121   0.0686891    0.339668   0.0184025 8.02464e-05
underflow!7.72116e-05
pos   0.899934    0.225304    0.068885    0.313166   0.0167548 7.72116e-05
underflow!8.09239e-05
pos   0.900012    0.212644   0.0688394    0.341893   0.0185792 8.09239e-05
underflow!8.05384e-05
pos   0.898858    0.211117   0.0687208    0.340164   0.0184383 8.05384e-05
underflow!7.78148e-05
pos   0.897822    0.211362   0.0586198    0.336592   0.0180052 7.78148e-05
underflow!9.79086e-05
pos   0.899973    0.220119   0.0687078    0.312134   0.0217961 9.79086e-05
underflow!8.52188e-05
pos   0.922209    0.210023   0.0742077    0.312954   0.0188115 8.52188e-05
underflow!8.36878e-05
pos   0.899457     0.21648   0.0704822    0.341337   0.0191072 8.36878e-05
underflow!8.92088e-05
pos   0.903398    0.211082   0.0708055    0.338092   0.0156356 8.92088e-05
underflow!8.94128e-05
pos   0.876123    0.209629   0.0843805    0.212293   0.0207236 8.94128e-05
underflow!7.54595e-05
pos   0.900117    0.250927   0.0685455    0.330808   0.0173747 7.54595e-05
underflow!8.31703e-05
pos   0.913127   0.0532061   0.0827599    0.336851   0.0217772 8.31703e-05
underflow!7.99998e-05
pos   0.900114    0.216116    0.070729    0.338342   0.0182861 7.99998e-05
underflow!8.96886e-05
pos   0.901819    0.211055   0.0701768    0.345374   0.0187857 8.96886e-05
underflow!8.5132e-05
pos  0.897988   0.208984  0.0690925   0.352516  0.0194528 8.5132e-05
underflow!7.86307e-05
pos   0.899989    0.253948   0.0688066    0.336726   0.0181911 7.86307e-05
underflow!7.77758e-05
pos    0.88659    0.125631   0.0686547    0.331591   0.0175858 7.77758e-05
underflow!5.11855e-05
pos   0.882521    0.449262   0.0693399    0.258352   0.0133332 5.11855e-05
underflow!8.10326e-05
pos   0.899284    0.147789   0.0686621    0.341176   0.0185239 8.10326e-05
underflow!8.5017e-05
pos  0.900455   0.209922  0.0686568   0.346426   0.019469 8.5017e-05
underflow!9.37277e-05
pos   0.889277    0.240565   0.0652827    0.355481   0.0216133 9.37277e-05
underflow!0.000100518
pos   0.873009    0.264834   0.0650168    0.338195   0.0174223 0.000100518
underflow!8.74416e-05
pos    0.89906    0.210059    0.068597    0.320323   0.0200329 8.74416e-05
underflow!9.20806e-05
pos    0.89914    0.209467   0.0764833     0.37836   0.0189131 9.20806e-05
underflow!8.00213e-05
pos   0.899285    0.204376   0.0686693    0.324946   0.0184435 8.00213e-05
underflow!8.23995e-05
pos   0.899523    0.225387   0.0740324     0.34526   0.0185443 8.23995e-05
underflow!7.96517e-05
pos   0.903301    0.234099   0.0549744    0.343397  -0.0260623 7.96517e-05
underflow!-0.0260623
pos   0.903301    0.234099   0.0549744    0.343397  -0.0260623 7.96517e-05
underflow!7.73404e-05
pos   0.880308    0.245508   0.0273456    0.327192   0.0118607 7.73404e-05
underflow!8.18687e-05
pos   0.738465    0.105527   -0.109623    0.344769   0.0496099 8.18687e-05
underflow!0.000115689
pos   0.906897    0.104173   0.0683967    0.427949   0.0191654 0.000115689
underflow!7.74764e-05
pos   0.899577    0.246791   0.0681873    0.329089   0.0177563 7.74764e-05
underflow!8.19665e-05
pos   0.899516    0.210788   0.0683948    0.344905   0.0190491 8.19665e-05
underflow!8.59463e-05
pos   0.912663    0.210835   0.0683854     0.34477   0.0190211 8.59463e-05
overflow!
underflow!9.09907e-05
pos   0.896425     0.18009    0.068888    0.355895   0.0204297 9.09907e-05
underflow!9.00613e-05
pos   0.901735    0.209984   0.0723257    0.342386    0.020237 9.00613e-05
underflow!8.10992e-05
pos   0.901926    0.215236   0.0698508    0.323408    0.017572 8.10992e-05
overflow!
underflow!8.50283e-05
pos   0.912438    0.209753   0.0645066    0.340032   0.0190325 8.50283e-05
underflow!8.38679e-05
pos   0.912857    0.252998    0.101715    0.424148   0.0255033 8.38679e-05
underflow!-0.195465
pos  0.834747  -0.195465   0.127878   0.269895  0.0190274 0.00016505
underflow!8.66871e-05
pos   0.911934    0.210835   0.0688172     0.34477   0.0190211 8.66871e-05
underflow!-0.0509539
pos      1.1443      0.28013     -0.19278      1.12937   -0.0509539 -0.000217688
overflow!
underflow!8.55952e-05
pos   0.912117    0.209842   0.0677528    0.347595   0.0231397 8.55952e-05
underflow!8.16346e-05
pos   0.909088    0.207571   0.0680592    0.340217    0.049164 8.16346e-05
underflow!8.99811e-05
pos   0.906502    0.209623   0.0683824    0.358751   0.0199016 8.99811e-05
underflow!8.91074e-05
pos   0.918587    0.196858   0.0703626    0.364097   0.0205962 8.91074e-05
underflow!-0.0450534
pos    1.11364    0.211197   0.0768584    0.668736  -0.0450534 0.000264377
overflow!
underflow!0.00023733
pos  0.892051   0.135095  0.0105376   0.301829 0.00853941 0.00023733
underflow!-0.0358262
pos   0.834179    0.187873     0.15146    0.181901  -0.0358262 0.000198572
underflow!0.000198572
pos   0.834179    0.187873     0.15146    0.181901  -0.0358262 0.000198572
underflow!0.000102307
pos   0.923084    0.210295   0.0683941    0.364073   0.0192899 0.000102307
underflow!9.71964e-05
pos      0.908    0.216572    0.071168    0.347801   0.0187597 9.71964e-05
underflow!4.67385e-05
pos   0.892536    0.411725    0.082589    0.295495   0.0521622 4.67385e-05
underflow!9.16716e-05
pos    0.90637    0.213624    0.072156    0.343419   0.0184325 9.16716e-05
underflow!9.45699e-05
pos   0.909774    0.206632   0.0682866    0.350468   0.0193511 9.45699e-05
underflow!9.46575e-05
pos   0.905617    0.209215   0.0605725    0.353158   0.0195363 9.46575e-05
underflow!0.000107117
pos    0.90605     0.20463   0.0779239    0.327943   0.0148083 0.000107117
underflow!-0.049745
pos   0.975372    0.223493   0.0676363    0.312433   -0.049745 7.63899e-05
underflow!9.44107e-05
pos   0.906684    0.208395   0.0684206    0.344708   0.0126364 9.44107e-05
underflow!9.72379e-05
pos   0.905633    0.210292   0.0666109    0.351457   0.0194401 9.72379e-05
underflow!-0.469666
pos   0.946481     0.22134   0.0266851    0.464822   -0.469666 0.000146941
underflow!0.000123026
pos   0.899811    0.266475   0.0847986    0.343564   0.0191366 0.000123026
underflow!-0.0394217
pos  0.903883    0.20819  0.0626677   0.369213 -0.0394217 0.00013293
underflow!0.000110206
pos   0.906398    0.209803    0.067595    0.339947   0.0228037 0.000110206
underflow!0.000186374
pos   0.872222    0.204625    0.147392    0.730305   0.0419715 0.000186374
underflow!-0.0558051
pos  0.862854   0.209573 -0.0558051    0.35215  0.0281204 9.1336e-05
underflow!9.1336e-05
pos  0.862854   0.209573 -0.0558051    0.35215  0.0281204 9.1336e-05
underflow!9.84146e-05
pos   0.899977    0.226124   0.0684581    0.328126  -0.0891869 9.84146e-05
underflow!0.000127819
pos   0.907895    0.208375   0.0861723     0.41324    0.019217 0.000127819
overflow!
underflow!-0.0928693
pos    1.43248     1.20052   0.0683347  -0.0760612  -0.0928693 9.56741e-05
underflow!8.97939e-05
pos   0.908676    0.204462   0.0682965    0.332058   0.0228488 8.97939e-05
underflow!-0.312909
pos  0.909455   0.211046   0.070338   0.342243  -0.312909 8.5458e-05
underflow!9.74224e-05
pos   0.909962    0.204535   0.0679552    0.347953  -0.0112098 9.74224e-05
underflow!9.85551e-05
pos   0.909184     0.20789   0.0693802    0.342648   0.0195311 9.85551e-05
underflow!8.35196e-05
pos   0.869713     0.20995   0.0953311     0.32915   -0.108317 8.35196e-05
underflow!-0.108317
pos   0.869713     0.20995   0.0953311     0.32915   -0.108317 8.35196e-05
underflow!0.00012724
pos   0.92263   0.213341  0.0353331   0.308163 -0.0109523 0.00012724
underflow!0.000121556
pos    0.91894    0.117986     0.04714    0.352913    0.017685 0.000121556
underflow!9.44438e-05
pos   0.907177    0.210574   0.0703501    0.344419   0.0195272 9.44438e-05
underflow!0.00010018
pos  0.918157   0.188728  0.0692566   0.352749  0.0195218 0.00010018
underflow!8.58999e-05
pos   0.901565        -nan   0.0602898    0.350266    0.020237 8.58999e-05
underflow!6.44304e-05
pos   0.895153    0.217664   0.0703351    0.336219    0.018119 6.44304e-05
underflow!0.000106117
pos    0.91815    0.210468   0.0698825    0.340359   0.0103538 0.000106117
underflow!9.41969e-05
pos   0.957158     0.25551   0.0675049    0.342212        -nan 9.41969e-05
underflow!0.000125254
pos   0.891465    0.210918   0.0799151    0.353627   0.0272542 0.000125254
underflow!8.7511e-05
pos  0.934282   0.230319  0.0682419    0.34526   0.018564 8.7511e-05
underflow!0.000120819
pos   0.887449    0.259223   0.0762287    0.365524   0.0269339 0.000120819
underflow!-0.40801
pos  0.902072   0.227875   -0.40801   0.351674    0.03556 0.00018128
underflow!9.57789e-05
pos   0.906652    0.210426   0.0684012    0.366484   0.0191605 9.57789e-05
underflow!8.74189e-05
pos   0.912085    0.210283   0.0835837    0.334984   0.0179897 8.74189e-05
underflow!0.000103541
pos   0.909409        -nan   0.0682352    0.355196   0.0201509 0.000103541
underflow!0.000103419
pos   0.908155    0.210296   0.0681787    0.348053   0.0199067 0.000103419
underflow!0.000100355
pos    0.90345    0.221606   0.0717983    0.352866   0.0208434 0.000100355
underflow!8.62158e-05
pos   0.906274    0.210746   0.0674929    0.384617   0.0176878 8.62158e-05
underflow!9.24748e-05
pos   0.905846    0.208697   0.0681861    0.354227   0.0195671 9.24748e-05
overflow!
underflow!9.41667e-05
pos   0.907276    0.210549   0.0684055    0.344895    0.018945 9.41667e-05
underflow!9.98183e-05
pos   0.906618        -nan   0.0683329    0.354968   0.0152763 9.98183e-05
underflow!9.77884e-05
pos   0.870046    0.209262    0.329362    0.973126        -nan 9.77884e-05
underflow!4.84374e-05
pos    0.89338    0.218248    0.079864    0.283776   0.0145406 4.84374e-05
underflow!0.00010178
pos  0.908767   0.209221  0.0683307   0.352117  0.0165473 0.00010178
underflow!0.000142326
pos       -nan   -0.595085  -0.0937434     0.24947   0.0824896 0.000142326
underflow!-0.0937434
pos       -nan   -0.595085  -0.0937434     0.24947   0.0824896 0.000142326
underflow!-0.595085
pos       -nan   -0.595085  -0.0937434     0.24947   0.0824896 0.000142326
underflow!2.48745e-05
pos    0.90679    0.120258    0.122865    0.332757   0.0179142 2.48745e-05
underflow!8.7963e-05
pos   0.90278       -nan  0.0683667     0.3472  0.0192207 8.7963e-05
underflow!9.67428e-05
pos   0.908865    0.233229   0.0594131    0.365927        -nan 9.67428e-05
underflow!-0.497198
pos   0.732749   -0.497198   0.0490078    0.127077   0.0210515 0.000205424
underflow!0.000205424
pos   0.732749   -0.497198   0.0490078    0.127077   0.0210515 0.000205424
underflow!9.99854e-05
pos    0.90947    0.210703   0.0686501    0.352817   0.0196523 9.99854e-05
underflow!0.000131203
pos   0.909198    0.209553   0.0891778    0.268517   0.0255283 0.000131203
underflow!0.000100326
pos   0.913827    0.209538   0.0715325      0.3525   0.0195561 0.000100326
underflow!0.000212695
pos   0.927658    0.114455   0.0690821    0.341959   -0.158035 0.000212695
underflow!-0.0339158
pos       -nan        -nan   0.0335316    0.351944  -0.0339158 0.000108416
underflow!0.000188447
pos   0.903447     0.20809     0.06925     0.34801   0.0199945 0.000188447
underflow!9.63355e-05
pos   0.911676    0.205517        -nan    0.284606    0.018988 9.63355e-05
underflow!0.00012667
pos  0.906497   0.239945  0.0501765   0.236591  0.0195963 0.00012667
underflow!0.000123801
pos   0.909765        -nan   0.0823326    0.352833   0.0104959 0.000123801
underflow!9.17885e-05
pos   0.899551    0.196309    0.102841    0.345752   0.0191851 9.17885e-05
underflow!0.00012751
pos  0.902692    0.20115  0.0974814   0.180012       -nan 0.00012751
underflow!0.000114992
pos   0.894852    0.209373   0.0682792    0.352274   0.0225841 0.000114992
underflow!-0.876678
pos   0.839276     0.94739    -1.24362   -0.876678     0.64902 0.000444638
underflow!-0.0145004
pos       -nan        -nan   0.0699158    0.350764  -0.0145004 9.87046e-05
underflow!9.87046e-05
pos       -nan        -nan   0.0699158    0.350764  -0.0145004 9.87046e-05
underflow!0.0001558
pos 0.911482  0.210995  0.102909  0.350587 0.0189376 0.0001558
overflow!
underflow!0.000160662
pos   0.860124        -nan   0.0594411    0.350812   0.0252178 0.000160662
underflow!8.10582e-05
pos   0.876807    0.204248   0.0834474    0.220632        -nan 8.10582e-05
underflow!-0.0189771
pos   0.908545    0.216544  -0.0189771      0.3498    0.019213 -0.00321909
underflow!-0.00321909
pos   0.908545    0.216544  -0.0189771      0.3498    0.019213 -0.00321909
underflow!0.000103957
pos   0.909385    0.210042   0.0691628    0.356347     0.01985 0.000103957
underflow!0.000100085
pos   0.714297    0.209553    0.303159    0.352342   0.0195509 0.000100085
underflow!0.000101503
pos   0.908692     0.21185   0.0693226    0.352351    0.020015 0.000101503
underflow!9.93416e-05
pos   0.902735    0.211877   0.0678008    0.351646   0.0193228 9.93416e-05
underflow!9.70735e-05
pos   0.908418    0.214783   0.0687134    0.357406   0.0197811 9.70735e-05
underflow!-0.000706315
pos     1.06087     -1.59979      3.06762         -nan     -1.41963 -0.000706315
underflow!-1.59979
pos     1.06087     -1.59979      3.06762         -nan     -1.41963 -0.000706315
overflow!
overflow!
underflow!0.000169042
pos    0.91436    0.251969        -nan    0.340108   0.0194475 0.000169042
underflow!9.88269e-05
pos    0.90833        -nan   0.0686983     0.34975   0.0191958 9.88269e-05
underflow!-0.118925
pos  0.908949   0.234145 -0.0425555    0.28781  0.0190788  -0.118925
underflow!-0.0425555
pos  0.908949   0.234145 -0.0425555    0.28781  0.0190788  -0.118925
underflow!0.000114804
pos   0.895616    0.239347   0.0682414    0.368674   0.0219467 0.000114804
underflow!8.29392e-05
pos       -nan        -nan   0.0694108    0.325033   0.0210753 8.29392e-05
overflow!
underflow!0.000109556
pos   0.902053    0.211366        -nan    0.353709   0.0195658 0.000109556
underflow!2.56642e-05
pos   0.989348    0.190158    0.186202    0.453204        -nan 2.56642e-05
underflow!0.000101973
pos   0.906769    0.212016    0.100613    0.351555   0.0291687 0.000101973
underflow!-2.30979e-05
pos    0.464044         -nan      4.04325         -nan     -1.88769 -2.30979e-05
underflow!0.000609167
pos       -nan    0.206749        -nan    0.736116    0.121672 0.000609167
underflow!0.000167653
pos   0.871079    0.208315        -nan    0.547397   0.0326915 0.000167653
underflow!0.000100509
pos     0.9094    0.209512   0.0683176    0.361212   0.0195885 0.000100509
underflow!0.000109243
pos   0.887102    0.255502   0.0845863    0.346305   0.0241487 0.000109243
underflow!8.26724e-05
pos    0.90354    0.213143    0.069544    0.328508        -nan 8.26724e-05
underflow!9.21913e-05
pos   0.938741        -nan    0.051174    0.347425   0.0133648 9.21913e-05
underflow!-0.0748348
pos     0.34839      1.50674    0.0690785     0.524956   -0.0748348 -0.000387824
underflow!-0.000387824
pos     0.34839      1.50674    0.0690785     0.524956   -0.0748348 -0.000387824
underflow!0.000117447
pos       -nan    0.210261        -nan    0.264692   0.0190584 0.000117447
underflow!0.000738861
pos   0.990892    0.210303        -nan     0.22854 0.000738861 0.000159606
underflow!0.000159606
pos   0.990892    0.210303        -nan     0.22854 0.000738861 0.000159606
underflow!-0.000803654
pos    0.966223     0.212501    0.0636453     0.346667    0.0298344 -0.000803654
underflow!-0.0612763
pos    1.02351   -0.534664  -0.0612763     0.26221    0.110373 0.000521686
overflow!
underflow!9.12556e-05
pos   0.855738    0.214884   0.0435952    0.356425   0.0204337 9.12556e-05
underflow!0.000392848
pos    3.43996    -3.60709   0.0643044   -0.123669    -2.70814 0.000392848
underflow!0.000108972
pos   0.905994    0.207303   0.0692945    0.350495   0.0198025 0.000108972
overflow!
underflow!0.000100149
pos     1.1589        -nan     0.10685    0.463309    0.018703 0.000100149
underflow!-0.018039
pos     0.99296     0.213411    -0.018039     0.345408    0.0579116 -4.23378e-05
underflow!-4.23378e-05
pos     0.99296     0.213411    -0.018039     0.345408    0.0579116 -4.23378e-05
overflow!
underflow!-0.047836
pos    0.992821         -nan    -0.047836     0.405178   0.00984638 -8.81757e-05
underflow!0.000100536
pos   0.902146    0.209193   0.0682109    0.354138   0.0211956 0.000100536
underflow!0.000104604
pos   0.911234    0.205266   0.0695428    0.359512   0.0205643 0.000104604
underflow!0.000114498
pos   0.909621    0.203812   0.0659638    0.353053   0.0212624 0.000114498
overflow!
underflow!9.76734e-05
pos       -nan    0.207562        -nan    0.348556   0.0191939 9.76734e-05
underflow!0.000103619
pos   0.916179    0.239342   0.0704229    0.353178    0.022413 0.000103619
underflow!0.000169379
pos   0.923942        -nan    0.112558    0.155207    0.033351 0.000169379
underflow!9.88892e-05
pos   0.909095    0.209708   0.0686487    0.330009        -nan 9.88892e-05
underflow!0.000179585
pos   0.823335     0.29179   -0.763682    0.353569  -0.0152038 0.000179585
underflow!-0.0152038
pos   0.823335     0.29179   -0.763682    0.353569  -0.0152038 0.000179585
underflow!-0.763682
pos   0.823335     0.29179   -0.763682    0.353569  -0.0152038 0.000179585
underflow!0.000176213
pos       -nan   0.0675822    0.227604     0.33433   0.0342629 0.000176213
underflow!9.83705e-05
pos   0.894604    0.222223   0.0686907    0.350391        -nan 9.83705e-05
underflow!0.000100533
pos    1.01775    0.209587 -0.00827475     0.35291   0.0195853 0.000100533
underflow!-0.00827475
pos    1.01775    0.209587 -0.00827475     0.35291   0.0195853 0.000100533
underflow!-7.86156e-05
pos    0.906638     0.288424    0.0767763     0.199107    0.0192324 -7.86156e-05
underflow!9.55382e-05
pos     1.0274   0.0299842   0.0680177    0.330156   -0.109175 9.55382e-05
underflow!9.94992e-05
pos   0.943789        -nan    0.116588        -nan -0.00357511 9.94992e-05
underflow!-0.00357511
pos   0.943789        -nan    0.116588        -nan -0.00357511 9.94992e-05
underflow!9.70892e-05
pos       -nan        -nan   0.0529591    0.356174   0.0127259 9.70892e-05
underflow!9.73541e-05
pos   0.907995    0.209266    0.068253    0.350795   0.0193564 9.73541e-05
underflow!-0.0609618
pos   0.912983    0.203747        -nan    0.368549  -0.0609618 0.000103059
underflow!0.000143243
pos   0.915641    0.204215   0.0681578    0.353692        -nan 0.000143243
underflow!-0.0419328
pos   0.835968    0.350357   -0.563291     0.39975  -0.0419328 0.000168687
underflow!-0.563291
pos   0.835968    0.350357   -0.563291     0.39975  -0.0419328 0.000168687
underflow!0.000168687
pos   0.835968    0.350357   -0.563291     0.39975  -0.0419328 0.000168687
underflow!0.000114201
pos   0.895414    0.198137   0.0670987    0.349091    0.019652 0.000114201
underflow!9.87212e-05
pos   0.894777    0.205696   0.0720649    0.409066   0.0198043 9.87212e-05
underflow!0.000100092
pos   0.909296    0.209646   0.0682824    0.384935   0.0205907 0.000100092
underflow!0.000926606
pos   0.416239        -nan   -0.212776        -nan    -8.70591 0.000926606
underflow!-0.212776
pos   0.416239        -nan   -0.212776        -nan    -8.70591 0.000926606
underflow!9.36347e-05
pos   0.915568    0.211618   0.0636306    0.329777   0.0197796 9.36347e-05
underflow!6.94611e-05
pos   0.972007        -nan    0.137363    0.249299   0.0238095 6.94611e-05
underflow!-0.0953537
pos   0.907657    0.188361        -nan    0.248257  -0.0953537 9.79678e-05
underflow!4.38144e-05
pos       -nan    0.230264     0.12046    0.104689   0.0113461 4.38144e-05
underflow!0.000230215
pos   0.877602   0.0280024        -nan   -0.100399  0.00581879 0.000230215
underflow!-0.000159394
pos    0.871384     0.208005    0.0680245      0.35614   -0.0305366 -0.000159394
underflow!0.000330031
pos    0.82393    0.220977   0.0695493     0.31539   0.0449525 0.000330031
overflow!
underflow!0.000106144
pos       -nan        -nan   0.0687459    0.106773  -0.0128128 0.000106144
underflow!0.000133067
pos   0.897474    0.214632   0.0688496    0.405893   0.0233661 0.000133067
underflow!-0.518975
pos    1.18474        -nan   -0.518975    0.477937   0.0144332 0.000244957
underflow!0.000244957
pos    1.18474        -nan   -0.518975    0.477937   0.0144332 0.000244957
underflow!0.000128989
pos   0.909153    0.215222   0.0705525     0.33795        -nan 0.000128989
underflow!0.000141702
pos   0.914051    0.217871        -nan    0.357386  0.00694943 0.000141702
underflow!-0.385048
pos       -nan    0.198175   -0.385048    0.598682   0.0261862 0.000239859
underflow!0.000239859
pos       -nan    0.198175   -0.385048    0.598682   0.0261862 0.000239859
underflow!0.000191123
pos    0.89845     0.29426        -nan    0.524891   0.0269027 0.000191123
underflow!0.000146885
pos    0.91557    0.214904   0.0974255    0.354632   0.0195606 0.000146885
underflow!0.000110075
pos   0.865929    0.395739   0.0702493   0.0765331   0.0023666 0.000110075
underflow!0.000134242
pos   0.915132   -0.541506    0.189039    0.353453   0.0549151 0.000134242
underflow!-0.541506
pos   0.915132   -0.541506    0.189039    0.353453   0.0549151 0.000134242
underflow!0.000159573
pos   0.964004     0.21183   0.0684602    0.322877    0.014401 0.000159573
overflow!
underflow!-1.94864
pos    1.91355        -nan        -nan        -nan    -1.94864 0.000103698
underflow!0.000103698
pos    1.91355        -nan        -nan        -nan    -1.94864 0.000103698
underflow!-0.0119919
pos      -nan       -nan  0.0652081   -23.1726   -3.15408 -0.0119919
underflow!0.000135319
pos       -nan    0.214164        -nan    0.353712   0.0185216 0.000135319
underflow!8.86818e-05
pos   0.798686   0.0949909   0.0665883    0.383767   0.0105885 8.86818e-05
underflow!0.000115344
pos   0.925491        -nan   0.0683873    0.350753   0.0151399 0.000115344
underflow!0.000153714
pos   0.887204        -nan        -nan    0.381448   0.0200762 0.000153714
underflow!0.000176793
pos   0.888802    0.213459        -nan    0.367165   0.0253669 0.000176793
underflow!0.00010632
pos      -nan   0.161545       -nan   0.373109  0.0222687 0.00010632
underflow!-0.053283
pos     0.91557     0.140487     0.759162    0.0586803    -0.053283 -0.000400113
underflow!-0.000400113
pos     0.91557     0.140487     0.759162    0.0586803    -0.053283 -0.000400113
underflow!-0.00746686
pos    0.839274    -0.028366    0.0273828    -0.190961  -0.00746686 -7.60368e-05
underflow!-0.190961
pos    0.839274    -0.028366    0.0273828    -0.190961  -0.00746686 -7.60368e-05
underflow!-7.60368e-05
pos    0.839274    -0.028366    0.0273828    -0.190961  -0.00746686 -7.60368e-05
underflow!-0.028366
pos    0.839274    -0.028366    0.0273828    -0.190961  -0.00746686 -7.60368e-05
underflow!0.000372173
pos       -nan        -nan        -nan        -nan        -nan 0.000372173
overflow!
underflow!-0.159667
pos       -nan     0.21256        -nan    0.348659   -0.159667 0.000256322
underflow!0.000256322
pos       -nan     0.21256        -nan    0.348659   -0.159667 0.000256322
overflow!
underflow!0.000308792
pos    1.05738    0.317328  -0.0109222    0.317868   0.0412061 0.000308792
overflow!
underflow!0.000145426
pos       -nan    0.219315        -nan    0.375962   0.0218042 0.000145426
underflow!0.000133886
pos   0.934558    0.205146   0.0641734    0.375025        -nan 0.000133886
underflow!0.000123371
pos    0.90471        -nan   0.0531386    0.350157   -0.104847 0.000123371
underflow!-0.0302887
pos    1.01542    0.271049   -0.167636    0.440543  -0.0302887 0.000189523
underflow!-0.0182178
pos  0.934408 -0.0182178  0.0687663   0.431603  0.0151968 0.00011229
underflow!0.00011229
pos  0.934408 -0.0182178  0.0687663   0.431603  0.0151968 0.00011229
underflow!-3.51534
pos     -nan      -nan 0.0851918  -3.51534      -nan  0.163411
underflow!0.000139075
pos       -nan    0.191319        -nan    0.356365   0.0188119 0.000139075
underflow!0.000154753
pos   0.907455    0.209033   0.0734113    0.356701   0.0183318 0.000154753
underflow!0.000162439
pos   0.879973        -nan   0.0741054    0.439927  -0.0695235 0.000162439
underflow!-0.0695235
pos   0.879973        -nan   0.0741054    0.439927  -0.0695235 0.000162439
underflow!0.000136589
pos   0.914669        -nan        -nan    0.356918   0.0204802 0.000136589
underflow!0.000130636
pos   0.914767    0.214462        -nan    0.377491   0.0195761 0.000130636
underflow!0.000188759
pos       -nan    0.212898        -nan    0.262025   0.0260661 0.000188759
underflow!-0.980926
pos   0.733907    0.112753    0.499212    0.198327   -0.980926 6.93083e-05
underflow!6.93083e-05
pos   0.733907    0.112753    0.499212    0.198327   -0.980926 6.93083e-05
underflow!0.000116798
pos    0.88841        -nan   0.0678477     0.35362   0.0193187 0.000116798
underflow!0.000148817
pos   0.912253     0.14236   0.0602935     0.34742   0.0191111 0.000148817
underflow!-0.536983
pos   0.495706        -nan   -0.536983     1.11208   0.0027225 -0.00108055
underflow!-0.00108055
pos   0.495706        -nan   -0.536983     1.11208   0.0027225 -0.00108055
overflow!
underflow!-9.986e-05
pos  0.782804       -nan   0.887264   0.306394  -0.139645 -9.986e-05
underflow!-0.000203366
pos     0.91388         -nan         -nan     0.286527    0.0217782 -0.000203366
underflow!0.000122355
pos   0.874992    0.177144    0.098769    0.352744        -nan 0.000122355
underflow!0.00016158
pos  0.901855   0.247162       -nan   0.373774  0.0233272 0.00016158
underflow!0.000111963
pos   0.918778    0.132562   0.0800718    0.400627        -nan 0.000111963
underflow!0.000100709
pos   0.754743    0.230781        -nan      0.3939   0.0211839 0.000100709
underflow!-0.0277995
pos   0.873396   -0.133925    0.108875    0.451428  -0.0277995 3.15649e-06
underflow!-0.133925
pos   0.873396   -0.133925    0.108875    0.451428  -0.0277995 3.15649e-06
underflow!0.000148809
pos   0.916537    0.216242   0.0632464     0.35668        -nan 0.000148809
underflow!0.000263087
pos   0.862159    0.259508   0.0778233    0.123906   0.0418452 0.000263087
underflow!0.000119258
pos       -nan        -nan        -nan        -nan        -nan 0.000119258
underflow!-0.00046501
pos   0.879924    -0.42286    0.554005    0.490953    0.733173 -0.00046501
overflow!
underflow!-1.92561
pos 3.84307     -nan     -nan -1.92561 0.156944     -nan
underflow!-0.334216
pos    1.12185        -nan   -0.334216    0.373569   0.0931481 0.000192159
underflow!0.000192159
pos    1.12185        -nan   -0.334216    0.373569   0.0931481 0.000192159
underflow!0.000220664
pos   0.936203    0.235752   0.0977237    0.350616        -nan 0.000220664
underflow!0.0002645
pos  0.832978   0.182575       -nan   0.478545 -0.0130624  0.0002645
underflow!-0.0130624
pos  0.832978   0.182575       -nan   0.478545 -0.0130624  0.0002645
underflow!0.0001157
pos     -nan  0.194211      -nan  0.308774  0.020279 0.0001157
underflow!0.000143701
pos   0.916461        -nan  -0.0759469    0.359137   0.0101598 0.000143701
underflow!0.000214511
pos    1.05097    0.342184   0.0446129    0.523915   -0.556172 0.000214511
overflow!
underflow!-0.556172
pos    1.05097    0.342184   0.0446129    0.523915   -0.556172 0.000214511
underflow!0.000146997
pos   0.930695    0.214836   0.0688855    0.444216   0.0263574 0.000146997
underflow!-0.04468
pos     -nan      -nan 0.0660963      -nan      -nan  -0.04468
underflow!-0.468789
pos       -nan    0.209656        -nan     0.32462   -0.468789 0.000231724
underflow!0.000194499
pos   0.817499        -nan        -nan    0.208889  -0.0139074 0.000194499
underflow!0.000137661
pos   0.914582        -nan        -nan    0.357448   0.0195851 0.000137661
overflow!
underflow!-5.22967
pos    2.10602     1.10503     1.25986    -5.22967        -nan -0.00450413
overflow!
underflow!-0.00244006
pos    3.09977     6.87063        -nan     4.84024     27.1009 -0.00244006
overflow!
underflow!0.00015218
pos      -nan   0.215994       -nan   0.356182  0.0207302 0.00015218
underflow!-7.39664e-05
pos     0.92929     0.560005    -0.046235     0.452391         -nan -7.39664e-05
underflow!-9.45123e-05
pos    0.600108     0.252842         -nan     0.435356    0.0227876 -9.45123e-05
underflow!0.000147653
pos   0.914093        -nan   0.0710057    0.347944   0.0197905 0.000147653
underflow!-0.487482
pos   0.944697   -0.487482   0.0462995    0.355382        -nan 9.30863e-05
underflow!0.000199593
pos   0.913211    0.214888   0.0933358    0.322529   0.0171214 0.000199593
underflow!-0.768082
pos     -nan      -nan 0.0720592      -nan      -nan -0.768082
underflow!2.9182e-05
pos  0.929533 0.00391931    0.23283   0.395186   0.175462 2.9182e-05
underflow!0.000328784
pos    1.20176        -nan        -nan     0.58086   0.0729516 0.000328784
underflow!0.000349266
pos   0.915578        -nan        -nan    0.350161    0.019519 0.000349266
underflow!-1.40602
pos     -nan -0.136281      -nan      -nan  -1.40602 -0.052498
underflow!-0.000737399
pos        -nan    -0.350444         -nan     0.489597    0.0376769 -0.000737399
underflow!-0.350444
pos        -nan    -0.350444         -nan     0.489597    0.0376769 -0.000737399
underflow!-0.00608825
pos   0.903508 -0.00608825    0.142479    0.333436        -nan 0.000228276
underflow!0.000188367
pos    1.07826  0.00617728        -nan    0.311938   0.0182372 0.000188367
underflow!0.000193978
pos   0.918678    0.201153   0.0610548    0.340192   0.0241318 0.000193978
underflow!0.000112812
pos   0.899832    0.229376   0.0771176        -nan   0.0196103 0.000112812
underflow!0.000115293
pos   0.934841    0.117419   0.0413389    0.414284   0.0156413 0.000115293
underflow!0.000138589
pos       -nan        -nan        -nan        -nan        -nan 0.000138589
underflow!0.000111178
pos       -nan    0.283276        -nan    0.201195   0.0193462 0.000111178
underflow!0.0001451
pos 0.916519    0.2168 0.0679867  0.353124 0.0179043 0.0001451
overflow!
overflow!
underflow!-0.023473
pos    1.03207        -nan        -nan    0.234312   -0.023473 0.000220418
underflow!0.000242092
pos       -nan        -nan        -nan -0.00252301  0.00754364 0.000242092
underflow!-0.106089
pos    2.10042    0.651942   0.0270002   -0.106089        -nan 0.000175744
overflow!
underflow!0.000188569
pos   0.896124    0.167028   0.0660743        -nan  -0.0913631 0.000188569
underflow!0.000147159
pos   0.946407        -nan   0.0657715    0.294953   0.0233968 0.000147159
underflow!0.000171375
pos       -nan    0.254641        -nan    0.330145   0.0242528 0.000171375
overflow!
underflow!-0.000676014
pos     1.54738     0.257641    -0.369057      3.43437    -0.123282 -0.000676014
underflow!-0.369057
pos     1.54738     0.257641    -0.369057      3.43437    -0.123282 -0.000676014
underflow!0.000932076
pos  -0.770396        -nan        -nan        -nan   -0.246972 0.000932076
underflow!-0.770396
pos  -0.770396        -nan        -nan        -nan   -0.246972 0.000932076
underflow!0.000115489
pos   0.952807        -nan        -nan    0.384465   -0.227252 0.000115489
overflow!
overflow!
overflow!
underflow!4.98181e-05
pos    1.01086    0.089845        -nan    0.328917   0.0187801 4.98181e-05
underflow!0.000168859
pos   0.881233        -nan    0.097007     0.13431        -nan 0.000168859
underflow!0.000144011
pos   0.931143    0.293958    0.115538    0.493473   0.0347729 0.000144011
underflow!0.000324018
pos   0.930253        -nan   0.0727299    0.429351   0.0426819 0.000324018
underflow!5.13106e-05
pos   0.835206   0.0745563   0.0920415    0.579351   0.0442147 5.13106e-05
underflow!0.00059496
pos      -nan       -nan       -nan       -nan       -nan 0.00059496
underflow!0.000137143
pos       -nan    0.214082        -nan    0.353814        -nan 0.000137143
underflow!0.00016306
pos      -nan   0.196567       -nan     0.3744  0.0177036 0.00016306
underflow!-0.183311
pos  -4.85579  -0.183311       -nan       -nan    1.32223 0.00141343
overflow!
underflow!0.000197997
pos   0.881382        -nan        -nan    0.283134    0.116875 0.000197997
underflow!-0.00318025
pos       -nan   -0.652329        -nan        -nan        -nan -0.00318025
underflow!0.000137239
pos       -nan    0.215114        -nan        -nan        -nan 0.000137239
overflow!
underflow!0.000133761
pos   0.884588        -nan   0.0902723    0.341491   0.0249425 0.000133761
overflow!
overflow!
underflow!-0.00179081
pos       -nan    -18.5263     1.84961     12.7287        -nan -0.00179081
underflow!-18.5263
pos       -nan    -18.5263     1.84961     12.7287        -nan -0.00179081
underflow!0.000512343
pos   0.835186   0.0181988  -0.0471192    0.120102  -0.0182771 0.000512343
underflow!8.73365e-05
pos   0.884032    0.192507   0.0676343        -nan   0.0195367 8.73365e-05
underflow!0.000138846
pos       -nan    0.210802        -nan     0.34964        -nan 0.000138846
underflow!0.000160826
pos       -nan    0.217482        -nan    0.347252   0.0199967 0.000160826
overflow!
underflow!0.000409124
pos    17.3194        -nan        -nan        -nan        -nan 0.000409124
underflow!-0.139229
pos      -nan       -nan       -nan       -nan  -0.139229 5.5852e-05
underflow!5.5852e-05
pos      -nan       -nan       -nan       -nan  -0.139229 5.5852e-05
underflow!-0.00228025
pos    0.92203        -nan        -nan     0.37035 -0.00228025 0.000170658
underflow!0.000144252
pos   0.914882    0.214864    0.070774    0.351902        -nan 0.000144252
underflow!0.000149386
pos   0.922782    0.217938   0.0707325    0.358372   0.0201549 0.000149386
underflow!0.000295503
pos   0.947401    0.325874    0.123366        -nan    -0.38504 0.000295503
underflow!0.000120027
pos   0.902767        -nan    0.038286      0.3044   0.0301888 0.000120027
underflow!0.000124914
pos   0.909382    0.193935   0.0868627    0.377892   0.0175594 0.000124914
underflow!0.000363528
pos       -nan     0.42112        -nan    0.364461   0.0550367 0.000363528
underflow!0.00023539
pos      -nan       -nan       -nan       -nan -0.0136898 0.00023539
underflow!0.000120536
pos   0.910742        -nan        -nan    0.309446   -0.379581 0.000120536
underflow!-0.379581
pos   0.910742        -nan        -nan    0.309446   -0.379581 0.000120536
underflow!-0.244064
pos     -nan -0.244064      -nan      -nan      -nan  0.529372
underflow!0.000109143
pos   0.704617    0.215349        -nan    0.354124   0.0636101 0.000109143
underflow!0.000208575
pos   0.884113    0.226276   0.0877496    0.353063   0.0277315 0.000208575
underflow!0.000135859
pos   0.911584    0.201151   0.0697223        -nan   0.0295744 0.000135859
underflow!0.000912514
pos       -nan        -nan        -nan        -nan        -nan 0.000912514
underflow!0.000141478
pos       -nan    0.209058        -nan    0.220167        -nan 0.000141478
underflow!0.000104831
pos       -nan        -nan        -nan        -nan        -nan 0.000104831
underflow!0.00025659
pos      -nan       -nan       -nan       -nan  0.0459206 0.00025659
underflow!-0.00725845
pos       -nan        -nan        -nan        -nan        -nan -0.00725845
underflow!-0.00919918
pos       -nan        -nan        -nan    0.176226 -0.00919918 9.36415e-05
underflow!9.36415e-05
pos       -nan        -nan        -nan    0.176226 -0.00919918 9.36415e-05
underflow!0.000175306
pos     1.0672    0.214048        -nan     0.35451   0.0156522 0.000175306
underflow!0.000146844
pos   0.915562        -nan   0.0566114    0.378556   0.0209065 0.000146844
underflow!-0.0225806
pos     1.0487        -nan  -0.0225806    0.379724   0.0240787 0.000176527
underflow!0.000371406
pos       -nan  -0.0132646        -nan    0.635716        -nan 0.000371406
underflow!0.000126354
pos       -nan   0.0905421        -nan    0.164206   0.0198255 0.000126354
overflow!
underflow!-0.697587
pos       -nan        -nan        -nan    0.501546   -0.697587 0.000224225
underflow!0.000142349
pos   0.911835    0.218488   0.0691341    0.349105        -nan 0.000142349
underflow!0.000130566
pos    0.90765    0.191329        -nan    0.361646   0.0202294 0.000130566
underflow!0.00029432
pos  0.845834       -nan  0.0406585   0.361436       -nan 0.00029432
underflow!0.000317025
pos       -nan        -nan        -nan        -nan        -nan 0.000317025
underflow!0.000165205
pos       -nan    0.246928        -nan    0.350425        -nan 0.000165205
underflow!0.000459542
pos       -nan    0.672257        -nan     0.76024   0.0189956 0.000459542
underflow!0.000132666
pos       -nan        -nan        -nan        -nan        -nan 0.000132666
underflow!-0.292783
pos     -nan      -nan      -nan      -nan -0.292783      -nan
underflow!-0.00229849
pos       -nan        -nan        -nan        -nan -0.00229849 0.000100048
underflow!-3.02075
pos  0.727008       -nan       -nan   -3.02075       -nan -0.0104769
underflow!-0.0104769
pos  0.727008       -nan       -nan   -3.02075       -nan -0.0104769
underflow!0.000193531
pos   0.881606    0.222973        -nan    0.431641   0.0153893 0.000193531
overflow!
overflow!
underflow!0.000154941
pos   0.965277        -nan    0.438316    0.364324   0.0213497 0.000154941
underflow!0.000654141
pos       -nan        -nan        -nan        -nan        -nan 0.000654141
underflow!0.000263633
pos       -nan    0.188372        -nan    0.357417        -nan 0.000263633
underflow!0.000231517
pos       -nan        -nan        -nan        -nan        -nan 0.000231517
underflow!-6.24911e-06
pos        -nan         -nan         -nan    0.0796033         -nan -6.24911e-06
underflow!0.000105601
pos   0.921515    0.215071   0.0815697    0.342849        -nan 0.000105601
underflow!0.000145301
pos   0.931383        -nan   0.0619897    0.349153   0.0253017 0.000145301
underflow!0.000146151
pos   0.920867    0.234812   0.0811631    0.352706    0.020027 0.000146151
overflow!
underflow!0.000127062
pos   0.911164    0.214079   0.0687807    0.360553   0.0222701 0.000127062
