PSO_S_ODE_NonLinear
Using two part PSO Sample Size:5000 with:27 moments.
Using Record Time:48.45
Bounds for Uniform Distribution (0,1)
Blind PSO --> nParts:5 Nsteps:2
Targeted PSO --> nParts:60 Nsteps:10
sdbeta:0.1
wt:
1 0 0 0 0 0 0 0 0 0 0 0 0 0 0 0 0 0 0 0 0 0 0 0 0 0 0
0 1 0 0 0 0 0 0 0 0 0 0 0 0 0 0 0 0 0 0 0 0 0 0 0 0 0
0 0 1 0 0 0 0 0 0 0 0 0 0 0 0 0 0 0 0 0 0 0 0 0 0 0 0
0 0 0 1 0 0 0 0 0 0 0 0 0 0 0 0 0 0 0 0 0 0 0 0 0 0 0
0 0 0 0 1 0 0 0 0 0 0 0 0 0 0 0 0 0 0 0 0 0 0 0 0 0 0
0 0 0 0 0 1 0 0 0 0 0 0 0 0 0 0 0 0 0 0 0 0 0 0 0 0 0
0 0 0 0 0 0 1 0 0 0 0 0 0 0 0 0 0 0 0 0 0 0 0 0 0 0 0
0 0 0 0 0 0 0 1 0 0 0 0 0 0 0 0 0 0 0 0 0 0 0 0 0 0 0
0 0 0 0 0 0 0 0 1 0 0 0 0 0 0 0 0 0 0 0 0 0 0 0 0 0 0
0 0 0 0 0 0 0 0 0 1 0 0 0 0 0 0 0 0 0 0 0 0 0 0 0 0 0
0 0 0 0 0 0 0 0 0 0 1 0 0 0 0 0 0 0 0 0 0 0 0 0 0 0 0
0 0 0 0 0 0 0 0 0 0 0 1 0 0 0 0 0 0 0 0 0 0 0 0 0 0 0
0 0 0 0 0 0 0 0 0 0 0 0 1 0 0 0 0 0 0 0 0 0 0 0 0 0 0
0 0 0 0 0 0 0 0 0 0 0 0 0 1 0 0 0 0 0 0 0 0 0 0 0 0 0
0 0 0 0 0 0 0 0 0 0 0 0 0 0 1 0 0 0 0 0 0 0 0 0 0 0 0
0 0 0 0 0 0 0 0 0 0 0 0 0 0 0 1 0 0 0 0 0 0 0 0 0 0 0
0 0 0 0 0 0 0 0 0 0 0 0 0 0 0 0 1 0 0 0 0 0 0 0 0 0 0
0 0 0 0 0 0 0 0 0 0 0 0 0 0 0 0 0 1 0 0 0 0 0 0 0 0 0
0 0 0 0 0 0 0 0 0 0 0 0 0 0 0 0 0 0 1 0 0 0 0 0 0 0 0
0 0 0 0 0 0 0 0 0 0 0 0 0 0 0 0 0 0 0 1 0 0 0 0 0 0 0
0 0 0 0 0 0 0 0 0 0 0 0 0 0 0 0 0 0 0 0 1 0 0 0 0 0 0
0 0 0 0 0 0 0 0 0 0 0 0 0 0 0 0 0 0 0 0 0 1 0 0 0 0 0
0 0 0 0 0 0 0 0 0 0 0 0 0 0 0 0 0 0 0 0 0 0 1 0 0 0 0
0 0 0 0 0 0 0 0 0 0 0 0 0 0 0 0 0 0 0 0 0 0 0 1 0 0 0
0 0 0 0 0 0 0 0 0 0 0 0 0 0 0 0 0 0 0 0 0 0 0 0 1 0 0
0 0 0 0 0 0 0 0 0 0 0 0 0 0 0 0 0 0 0 0 0 0 0 0 0 1 0
0 0 0 0 0 0 0 0 0 0 0 0 0 0 0 0 0 0 0 0 0 0 0 0 0 0 1
mu: 80 120  85
covarMat:
 50   0   0
  0 100   0
  0   0  50

Yt:  3.86782    3.6364    2.3557  0.126721   6.11882   3.32285   52.9104   106.758    10.564 0.0189852   143.975   20.9996  0.745852   9.76412  0.655677   11.1656    13.927   12.8603  0.147368   119.766   17.8456  0.309057   23.7333    14.893   0.47541   0.43825   33.1769
seedk: 0.515996 0.0603199  0.103199  0.896801   0.05516 0.0722394| cost:153.399
Xt:  3.94003   3.35009   2.41205  0.129582   5.89172   3.40392   52.7105   99.7197   11.2166 0.0196014    137.12   22.2664  0.763663   9.72969  0.671145   11.1645   13.8765   12.6149  0.143182   112.478   17.5093  0.324096   24.1556   15.8023   0.48688  0.459583   33.7712
PSO begins!
GBMAT from blind PSO:

 0.515996 0.0603199  0.103199  0.896801   0.05516 0.0722394   153.399
 0.515996 0.0603199  0.103199  0.896801   0.05516 0.0722394   153.399
 0.505676 0.0712061  0.103199  0.909894 0.0452597 0.0750328   92.3135

truk:  0.515996 0.0603199  0.103199  0.896801   0.05516 0.0722394
total difference b/w truk and final GBVEC0.00050225

tgCol: 0  1  4  5  6  7  8  9 12 14 15 16 19 20 25
reCol1: 0  2  4  5  6  9 10 12 14 15 20 24 25
reCol2: 0  5  6  8  9 11 12 13 14 15 19
targeted PSO has started!
Updating Weight Matrix!
GBVEC AND COST: 0.505676 0.0712061  0.103199  0.909894 0.0452597 0.0750328   92.3135
Chkpt reached!
new weight matrix:
  0.0133204           0           0           0           0           0           0           0           0           0           0           0           0           0           0
          0  0.00536252           0           0           0           0           0           0           0           0           0           0           0           0           0
          0           0  0.00465035           0           0           0           0           0           0           0           0           0           0           0           0
          0           0           0    0.049405           0           0           0           0           0           0           0           0           0           0           0
          0           0           0           0 7.21402e-06           0           0           0           0           0           0           0           0           0           0
          0           0           0           0           0 5.66469e-07           0           0           0           0           0           0           0           0           0
          0           0           0           0           0           0 0.000495344           0           0           0           0           0           0           0           0
          0           0           0           0           0           0           0     4463.45           0           0           0           0           0           0           0
          0           0           0           0           0           0           0           0     0.85891           0           0           0           0           0           0
          0           0           0           0           0           0           0           0           0    0.443183           0           0           0           0           0
          0           0           0           0           0           0           0           0           0           0 0.000556827           0           0           0           0
          0           0           0           0           0           0           0           0           0           0           0  0.00030191           0           0           0
          0           0           0           0           0           0           0           0           0           0           0           0 5.26515e-07           0           0
          0           0           0           0           0           0           0           0           0           0           0           0           0 9.90767e-05           0
          0           0           0           0           0           0           0           0           0           0           0           0           0           0     1.99474

New PBMAT:
   0.631645    0.175328   0.0529927    0.976874  0.00214026   0.0975899     2.08524
   0.603701    0.138542   0.0508296     0.97721 7.36974e-05 0.000472578     2.13395
    0.39794    0.016861    0.113805    0.987213 0.000127783  0.00666639      2.2111
    0.40782 0.000393753   0.0186864    0.944092   0.0151006    0.100315     2.92251
   0.443682  0.00148175   0.0240039    0.966911   0.0239362  0.00946307     1.95606
   0.551419 0.000957898    0.178949    0.585107  0.00354528   0.0886739     3.55104
   0.428317  0.00986056    0.071204    0.882715      0.1025   0.0123085     54.9348
   0.566367   0.0324768   0.0361885    0.946872    0.197939    0.251008     2.36876
   0.528089   0.0528877    0.387932    0.807002  0.00741479   0.0232077     29.8409
   0.559513   0.0470031   0.0541756    0.974578 2.79638e-05   0.0230169      1.6973
   0.504003   0.0889755   0.0629186    0.766338   0.0368997   0.0576923    0.574458
   0.514523   0.0707999     0.14237    0.797014  0.00257819   0.0324674    0.712022
   0.461063    0.315325   0.0642645    0.991273 0.000675741   0.0592013     3.15797
   0.672033    0.103724   0.0624413    0.958742 4.60971e-06 0.000693239     2.32856
   0.638279    0.030702   0.0394608    0.910892 0.000939506   0.0187862     1.92775
   0.424329   0.0165249   0.0405345    0.800514  0.00031645 0.000816347     2.07434
     0.3363   0.0762777   0.0562468    0.793473 2.16613e-06   0.0114936     1.52137
   0.422482 0.000640367    0.156482    0.921393 0.000454827   0.0224565     1.31881
   0.655827   0.0581579    0.053538    0.977384 6.99262e-06  0.00370717     2.14496
   0.443644   0.0228659   0.0276187    0.845105 6.44255e-05    0.327638     2.82866
    0.59213   0.0186603   0.0298521     0.82891 3.84743e-05  0.00468213     2.13988
   0.537435   0.0366911   0.0954786    0.998877   0.0188585   0.0710489    0.660664
   0.525314   0.0123574   0.0893099    0.876518   0.0610693    0.110626    0.373976
   0.590811  0.00900127   0.0155353    0.784411  0.00184246  0.00712076     2.50099
   0.661806   0.0394673   0.0197467    0.905333  0.00205873    0.155998     2.88147
    0.55382   0.0643936    0.090822    0.903266   0.0040674    0.036432    0.840861
   0.477584   0.0021154    0.125935    0.931338  0.00043038  0.00926576     2.02013
   0.514948  0.00604482   0.0190157    0.918877 7.46953e-05    0.107528     2.94157
    0.41518   0.0926737    0.391115    0.998732    0.013653   0.0229893      24.242
   0.533455   0.0378938   0.0288001    0.997605 8.12612e-09   0.0237605     2.14522
   0.416244    0.209741    0.388813    0.942869  7.7933e-08    0.327244      9.3025
   0.199936  0.00662546   0.0740062    0.999211   0.0246655  0.00361124     3.25927
   0.745576   0.0325586   0.0633117     0.97633 1.10074e-05   0.0120415     1.89082
   0.556744    0.228278  0.00650914    0.692955  0.00121943    0.210353      3.4714
   0.543889   0.0186393    0.162689     0.99923    0.102869    0.382355    0.515028
    0.46747   0.0500695    0.012775    0.910087    0.201721   0.0664621     2.42798
   0.489961  0.00239721    0.269789    0.981682    0.433315  2.9971e-05     38608.7
   0.378174   0.0502636    0.161105    0.931291   0.0873593    0.173255    0.809189
   0.538256   0.0672758   0.0187017    0.909569  0.00149854    0.118429     2.71168
   0.463057    0.133984    0.209646    0.989369  0.00254641   0.0780423    0.529696
   0.566736  0.00547071  0.00730322    0.844068  0.00417733   0.0215571     3.03928
   0.458416   0.0503665    0.130747    0.961645     0.12823  0.00790678     779.617
   0.530605 7.86225e-05    0.176605    0.930137 0.000818466 2.88705e-08     3.62429
   0.520278   0.0941131    0.196997    0.947551   0.0016363 0.000767033      3.8732
   0.447181    0.106889   0.0744548    0.960625   0.0866296   0.0159496     13.0399
   0.509383  0.00273364   0.0629462    0.965148   0.0257537   0.0774607     1.40675
   0.467592   0.0189994    0.105385     0.80448 5.96449e-06  0.00100683     2.72293
   0.469154    0.372843   0.0384213    0.943159    0.027717    0.265136     6.43221
   0.519198 0.000592673    0.395868    0.687143 5.46966e-06  0.00203994     5.24459
   0.380772     0.15963    0.169563    0.979455   0.0666499   0.0174334     78.0788
   0.475959   0.0359581    0.139019    0.942984 2.93775e-05   0.0453883    0.539336
   0.587249   0.0293929   0.0391749    0.984003   0.0173171   0.0964238     2.25685
   0.482457  0.00850889   0.0228503    0.814012 0.000468165   0.0124602     2.28664
   0.588585   0.0191101   0.0258902    0.984274    0.280256   0.0125625     6.89511
   0.379313  0.00440485   0.0280088    0.988639    0.160787    0.160052     2.52054
   0.651836 0.000170145    0.181054    0.985516   0.0110901    0.160013   0.0191222
   0.356011    0.358259   0.0397016    0.986195 0.000405014    0.022421      4.5544
   0.519473   0.0108675   0.0338736    0.866455   0.0176221   0.0892838     2.35348
   0.546759  0.00584744      0.1529     0.99016   0.0341895    0.294993    0.521514
    0.73599  0.00112829    0.100767    0.992424   0.0699109  0.00523408     152.305

Updating Weight Matrix!
GBVEC AND COST: 0.505676 0.0712061  0.103199  0.909894 0.0452597 0.0750328 0.0596092
Chkpt reached!
new weight matrix:
  0.0133204           0           0           0           0           0           0           0           0           0           0           0           0
          0    0.094394           0           0           0           0           0           0           0           0           0           0           0
          0           0  0.00465035           0           0           0           0           0           0           0           0           0           0
          0           0           0    0.049405           0           0           0           0           0           0           0           0           0
          0           0           0           0 7.21402e-06           0           0           0           0           0           0           0           0
          0           0           0           0           0     4463.45           0           0           0           0           0           0           0
          0           0           0           0           0           0 4.85542e-07           0           0           0           0           0           0
          0           0           0           0           0           0           0     0.85891           0           0           0           0           0
          0           0           0           0           0           0           0           0    0.443183           0           0           0           0
          0           0           0           0           0           0           0           0           0 0.000556827           0           0           0
          0           0           0           0           0           0           0           0           0           0 9.90767e-05           0           0
          0           0           0           0           0           0           0           0           0           0           0      2.5838           0
          0           0           0           0           0           0           0           0           0           0           0           0     1.99474

underflow!0.000142266
pos   0.383852 0.000142266   0.0554401    0.953979 0.000677806    0.115013
underflow!0.00316776
pos  0.577057  0.0078253   0.131244   0.934554 0.00316776  0.0845213
underflow!0.00317139
pos  0.458592  0.0575897   0.205503   0.914669 0.00317139   0.210581
underflow!3.27523e-08
pos   0.438591 3.27523e-08  0.00314886      0.8397   0.0481461   0.0756752
underflow!6.27324e-05
pos   0.451677 6.27324e-05   0.0335892    0.993767   0.0432359    0.317715
underflow!1.79089e-06
pos   0.462835    0.103508   0.0843669    0.982497 1.79089e-06   0.0485447
underflow!0.00137021
pos  0.358982  0.0868344   0.155551   0.955582 0.00137021 0.00128431
underflow!0.000583766
pos   0.467732    0.205058    0.434862    0.808686 0.000583766    0.381616
underflow!0.000160146
pos   0.468501 0.000160146   0.0227678    0.979779  3.7084e-05   0.0135274
underflow!3.7084e-05
pos   0.468501 0.000160146   0.0227678    0.979779  3.7084e-05   0.0135274
underflow!7.88411e-07
pos   0.444266    0.245651      0.2808     0.94063 7.88411e-07   0.0611518
underflow!0.00133223
pos  0.332214   0.222501  0.0403686   0.955272 0.00133223   0.062983
underflow!0.000723293
pos   0.373106   0.0392556    0.169515    0.818757 0.000723293   0.0050975
underflow!0.0040069
pos  0.351834  0.0040069 0.00706795   0.984622  0.0396636  0.0162816
overflow!
underflow!0.00448661
pos  0.354984  0.0288796   0.154981   0.881245 0.00448661  0.0252271
underflow!0.00427108
pos  0.645082 0.00835713     0.1945    0.96861 0.00427108   0.123526
Updating Weight Matrix!
GBVEC AND COST:  0.538281  0.0268492   0.152326   0.922507  0.0243666   0.112869 0.00601308
Chkpt reached!
new weight matrix:
  0.0133304           0           0           0           0           0           0           0           0           0           0
          0   0.0495172           0           0           0           0           0           0           0           0           0
          0           0 7.22049e-06           0           0           0           0           0           0           0           0
          0           0           0 0.000491524           0           0           0           0           0           0           0
          0           0           0           0     3792.24           0           0           0           0           0           0
          0           0           0           0           0 0.000136605           0           0           0           0           0
          0           0           0           0           0           0    0.887881           0           0           0           0
          0           0           0           0           0           0           0 0.000597084           0           0           0
          0           0           0           0           0           0           0           0    0.406935           0           0
          0           0           0           0           0           0           0           0           0 0.000553789           0
          0           0           0           0           0           0           0           0           0           0 5.26756e-07

underflow!9.76533e-08
pos   0.359159 9.76533e-08   0.0385579    0.993958   0.0153372    0.105618
underflow!7.04303e-05
pos   0.615789   0.0015673   0.0779721    0.924228 7.04303e-05    0.041562
underflow!2.74432e-31
pos   0.506748  0.00266666    0.246771    0.958751 2.74432e-31   0.0449784
underflow!0.00266666
pos   0.506748  0.00266666    0.246771    0.958751 2.74432e-31   0.0449784
underflow!6.49475e-16
pos   0.545627   0.0556348   0.0892212    0.851301 6.49475e-16     0.15377
underflow!0.00206114
pos   0.613238  0.00206114    0.183172    0.601704 1.07821e-07   0.0771124
underflow!0.000934359
pos   0.485592 1.42362e-16    0.271136    0.965648 0.000934359    0.212514
overflow!
underflow!1.2638e-13
pos   0.443795 1.41483e-05    0.066157    0.998486  1.2638e-13    0.164101
underflow!3.08819e-10
pos   0.523458 3.08819e-10   0.0511366    0.937185 0.000231891    0.157122
underflow!0.000231891
pos   0.523458 3.08819e-10   0.0511366    0.937185 0.000231891    0.157122
underflow!8.36258e-10
pos   0.727382 6.22247e-07     0.37398     0.88685 8.36258e-10    0.205536
underflow!5.95476e-14
pos   0.735713 5.95476e-14   0.0557626    0.875745 4.42109e-08    0.174012
underflow!4.42109e-08
pos   0.735713 5.95476e-14   0.0557626    0.875745 4.42109e-08    0.174012
underflow!4.03638e-07
pos   0.564495   0.0400242   0.0704659     0.99989 4.03638e-07     0.27873
underflow!4.12826e-05
pos   0.604263  0.00365048    0.160139    0.997757 4.12826e-05   0.0105313
underflow!0.00271287
pos   0.715319  0.00271287    0.216067    0.884263 4.30121e-05   0.0027825
overflow!
underflow!0.000577452
pos    0.52554   0.0736831    0.140784    0.908967 0.000577452    0.350201
underflow!4.75304e-11
pos    0.48216  0.00816916     0.12278    0.975665 4.75304e-11   0.0650962
underflow!0.000211336
pos   0.472484 1.92961e-11    0.073511    0.999194 0.000211336    0.110853
overflow!
underflow!1.92961e-11
pos   0.472484 1.92961e-11    0.073511    0.999194 0.000211336    0.110853
underflow!5.53141e-08
pos   0.647548 7.47908e-08   0.0400342    0.856179 5.53141e-08   0.0463633
underflow!7.47908e-08
pos   0.647548 7.47908e-08   0.0400342    0.856179 5.53141e-08   0.0463633
underflow!0.000633507
pos   0.491912 0.000633507    0.168744    0.883203     0.44433   0.0712273
underflow!0.00155824
pos  0.565285 2.7266e-07   0.380862   0.936807 0.00155824  0.0805079
overflow!
underflow!1.10066e-15
pos   0.684818 2.69688e-07    0.152897    0.702785 1.10066e-15    0.156233
underflow!1.74493e-05
pos   0.559252   0.0938642     0.22947    0.738552 1.74493e-05   0.0430104
underflow!7.03407e-17
pos   0.563274 0.000519426     0.17169    0.973537 7.03407e-17    0.167547
underflow!0.000519426
pos   0.563274 0.000519426     0.17169    0.973537 7.03407e-17    0.167547
underflow!0.000110338
pos   0.681524 0.000110338    0.176274    0.899242 0.000524806    0.188146
underflow!9.76108e-10
pos    0.58279 9.76108e-10    0.274652    0.991403 1.73103e-10   0.0349247
underflow!5.53174e-15
pos   0.524812 0.000173255   0.0204301    0.986292 5.53174e-15    0.108502
underflow!0.000115635
pos    0.35597  0.00152751   0.0189381     0.78779 0.000115635    0.423044
overflow!
underflow!1.17277e-06
pos   0.498672    0.177158    0.471909    0.949687 1.17277e-06    0.354064
underflow!7.11011e-07
pos   0.471344 7.11011e-07   0.0401444     0.99263  1.5776e-06    0.144458
underflow!3.48255e-09
pos   0.550139 3.48255e-09   0.0636349    0.992812    0.178711   0.0150479
overflow!
underflow!6.58577e-18
pos   0.498982   0.0478746    0.211412    0.915717 6.58577e-18   0.0691744
overflow!
underflow!0.00381566
pos  0.652858 0.00381566   0.249832   0.986043 0.00345153   0.165304
underflow!0.00345153
pos  0.652858 0.00381566   0.249832   0.986043 0.00345153   0.165304
underflow!0.00443518
pos  0.329823   0.015862   0.174187   0.983165 0.00443518  0.0983189
GBMAT after targeted PSO:
  0.515996  0.0603199   0.103199   0.896801    0.05516  0.0722394    153.399
  0.515996  0.0603199   0.103199   0.896801    0.05516  0.0722394    153.399
  0.505676  0.0712061   0.103199   0.909894  0.0452597  0.0750328    92.3135
  0.505676  0.0712061   0.103199   0.909894  0.0452597  0.0750328  0.0596092
  0.505676  0.0712061   0.103199   0.909894  0.0452597  0.0750328  0.0596092
  0.505676  0.0712061   0.103199   0.909894  0.0452597  0.0750328  0.0625064
  0.505676  0.0712061   0.103199   0.909894  0.0452597  0.0750328  0.0625064
  0.559513 0.00484014    0.16281    0.91531  0.0173342   0.133304  0.0110434
  0.538281  0.0268492   0.152326   0.922507  0.0243666   0.112869 0.00601308
  0.538281  0.0268492   0.152326   0.922507  0.0243666   0.112869 0.00495656
  0.538281  0.0268492   0.152326   0.922507  0.0243666   0.112869 0.00495656
  0.538281  0.0268492   0.152326   0.922507  0.0243666   0.112869 0.00495656
  0.538281  0.0268492   0.152326   0.922507  0.0243666   0.112869 0.00495656
  0.585878  0.0259194   0.150811   0.913217   0.019856    0.10494 0.00236292
  0.590931  0.0255821   0.150879   0.910097  0.0205684   0.107284 0.00140119
  0.561922  0.0236803   0.152272   0.910398    0.02058   0.108145  0.0010852
truk:  0.515996 0.0603199  0.103199  0.896801   0.05516 0.0722394
total difference b/w truk and final GBVEC:0.00852966
Wt:
  0.0133304           0           0           0           0           0           0           0           0           0           0
          0   0.0495172           0           0           0           0           0           0           0           0           0
          0           0 7.22049e-06           0           0           0           0           0           0           0           0
          0           0           0 0.000491524           0           0           0           0           0           0           0
          0           0           0           0     3792.24           0           0           0           0           0           0
          0           0           0           0           0 0.000136605           0           0           0           0           0
          0           0           0           0           0           0    0.887881           0           0           0           0
          0           0           0           0           0           0           0 0.000597084           0           0           0
          0           0           0           0           0           0           0           0    0.406935           0           0
          0           0           0           0           0           0           0           0           0 0.000553789           0
          0           0           0           0           0           0           0           0           0           0 5.26756e-07
CODE FINISHED RUNNING IN 128 s TIME!
Job Statistics for 1982210:
           JobID       User               Start                 End    Elapsed     MaxRSS   TotalCPU      State Exit        NodeList                                  ReqTRES 
---------------- ---------- ------------------- ------------------- ---------- ---------- ---------- ---------- ---- --------------- ---------------------------------------- 
         1982210   rsjxw007 2021-08-19T18:21:22 2021-08-19T18:23:34   00:02:12             02:08.255  COMPLETED  0:0   r1pl-hpcf-n26         billing=1,cpu=1,mem=7812M,node=1 
   1982210.batch            2021-08-19T18:21:22 2021-08-19T18:23:34   00:02:12      2.66M  02:08.253  COMPLETED  0:0   r1pl-hpcf-n26                                          
  1982210.extern            2021-08-19T18:21:22 2021-08-19T18:23:34   00:02:12          0  00:00.001  COMPLETED  0:0   r1pl-hpcf-n26                                          
CPU Efficiency: 96.97% of 00:02:12 core-walltime
