PSO_S_ODE_NonLinear
Using two part PSO
Bounds for Uniform Distribution0,1
PSO using 27 moments.
Sample Size:25000 Nparts:300 Nsteps:40
using tf:48.45
mu: 80 120  85
covarMat:
 50   0   0
  0 100   0
  0   0  50

Yt:  5.55407   1.68087  0.791511   0.33499   2.80738   6.43415   77.4799   55.5709   1.82712  0.133811   67.9473   84.3117  0.229762   3.31422   2.29908   5.84307   39.9994   4.85757 0.0990741   60.5275   20.7435  0.251084   6.93577   11.1615  0.483969   2.52456   34.4296
seedk: 0.100985   0.65189  0.239388  0.719968   0.58454 0.0476605| cost:3759.72
Xt: 5.55251  3.48474 0.859775 0.790104  5.13462   4.1549  75.8043   72.867  1.86912 0.798952  94.6004  43.7893  7.57896  5.52344  6.06824  19.1706  27.4009  6.67409  1.95911  81.5002  31.1017 0.899422  9.44263  9.04118  3.65748  4.41521  44.5581
PSO begins!
underflow!0.000441515
pos   0.492511 0.000441515   0.0653577    0.842791    0.636384    0.761426
underflow!6.45509e-06
pos   0.598412    0.766061    0.240538    0.985556   0.0807115 6.45509e-06
