PSO_S_ODE_NonLinear
Using two part PSO Sample Size:5000 with:27 moments.
Using Record Time:48.45
Bounds for Uniform Distribution (0,1)
Blind PSO --> nParts:2000 Nsteps:15
Targeted PSO --> nParts:15 Nsteps:1000
sdbeta:0.1
mu: 80 120  85
covarMat:
 50   0   0
  0 100   0
  0   0  50

Yt:  3.86782    3.6364    2.3557  0.126721   6.11882   3.32285   52.9104   106.758    10.564 0.0189852   143.975   20.9996  0.745852   9.76412  0.655677   11.1656    13.927   12.8603  0.147368   119.766   17.8456  0.309057   23.7333    14.893   0.47541   0.43825   33.1769
XtA:  3.94003   3.35009   2.41205  0.129582   5.89172   3.40392   52.7105   99.7197   11.2166 0.0196014    137.12   22.2664  0.763663   9.72969  0.671145   11.1645   13.8765   12.6149  0.143182   112.478   17.5093  0.324096   24.1556   15.8023   0.48688  0.459583   33.7712
seedk: 0.831306  0.254985  0.875434 0.0620327  0.068593  0.210002| cost:6485.84
Xt: 5.42107  1.72432 0.931011  2.75927   5.4146  3.88103  70.8279  56.7354  2.44484  9.75033  93.3261   42.485    1.266  5.05683  16.4749  22.7977  21.0804  4.51782  3.71343  64.9666  18.8323  3.96652  10.9292  10.1916  17.4303  16.5351   45.559
PSO begins!
