PSO_S_ODE_NonLinear
first weight
  0.0140339           0           0           0           0           0           0           0           0           0           0           0           0           0           0           0           0           0           0           0           0           0           0           0           0           0           0
          0  0.00470751           0           0           0           0           0           0           0           0           0           0           0           0           0           0           0           0           0           0           0           0           0           0           0           0           0
          0           0   0.0715945           0           0           0           0           0           0           0           0           0           0           0           0           0           0           0           0           0           0           0           0           0           0           0           0
          0           0           0     214.374           0           0           0           0           0           0           0           0           0           0           0           0           0           0           0           0           0           0           0           0           0           0           0
          0           0           0           0   0.0040412           0           0           0           0           0           0           0           0           0           0           0           0           0           0           0           0           0           0           0           0           0           0
          0           0           0           0           0    0.120924           0           0           0           0           0           0           0           0           0           0           0           0           0           0           0           0           0           0           0           0           0
          0           0           0           0           0           0 7.77318e-06           0           0           0           0           0           0           0           0           0           0           0           0           0           0           0           0           0           0           0           0
          0           0           0           0           0           0           0 5.13019e-07           0           0           0           0           0           0           0           0           0           0           0           0           0           0           0           0           0           0           0
          0           0           0           0           0           0           0           0 0.000285998           0           0           0           0           0           0           0           0           0           0           0           0           0           0           0           0           0           0
          0           0           0           0           0           0           0           0           0     6525.34           0           0           0           0           0           0           0           0           0           0           0           0           0           0           0           0           0
          0           0           0           0           0           0           0           0           0           0 4.32682e-07           0           0           0           0           0           0           0           0           0           0           0           0           0           0           0           0
          0           0           0           0           0           0           0           0           0           0           0 0.000797632           0           0           0           0           0           0           0           0           0           0           0           0           0           0           0
          0           0           0           0           0           0           0           0           0           0           0           0    0.871959           0           0           0           0           0           0           0           0           0           0           0           0           0           0
          0           0           0           0           0           0           0           0           0           0           0           0           0 0.000467683           0           0           0           0           0           0           0           0           0           0           0           0           0
          0           0           0           0           0           0           0           0           0           0           0           0           0           0    0.580523           0           0           0           0           0           0           0           0           0           0           0           0
          0           0           0           0           0           0           0           0           0           0           0           0           0           0           0  0.00044299           0           0           0           0           0           0           0           0           0           0           0
          0           0           0           0           0           0           0           0           0           0           0           0           0           0           0           0 0.000573783           0           0           0           0           0           0           0           0           0           0
          0           0           0           0           0           0           0           0           0           0           0           0           0           0           0           0           0 0.000127091           0           0           0           0           0           0           0           0           0
          0           0           0           0           0           0           0           0           0           0           0           0           0           0           0           0           0           0     10.7031           0           0           0           0           0           0           0           0
          0           0           0           0           0           0           0           0           0           0           0           0           0           0           0           0           0           0           0 4.73805e-07           0           0           0           0           0           0           0
          0           0           0           0           0           0           0           0           0           0           0           0           0           0           0           0           0           0           0           0 0.000258953           0           0           0           0           0           0
          0           0           0           0           0           0           0           0           0           0           0           0           0           0           0           0           0           0           0           0           0     3.96719           0           0           0           0           0
          0           0           0           0           0           0           0           0           0           0           0           0           0           0           0           0           0           0           0           0           0           0 6.27436e-05           0           0           0           0
          0           0           0           0           0           0           0           0           0           0           0           0           0           0           0           0           0           0           0           0           0           0           0 0.000489735           0           0           0
          0           0           0           0           0           0           0           0           0           0           0           0           0           0           0           0           0           0           0           0           0           0           0           0     2.66668           0           0
          0           0           0           0           0           0           0           0           0           0           0           0           0           0           0           0           0           0           0           0           0           0           0           0           0     5.89647           0
          0           0           0           0           0           0           0           0           0           0           0           0           0           0           0           0           0           0           0           0           0           0           0           0           0           0 0.000123136
Using two part PSO Sample Size:5000 with:27 moments.
Using Times:10 20 30 40 50
Bounds for Uniform Distribution (0,1)
Blind PSO --> nParts:5000 Nsteps:10
Targeted PSO --> nParts:10 Nsteps:400
sdbeta:0.1
Reading in data!
Using starting row of data:0 and 5000 data pts!
first row X0: 8.83545  7.57343 0.396305  8.83545  7.57343 0.396305
final row X0:1.63756  4.1577 4.69516 1.63756  4.1577 4.69516



Loading in Truk!
Calculating Yt!
truk cost:0.03516
seedk: 0.966058  0.199966  0.103199  0.896801   0.05516 0.0722394| cost:0.037206
PSO begins!
overflow!
overflow!
overflow!
overflow!
underflow!0.000811445
pos0.000811445     0.91885    0.103199    0.896801     0.05516   0.0722394
overflow!
overflow!
overflow!
underflow!0.000279998
pos   0.164992 0.000279998    0.103199    0.896801     0.05516   0.0722394
underflow!0.000988743
pos   0.611016 0.000988743    0.103199    0.896801     0.05516   0.0722394
overflow!
overflow!
underflow!0.000230406
pos0.000230406    0.284402    0.103199    0.896801     0.05516   0.0722394
underflow!0.00306371
pos  0.935887 0.00306371   0.103199   0.896801    0.05516  0.0722394
overflow!
underflow!0.000566056
pos   0.564924 0.000566056    0.103199    0.896801     0.05516   0.0722394
overflow!
overflow!
underflow!0.00137794
pos 0.0774958 0.00137794   0.103199   0.896801    0.05516  0.0722394
underflow!0.000354942
pos   0.875474 0.000354942    0.103199    0.896801     0.05516   0.0722394
overflow!
underflow!0.00246747
pos  0.152974 0.00246747   0.103199   0.896801    0.05516  0.0722394
underflow!0.00100234
pos  0.416338 0.00100234   0.103199   0.896801    0.05516  0.0722394
underflow!0.00131184
pos0.00131184   0.215538   0.103199   0.896801    0.05516  0.0722394
overflow!
overflow!
overflow!
overflow!
underflow!0.00270569
pos0.00270569   0.752904   0.103199   0.896801    0.05516  0.0722394
underflow!0.000196872
pos0.000196872    0.859797    0.103199    0.896801     0.05516   0.0722394
overflow!
overflow!
underflow!0.00401923
pos0.00401923   0.259889   0.103199   0.896801    0.05516  0.0722394
overflow!
underflow!0.0028609
pos0.0028609  0.811007  0.103199  0.896801   0.05516 0.0722394
underflow!0.00374071
pos   0.45288 0.00374071   0.103199   0.896801    0.05516  0.0722394
underflow!0.00482803
pos  0.605071 0.00482803   0.103199   0.896801    0.05516  0.0722394
overflow!
overflow!
overflow!
underflow!0.00208623
pos0.00208623   0.404622   0.103199   0.896801    0.05516  0.0722394
overflow!
underflow!0.00391657
pos  0.800424 0.00391657   0.103199   0.896801    0.05516  0.0722394
underflow!0.000978848
pos  0.0294463 0.000978848    0.103199    0.896801     0.05516   0.0722394
overflow!
overflow!
overflow!
underflow!0.00381515
pos  0.504101 0.00381515   0.103199   0.896801    0.05516  0.0722394
overflow!
overflow!
underflow!0.00433559
pos 0.0494613 0.00433559   0.103199   0.896801    0.05516  0.0722394
underflow!0.00241971
pos  0.564848 0.00241971   0.103199   0.896801    0.05516  0.0722394
underflow!0.003898
pos 0.333939  0.003898  0.103199  0.896801   0.05516 0.0722394
overflow!
overflow!
underflow!0.000412109
pos0.000412109    0.878473    0.103199    0.896801     0.05516   0.0722394
overflow!
overflow!
underflow!0.000165866
pos0.000165866    0.419341    0.103199    0.896801     0.05516   0.0722394
overflow!
overflow!
overflow!
overflow!
overflow!
overflow!
underflow!0.000649089
pos    0.54605 0.000649089    0.103199    0.896801     0.05516   0.0722394
overflow!
underflow!0.00351057
pos0.00351057   0.608495   0.103199   0.896801    0.05516  0.0722394
overflow!
overflow!
overflow!
underflow!0.00116075
pos0.00116075   0.486038   0.103199   0.896801    0.05516  0.0722394
underflow!0.00361133
pos  0.453505 0.00361133   0.103199   0.896801    0.05516  0.0722394
underflow!0.00239614
pos0.00239614   0.708919   0.103199   0.896801    0.05516  0.0722394
overflow!
overflow!
underflow!0.000591405
pos0.000591405    0.059352    0.103199    0.896801     0.05516   0.0722394
underflow!0.000589613
pos0.000589613    0.960503    0.103199    0.896801     0.05516   0.0722394
overflow!
underflow!0.00341373
pos  0.120294 0.00341373   0.103199   0.896801    0.05516  0.0722394
underflow!0.0040218
pos0.0040218  0.367962  0.103199  0.896801   0.05516 0.0722394
overflow!
overflow!
underflow!0.000334271
pos0.000334271    0.924362    0.103199    0.896801     0.05516   0.0722394
overflow!
overflow!
overflow!
overflow!
overflow!
overflow!
overflow!
underflow!0.000484276
pos    0.24276 0.000484276    0.103199    0.896801     0.05516   0.0722394
underflow!0.00486308
pos  0.558856 0.00486308   0.103199   0.896801    0.05516  0.0722394
underflow!0.00117177
pos  0.982722 0.00117177   0.103199   0.896801    0.05516  0.0722394
underflow!0.00221445
pos    0.7139 0.00221445   0.103199   0.896801    0.05516  0.0722394
underflow!0.00272353
pos  0.128025 0.00272353   0.103199   0.896801    0.05516  0.0722394
underflow!0.00421561
pos  0.519404 0.00421561   0.103199   0.896801    0.05516  0.0722394
underflow!0.00337574
pos  0.502644 0.00337574   0.103199   0.896801    0.05516  0.0722394
underflow!0.00480238
pos  0.469794 0.00480238   0.103199   0.896801    0.05516  0.0722394
underflow!0.00425988
pos  0.513942 0.00425988   0.103199   0.896801    0.05516  0.0722394
underflow!0.000774551
pos  0.0809245 0.000774551    0.103199    0.896801     0.05516   0.0722394
underflow!0.00362522
pos  0.599549 0.00362522   0.103199   0.896801    0.05516  0.0722394
underflow!0.00401086
pos  0.440733 0.00401086   0.103199   0.896801    0.05516  0.0722394
underflow!0.00243899
pos  0.250026 0.00243899   0.103199   0.896801    0.05516  0.0722394
GBMAT from blind PSO:

 0.966058  0.199966  0.103199  0.896801   0.05516 0.0722394  0.037206
 0.966058  0.199966  0.103199  0.896801   0.05516 0.0722394  0.037206
 0.455896 0.0425258  0.103199  0.896801   0.05516 0.0722394 0.0348703
  0.46062 0.0451948  0.103199  0.896801   0.05516 0.0722394 0.0347553
 0.459849 0.0446587  0.103199  0.896801   0.05516 0.0722394 0.0347412
 0.691351   0.12093  0.102942  0.895433 0.0547471 0.0731832  0.027111
 0.593052 0.0804294  0.102526  0.894081 0.0543938 0.0742427 0.0158498
 0.604037 0.0833444  0.102393  0.893995 0.0543953 0.0743002  0.015608
 0.603208 0.0824878  0.102131  0.895527   0.05447 0.0738798 0.0149857
 0.569484 0.0746882  0.101855  0.895688  0.054804 0.0734931 0.0149111
 0.575688 0.0753209  0.101868   0.89625 0.0546546 0.0733943 0.0145963

truk:  0.515996 0.0603199  0.103199  0.896801   0.05516 0.0722394
total difference b/w truk and final GBVEC0.00379182

blind PSO FINISHED RUNNING IN 35929 s TIME!
targeted PSO has started!
Updating Weight Matrix!
GBVEC AND COST: 0.575688 0.0753209  0.101868   0.89625 0.0546546 0.0733943 0.0145963
New PBMAT:
  0.559891   0.114909   0.154405   0.865637  0.0071526   0.039729    4.91139
  0.664822  0.0236215   0.162307   0.883525  0.0259422   0.113483    2.39654
   0.53632    0.11861  0.0404309   0.934588  0.0531156   0.164066    19.1204
  0.570757  0.0853071   0.143895   0.913242   0.143924   0.159179    14.9456
  0.656951   0.166869   0.136193   0.903129   0.079498  0.0323685    99.1501
   0.52091  0.0621757   0.119208   0.937761  0.0651346   0.167403    1.85341
  0.599064  0.0729309   0.107478   0.965159  0.0492183  0.0475208    1.46429
  0.589663  0.0353513   0.131615   0.905025   0.157928  0.0519789    222.658
  0.544866  0.0759119   0.179978   0.964064   0.158285  0.0173672    2769.58
   0.57667  0.0296782  0.0849973   0.795359 0.00321929    0.11534    6.72172

Updating Weight Matrix!
GBVEC AND COST: 0.575688 0.0753209  0.101868   0.89625 0.0546546 0.0733943 0.0145709
Updating Weight Matrix!
GBVEC AND COST: 0.515526 0.0578155  0.101563  0.896157 0.0547502  0.072948 0.0143163
Updating Weight Matrix!
GBVEC AND COST: 0.509859 0.0567586  0.101133  0.895355 0.0549481 0.0724539 0.0142406
Updating Weight Matrix!
GBVEC AND COST: 0.505579 0.0553558  0.101117  0.895376 0.0549481 0.0724275 0.0142324
GBMAT after targeted PSO:
 0.966058  0.199966  0.103199  0.896801   0.05516 0.0722394  0.037206
 0.966058  0.199966  0.103199  0.896801   0.05516 0.0722394  0.037206
 0.455896 0.0425258  0.103199  0.896801   0.05516 0.0722394 0.0348703
  0.46062 0.0451948  0.103199  0.896801   0.05516 0.0722394 0.0347553
 0.459849 0.0446587  0.103199  0.896801   0.05516 0.0722394 0.0347412
 0.691351   0.12093  0.102942  0.895433 0.0547471 0.0731832  0.027111
 0.593052 0.0804294  0.102526  0.894081 0.0543938 0.0742427 0.0158498
 0.604037 0.0833444  0.102393  0.893995 0.0543953 0.0743002  0.015608
 0.603208 0.0824878  0.102131  0.895527   0.05447 0.0738798 0.0149857
 0.569484 0.0746882  0.101855  0.895688  0.054804 0.0734931 0.0149111
 0.575688 0.0753209  0.101868   0.89625 0.0546546 0.0733943 0.0145963
 0.575688 0.0753209  0.101868   0.89625 0.0546546 0.0733943 0.0145709
 0.575688 0.0753209  0.101868   0.89625 0.0546546 0.0733943 0.0145709
 0.575688 0.0753209  0.101868   0.89625 0.0546546 0.0733943 0.0145709
 0.575688 0.0753209  0.101868   0.89625 0.0546546 0.0733943 0.0145709
 0.575688 0.0753209  0.101868   0.89625 0.0546546 0.0733943 0.0145709
 0.575688 0.0753209  0.101868   0.89625 0.0546546 0.0733943 0.0145709
 0.575688 0.0753209  0.101868   0.89625 0.0546546 0.0733943 0.0145709
 0.575688 0.0753209  0.101868   0.89625 0.0546546 0.0733943 0.0145709
 0.575688 0.0753209  0.101868   0.89625 0.0546546 0.0733943 0.0145709
 0.575688 0.0753209  0.101868   0.89625 0.0546546 0.0733943 0.0145709
 0.575688 0.0753209  0.101868   0.89625 0.0546546 0.0733943 0.0145709
 0.575688 0.0753209  0.101868   0.89625 0.0546546 0.0733943 0.0145709
 0.575688 0.0753209  0.101868   0.89625 0.0546546 0.0733943 0.0145709
 0.575688 0.0753209  0.101868   0.89625 0.0546546 0.0733943 0.0145709
 0.575688 0.0753209  0.101868   0.89625 0.0546546 0.0733943 0.0145709
 0.575688 0.0753209  0.101868   0.89625 0.0546546 0.0733943 0.0145709
 0.575688 0.0753209  0.101868   0.89625 0.0546546 0.0733943 0.0145709
 0.575688 0.0753209  0.101868   0.89625 0.0546546 0.0733943 0.0145709
 0.575688 0.0753209  0.101868   0.89625 0.0546546 0.0733943 0.0145709
 0.575688 0.0753209  0.101868   0.89625 0.0546546 0.0733943 0.0145709
 0.575688 0.0753209  0.101868   0.89625 0.0546546 0.0733943 0.0145709
 0.575688 0.0753209  0.101868   0.89625 0.0546546 0.0733943 0.0145709
 0.575688 0.0753209  0.101868   0.89625 0.0546546 0.0733943 0.0145709
 0.575688 0.0753209  0.101868   0.89625 0.0546546 0.0733943 0.0145709
 0.575688 0.0753209  0.101868   0.89625 0.0546546 0.0733943 0.0145709
 0.575688 0.0753209  0.101868   0.89625 0.0546546 0.0733943 0.0145709
 0.575688 0.0753209  0.101868   0.89625 0.0546546 0.0733943 0.0145709
 0.575688 0.0753209  0.101868   0.89625 0.0546546 0.0733943 0.0145709
 0.575688 0.0753209  0.101868   0.89625 0.0546546 0.0733943 0.0145709
 0.575688 0.0753209  0.101868   0.89625 0.0546546 0.0733943 0.0145709
 0.575688 0.0753209  0.101868   0.89625 0.0546546 0.0733943 0.0145709
 0.575688 0.0753209  0.101868   0.89625 0.0546546 0.0733943 0.0145709
 0.575688 0.0753209  0.101868   0.89625 0.0546546 0.0733943 0.0145709
 0.575688 0.0753209  0.101868   0.89625 0.0546546 0.0733943 0.0145709
 0.575688 0.0753209  0.101868   0.89625 0.0546546 0.0733943 0.0145709
 0.575688 0.0753209  0.101868   0.89625 0.0546546 0.0733943 0.0145709
 0.575688 0.0753209  0.101868   0.89625 0.0546546 0.0733943 0.0145709
 0.575688 0.0753209  0.101868   0.89625 0.0546546 0.0733943 0.0145709
 0.575688 0.0753209  0.101868   0.89625 0.0546546 0.0733943 0.0145709
 0.575688 0.0753209  0.101868   0.89625 0.0546546 0.0733943 0.0145709
 0.575688 0.0753209  0.101868   0.89625 0.0546546 0.0733943 0.0145709
 0.575688 0.0753209  0.101868   0.89625 0.0546546 0.0733943 0.0145709
 0.575688 0.0753209  0.101868   0.89625 0.0546546 0.0733943 0.0145709
 0.575688 0.0753209  0.101868   0.89625 0.0546546 0.0733943 0.0145709
 0.575688 0.0753209  0.101868   0.89625 0.0546546 0.0733943 0.0145709
 0.575688 0.0753209  0.101868   0.89625 0.0546546 0.0733943 0.0145709
 0.575688 0.0753209  0.101868   0.89625 0.0546546 0.0733943 0.0145709
 0.575688 0.0753209  0.101868   0.89625 0.0546546 0.0733943 0.0145709
 0.575688 0.0753209  0.101868   0.89625 0.0546546 0.0733943 0.0145709
 0.575688 0.0753209  0.101868   0.89625 0.0546546 0.0733943 0.0145709
 0.575688 0.0753209  0.101868   0.89625 0.0546546 0.0733943 0.0145709
 0.575688 0.0753209  0.101868   0.89625 0.0546546 0.0733943 0.0145709
 0.575688 0.0753209  0.101868   0.89625 0.0546546 0.0733943 0.0145709
 0.575688 0.0753209  0.101868   0.89625 0.0546546 0.0733943 0.0145709
 0.575688 0.0753209  0.101868   0.89625 0.0546546 0.0733943 0.0145709
 0.575688 0.0753209  0.101868   0.89625 0.0546546 0.0733943 0.0145709
 0.575688 0.0753209  0.101868   0.89625 0.0546546 0.0733943 0.0145709
 0.575688 0.0753209  0.101868   0.89625 0.0546546 0.0733943 0.0145709
 0.575688 0.0753209  0.101868   0.89625 0.0546546 0.0733943 0.0145709
 0.575688 0.0753209  0.101868   0.89625 0.0546546 0.0733943 0.0145709
 0.575688 0.0753209  0.101868   0.89625 0.0546546 0.0733943 0.0145709
 0.575688 0.0753209  0.101868   0.89625 0.0546546 0.0733943 0.0145709
 0.575688 0.0753209  0.101868   0.89625 0.0546546 0.0733943 0.0145709
 0.575688 0.0753209  0.101868   0.89625 0.0546546 0.0733943 0.0145709
 0.575688 0.0753209  0.101868   0.89625 0.0546546 0.0733943 0.0145709
 0.575688 0.0753209  0.101868   0.89625 0.0546546 0.0733943 0.0145709
 0.575688 0.0753209  0.101868   0.89625 0.0546546 0.0733943 0.0145709
 0.575688 0.0753209  0.101868   0.89625 0.0546546 0.0733943 0.0145709
 0.575688 0.0753209  0.101868   0.89625 0.0546546 0.0733943 0.0145709
 0.575688 0.0753209  0.101868   0.89625 0.0546546 0.0733943 0.0145709
 0.575688 0.0753209  0.101868   0.89625 0.0546546 0.0733943 0.0145709
 0.575688 0.0753209  0.101868   0.89625 0.0546546 0.0733943 0.0145709
 0.575688 0.0753209  0.101868   0.89625 0.0546546 0.0733943 0.0145709
 0.575688 0.0753209  0.101868   0.89625 0.0546546 0.0733943 0.0145709
 0.575688 0.0753209  0.101868   0.89625 0.0546546 0.0733943 0.0145709
 0.575688 0.0753209  0.101868   0.89625 0.0546546 0.0733943 0.0145709
 0.575688 0.0753209  0.101868   0.89625 0.0546546 0.0733943 0.0145709
 0.575688 0.0753209  0.101868   0.89625 0.0546546 0.0733943 0.0145709
 0.575688 0.0753209  0.101868   0.89625 0.0546546 0.0733943 0.0145709
 0.575688 0.0753209  0.101868   0.89625 0.0546546 0.0733943 0.0145709
 0.575688 0.0753209  0.101868   0.89625 0.0546546 0.0733943 0.0145709
 0.575688 0.0753209  0.101868   0.89625 0.0546546 0.0733943 0.0145709
 0.575688 0.0753209  0.101868   0.89625 0.0546546 0.0733943 0.0145709
 0.575688 0.0753209  0.101868   0.89625 0.0546546 0.0733943 0.0145709
 0.575688 0.0753209  0.101868   0.89625 0.0546546 0.0733943 0.0145709
 0.575688 0.0753209  0.101868   0.89625 0.0546546 0.0733943 0.0145709
 0.575688 0.0753209  0.101868   0.89625 0.0546546 0.0733943 0.0145709
 0.575688 0.0753209  0.101868   0.89625 0.0546546 0.0733943 0.0145709
 0.575688 0.0753209  0.101868   0.89625 0.0546546 0.0733943 0.0145709
 0.575688 0.0753209  0.101868   0.89625 0.0546546 0.0733943 0.0145709
 0.575688 0.0753209  0.101868   0.89625 0.0546546 0.0733943 0.0145709
 0.575688 0.0753209  0.101868   0.89625 0.0546546 0.0733943 0.0145709
 0.575688 0.0753209  0.101868   0.89625 0.0546546 0.0733943 0.0145709
 0.575688 0.0753209  0.101868   0.89625 0.0546546 0.0733943 0.0145709
 0.575688 0.0753209  0.101868   0.89625 0.0546546 0.0733943 0.0145709
 0.575688 0.0753209  0.101868   0.89625 0.0546546 0.0733943 0.0145709
 0.534943 0.0646217  0.101469  0.896081 0.0547663 0.0728478 0.0144182
 0.534943 0.0646217  0.101469  0.896081 0.0547663 0.0728478 0.0144182
 0.534943 0.0646217  0.101469  0.896081 0.0547663 0.0728478 0.0144182
 0.534943 0.0646217  0.101469  0.896081 0.0547663 0.0728478 0.0144182
 0.534943 0.0646217  0.101469  0.896081 0.0547663 0.0728478 0.0144182
 0.513626 0.0576091  0.101579  0.896169 0.0547475 0.0729645  0.014347
 0.513626 0.0576091  0.101579  0.896169 0.0547475 0.0729645  0.014347
 0.513626 0.0576091  0.101579  0.896169 0.0547475 0.0729645  0.014347
 0.513626 0.0576091  0.101579  0.896169 0.0547475 0.0729645  0.014347
 0.513626 0.0576091  0.101579  0.896169 0.0547475 0.0729645  0.014347
 0.513626 0.0576091  0.101579  0.896169 0.0547475 0.0729645  0.014347
 0.513626 0.0576091  0.101579  0.896169 0.0547475 0.0729645  0.014347
 0.513626 0.0576091  0.101579  0.896169 0.0547475 0.0729645  0.014347
 0.513626 0.0576091  0.101579  0.896169 0.0547475 0.0729645  0.014347
 0.513626 0.0576091  0.101579  0.896169 0.0547475 0.0729645  0.014347
 0.513626 0.0576091  0.101579  0.896169 0.0547475 0.0729645  0.014347
 0.513626 0.0576091  0.101579  0.896169 0.0547475 0.0729645  0.014347
 0.515526 0.0578155  0.101563  0.896157 0.0547502  0.072948 0.0143163
 0.515526 0.0578155  0.101563  0.896157 0.0547502  0.072948 0.0143163
 0.515526 0.0578155  0.101563  0.896157 0.0547502  0.072948 0.0143163
 0.515526 0.0578155  0.101563  0.896157 0.0547502  0.072948 0.0143163
 0.515526 0.0578155  0.101563  0.896157 0.0547502  0.072948 0.0143163
 0.515526 0.0578155  0.101563  0.896157 0.0547502  0.072948 0.0143163
 0.515526 0.0578155  0.101563  0.896157 0.0547502  0.072948 0.0143163
 0.515526 0.0578155  0.101563  0.896157 0.0547502  0.072948 0.0143163
 0.515526 0.0578155  0.101563  0.896157 0.0547502  0.072948 0.0143163
 0.515526 0.0578155  0.101563  0.896157 0.0547502  0.072948 0.0143163
 0.515526 0.0578155  0.101563  0.896157 0.0547502  0.072948 0.0143163
 0.515526 0.0578155  0.101563  0.896157 0.0547502  0.072948 0.0143163
 0.515526 0.0578155  0.101563  0.896157 0.0547502  0.072948 0.0143163
 0.515526 0.0578155  0.101563  0.896157 0.0547502  0.072948 0.0143163
 0.515526 0.0578155  0.101563  0.896157 0.0547502  0.072948 0.0143163
 0.515526 0.0578155  0.101563  0.896157 0.0547502  0.072948 0.0143163
 0.515526 0.0578155  0.101563  0.896157 0.0547502  0.072948 0.0143163
 0.515526 0.0578155  0.101563  0.896157 0.0547502  0.072948 0.0143163
 0.515526 0.0578155  0.101563  0.896157 0.0547502  0.072948 0.0143163
 0.515526 0.0578155  0.101563  0.896157 0.0547502  0.072948 0.0143163
 0.515526 0.0578155  0.101563  0.896157 0.0547502  0.072948 0.0143163
 0.515526 0.0578155  0.101563  0.896157 0.0547502  0.072948 0.0143163
 0.515526 0.0578155  0.101563  0.896157 0.0547502  0.072948 0.0143163
 0.515526 0.0578155  0.101563  0.896157 0.0547502  0.072948 0.0143163
 0.515526 0.0578155  0.101563  0.896157 0.0547502  0.072948 0.0143163
 0.515526 0.0578155  0.101563  0.896157 0.0547502  0.072948 0.0143163
 0.515526 0.0578155  0.101563  0.896157 0.0547502  0.072948 0.0143163
 0.515526 0.0578155  0.101563  0.896157 0.0547502  0.072948 0.0143163
 0.515526 0.0578155  0.101563  0.896157 0.0547502  0.072948 0.0143163
 0.515526 0.0578155  0.101563  0.896157 0.0547502  0.072948 0.0143215
 0.515526 0.0578155  0.101563  0.896157 0.0547502  0.072948 0.0143215
 0.515526 0.0578155  0.101563  0.896157 0.0547502  0.072948 0.0143215
 0.515526 0.0578155  0.101563  0.896157 0.0547502  0.072948 0.0143215
 0.515526 0.0578155  0.101563  0.896157 0.0547502  0.072948 0.0143215
 0.515526 0.0578155  0.101563  0.896157 0.0547502  0.072948 0.0143215
 0.515526 0.0578155  0.101563  0.896157 0.0547502  0.072948 0.0143215
 0.515526 0.0578155  0.101563  0.896157 0.0547502  0.072948 0.0143215
 0.515526 0.0578155  0.101563  0.896157 0.0547502  0.072948 0.0143215
 0.515526 0.0578155  0.101563  0.896157 0.0547502  0.072948 0.0143215
 0.515526 0.0578155  0.101563  0.896157 0.0547502  0.072948 0.0143215
 0.515526 0.0578155  0.101563  0.896157 0.0547502  0.072948 0.0143215
 0.515526 0.0578155  0.101563  0.896157 0.0547502  0.072948 0.0143215
 0.515526 0.0578155  0.101563  0.896157 0.0547502  0.072948 0.0143215
 0.515526 0.0578155  0.101563  0.896157 0.0547502  0.072948 0.0143215
 0.515526 0.0578155  0.101563  0.896157 0.0547502  0.072948 0.0143215
 0.515526 0.0578155  0.101563  0.896157 0.0547502  0.072948 0.0143215
 0.515526 0.0578155  0.101563  0.896157 0.0547502  0.072948 0.0143215
 0.515526 0.0578155  0.101563  0.896157 0.0547502  0.072948 0.0143215
 0.515526 0.0578155  0.101563  0.896157 0.0547502  0.072948 0.0143215
 0.515526 0.0578155  0.101563  0.896157 0.0547502  0.072948 0.0143215
 0.515526 0.0578155  0.101563  0.896157 0.0547502  0.072948 0.0143215
 0.515526 0.0578155  0.101563  0.896157 0.0547502  0.072948 0.0143215
 0.515526 0.0578155  0.101563  0.896157 0.0547502  0.072948 0.0143215
 0.515526 0.0578155  0.101563  0.896157 0.0547502  0.072948 0.0143215
 0.515526 0.0578155  0.101563  0.896157 0.0547502  0.072948 0.0143215
 0.543865 0.0661978  0.101579  0.895651 0.0546078 0.0727709 0.0143208
 0.543865 0.0661978  0.101579  0.895651 0.0546078 0.0727709 0.0143208
 0.543865 0.0661978  0.101579  0.895651 0.0546078 0.0727709 0.0143208
 0.543865 0.0661978  0.101579  0.895651 0.0546078 0.0727709 0.0143208
 0.543865 0.0661978  0.101579  0.895651 0.0546078 0.0727709 0.0143208
 0.543865 0.0661978  0.101579  0.895651 0.0546078 0.0727709 0.0143208
 0.543865 0.0661978  0.101579  0.895651 0.0546078 0.0727709 0.0143208
 0.543865 0.0661978  0.101579  0.895651 0.0546078 0.0727709 0.0143208
 0.540756 0.0651877  0.101563  0.895675 0.0546297 0.0727965 0.0143136
 0.540756 0.0651877  0.101563  0.895675 0.0546297 0.0727965 0.0143136
 0.540756 0.0651877  0.101563  0.895675 0.0546297 0.0727965 0.0143136
 0.540756 0.0651877  0.101563  0.895675 0.0546297 0.0727965 0.0143136
 0.542955 0.0661836   0.10155  0.895761 0.0546379 0.0728319 0.0143063
 0.542955 0.0661836   0.10155  0.895761 0.0546379 0.0728319 0.0143063
 0.543251 0.0660092  0.101558  0.895728 0.0546289 0.0728137 0.0143049
 0.543251 0.0660092  0.101558  0.895728 0.0546289 0.0728137 0.0143049
 0.543251 0.0660092  0.101558  0.895728 0.0546289 0.0728137 0.0143049
 0.543251 0.0660092  0.101558  0.895728 0.0546289 0.0728137 0.0143049
 0.543251 0.0660092  0.101558  0.895728 0.0546289 0.0728137 0.0143049
 0.543251 0.0660092  0.101558  0.895728 0.0546289 0.0728137 0.0143049
 0.543251 0.0660092  0.101558  0.895728 0.0546289 0.0728137 0.0143049
 0.543251 0.0660092  0.101558  0.895728 0.0546289 0.0728137 0.0143049
 0.537018  0.064462  0.101106  0.895323 0.0549634 0.0724302 0.0142667
 0.537018  0.064462  0.101106  0.895323 0.0549634 0.0724302 0.0142667
 0.537018  0.064462  0.101106  0.895323 0.0549634 0.0724302 0.0142667
 0.537018  0.064462  0.101106  0.895323 0.0549634 0.0724302 0.0142667
 0.537018  0.064462  0.101106  0.895323 0.0549634 0.0724302 0.0142667
 0.537018  0.064462  0.101106  0.895323 0.0549634 0.0724302 0.0142667
 0.532072 0.0634185  0.101121  0.895337 0.0549575 0.0724427 0.0142599
 0.532072 0.0634185  0.101121  0.895337 0.0549575 0.0724427 0.0142599
 0.532072 0.0634185  0.101121  0.895337 0.0549575 0.0724427 0.0142599
 0.532072 0.0634185  0.101121  0.895337 0.0549575 0.0724427 0.0142599
 0.532072 0.0634185  0.101121  0.895337 0.0549575 0.0724427 0.0142599
 0.532072 0.0634185  0.101121  0.895337 0.0549575 0.0724427 0.0142599
 0.532072 0.0634185  0.101121  0.895337 0.0549575 0.0724427 0.0142599
 0.532072 0.0634185  0.101121  0.895337 0.0549575 0.0724427 0.0142599
 0.532072 0.0634185  0.101121  0.895337 0.0549575 0.0724427 0.0142599
 0.532072 0.0634185  0.101121  0.895337 0.0549575 0.0724427 0.0142599
 0.532072 0.0634185  0.101121  0.895337 0.0549575 0.0724427 0.0142599
 0.532072 0.0634185  0.101121  0.895337 0.0549575 0.0724427 0.0142599
 0.532072 0.0634185  0.101121  0.895337 0.0549575 0.0724427 0.0142599
 0.532072 0.0634185  0.101121  0.895337 0.0549575 0.0724427 0.0142599
 0.532072 0.0634185  0.101121  0.895337 0.0549575 0.0724427 0.0142599
 0.532072 0.0634185  0.101121  0.895337 0.0549575 0.0724427 0.0142599
 0.532072 0.0634185  0.101121  0.895337 0.0549575 0.0724427 0.0142599
 0.532072 0.0634185  0.101121  0.895337 0.0549575 0.0724427 0.0142599
 0.532072 0.0634185  0.101121  0.895337 0.0549575 0.0724427 0.0142599
 0.532072 0.0634185  0.101121  0.895337 0.0549575 0.0724427 0.0142599
 0.532072 0.0634185  0.101121  0.895337 0.0549575 0.0724427 0.0142599
 0.532072 0.0634185  0.101121  0.895337 0.0549575 0.0724427 0.0142599
 0.532072 0.0634185  0.101121  0.895337 0.0549575 0.0724427 0.0142599
 0.532072 0.0634185  0.101121  0.895337 0.0549575 0.0724427 0.0142599
 0.530879 0.0628406  0.101167  0.895404 0.0549339 0.0724834 0.0142563
  0.51399 0.0576259  0.101171  0.895399 0.0549273 0.0724862 0.0142454
  0.51399 0.0576259  0.101171  0.895399 0.0549273 0.0724862 0.0142454
  0.51399 0.0576259  0.101171  0.895399 0.0549273 0.0724862 0.0142454
  0.51399 0.0576259  0.101171  0.895399 0.0549273 0.0724862 0.0142454
  0.51399 0.0576259  0.101171  0.895399 0.0549273 0.0724862 0.0142454
  0.51399 0.0576259  0.101171  0.895399 0.0549273 0.0724862 0.0142454
  0.51399 0.0576259  0.101171  0.895399 0.0549273 0.0724862 0.0142454
  0.51399 0.0576259  0.101171  0.895399 0.0549273 0.0724862 0.0142454
  0.51399 0.0576259  0.101171  0.895399 0.0549273 0.0724862 0.0142454
 0.509859 0.0567586  0.101133  0.895355 0.0549481 0.0724539 0.0142406
 0.509859 0.0567586  0.101133  0.895355 0.0549481 0.0724539 0.0142406
 0.509859 0.0567586  0.101133  0.895355 0.0549481 0.0724539 0.0142406
 0.509859 0.0567586  0.101133  0.895355 0.0549481 0.0724539 0.0142406
 0.509859 0.0567586  0.101133  0.895355 0.0549481 0.0724539 0.0142406
 0.509859 0.0567586  0.101133  0.895355 0.0549481 0.0724539 0.0142406
 0.509859 0.0567586  0.101133  0.895355 0.0549481 0.0724539 0.0142406
 0.509859 0.0567586  0.101133  0.895355 0.0549481 0.0724539 0.0142406
 0.509859 0.0567586  0.101133  0.895355 0.0549481 0.0724539 0.0142406
 0.509859 0.0567586  0.101133  0.895355 0.0549481 0.0724539 0.0142406
 0.509859 0.0567586  0.101133  0.895355 0.0549481 0.0724539 0.0142406
 0.509859 0.0567586  0.101133  0.895355 0.0549481 0.0724539 0.0142406
 0.509859 0.0567586  0.101133  0.895355 0.0549481 0.0724539 0.0142406
 0.509859 0.0567586  0.101133  0.895355 0.0549481 0.0724539 0.0142422
 0.509859 0.0567586  0.101133  0.895355 0.0549481 0.0724539 0.0142422
 0.509859 0.0567586  0.101133  0.895355 0.0549481 0.0724539 0.0142422
 0.509859 0.0567586  0.101133  0.895355 0.0549481 0.0724539 0.0142422
 0.509859 0.0567586  0.101133  0.895355 0.0549481 0.0724539 0.0142422
 0.509859 0.0567586  0.101133  0.895355 0.0549481 0.0724539 0.0142422
 0.509859 0.0567586  0.101133  0.895355 0.0549481 0.0724539 0.0142422
 0.509859 0.0567586  0.101133  0.895355 0.0549481 0.0724539 0.0142422
 0.509859 0.0567586  0.101133  0.895355 0.0549481 0.0724539 0.0142422
 0.509859 0.0567586  0.101133  0.895355 0.0549481 0.0724539 0.0142422
 0.509859 0.0567586  0.101133  0.895355 0.0549481 0.0724539 0.0142422
 0.509859 0.0567586  0.101133  0.895355 0.0549481 0.0724539 0.0142422
 0.509859 0.0567586  0.101133  0.895355 0.0549481 0.0724539 0.0142422
 0.509859 0.0567586  0.101133  0.895355 0.0549481 0.0724539 0.0142422
 0.509859 0.0567586  0.101133  0.895355 0.0549481 0.0724539 0.0142422
 0.509859 0.0567586  0.101133  0.895355 0.0549481 0.0724539 0.0142422
 0.509859 0.0567586  0.101133  0.895355 0.0549481 0.0724539 0.0142422
 0.509859 0.0567586  0.101133  0.895355 0.0549481 0.0724539 0.0142422
 0.509859 0.0567586  0.101133  0.895355 0.0549481 0.0724539 0.0142422
 0.509859 0.0567586  0.101133  0.895355 0.0549481 0.0724539 0.0142422
 0.509859 0.0567586  0.101133  0.895355 0.0549481 0.0724539 0.0142422
 0.509859 0.0567586  0.101133  0.895355 0.0549481 0.0724539 0.0142422
 0.509859 0.0567586  0.101133  0.895355 0.0549481 0.0724539 0.0142422
 0.509859 0.0567586  0.101133  0.895355 0.0549481 0.0724539 0.0142422
 0.509859 0.0567586  0.101133  0.895355 0.0549481 0.0724539 0.0142422
 0.509859 0.0567586  0.101133  0.895355 0.0549481 0.0724539 0.0142422
 0.509859 0.0567586  0.101133  0.895355 0.0549481 0.0724539 0.0142422
 0.509859 0.0567586  0.101133  0.895355 0.0549481 0.0724539 0.0142422
 0.509859 0.0567586  0.101133  0.895355 0.0549481 0.0724539 0.0142422
 0.509859 0.0567586  0.101133  0.895355 0.0549481 0.0724539 0.0142422
 0.509859 0.0567586  0.101133  0.895355 0.0549481 0.0724539 0.0142422
 0.509859 0.0567586  0.101133  0.895355 0.0549481 0.0724539 0.0142422
 0.509859 0.0567586  0.101133  0.895355 0.0549481 0.0724539 0.0142422
 0.509859 0.0567586  0.101133  0.895355 0.0549481 0.0724539 0.0142422
 0.507812  0.055901  0.101131  0.895356 0.0549451 0.0724551 0.0142382
 0.507812  0.055901  0.101131  0.895356 0.0549451 0.0724551 0.0142382
 0.507812  0.055901  0.101131  0.895356 0.0549451 0.0724551 0.0142382
 0.507812  0.055901  0.101131  0.895356 0.0549451 0.0724551 0.0142382
 0.507812  0.055901  0.101131  0.895356 0.0549451 0.0724551 0.0142382
 0.507812  0.055901  0.101131  0.895356 0.0549451 0.0724551 0.0142382
 0.507812  0.055901  0.101131  0.895356 0.0549451 0.0724551 0.0142382
 0.507956 0.0560428  0.101131  0.895351 0.0549468 0.0724566 0.0142379
 0.507956 0.0560428  0.101131  0.895351 0.0549468 0.0724566 0.0142379
 0.507956 0.0560428  0.101131  0.895351 0.0549468 0.0724566 0.0142379
 0.507956 0.0560428  0.101131  0.895351 0.0549468 0.0724566 0.0142379
 0.507956 0.0560428  0.101131  0.895351 0.0549468 0.0724566 0.0142379
 0.507956 0.0560428  0.101131  0.895351 0.0549468 0.0724566 0.0142379
 0.507956 0.0560428  0.101131  0.895351 0.0549468 0.0724566 0.0142379
 0.507956 0.0560428  0.101131  0.895351 0.0549468 0.0724566 0.0142379
 0.507956 0.0560428  0.101131  0.895351 0.0549468 0.0724566 0.0142379
 0.507956 0.0560428  0.101131  0.895351 0.0549468 0.0724566 0.0142379
 0.507956 0.0560428  0.101131  0.895351 0.0549468 0.0724566 0.0142379
 0.504053 0.0548256  0.101112  0.895387  0.054958   0.07244 0.0142345
 0.504053 0.0548256  0.101112  0.895387  0.054958   0.07244 0.0142345
 0.504053 0.0548256  0.101112  0.895387  0.054958   0.07244 0.0142345
 0.504053 0.0548256  0.101112  0.895387  0.054958   0.07244 0.0142345
 0.504053 0.0548256  0.101112  0.895387  0.054958   0.07244 0.0142345
 0.504053 0.0548256  0.101112  0.895387  0.054958   0.07244 0.0142345
 0.504053 0.0548256  0.101112  0.895387  0.054958   0.07244 0.0142345
 0.504053 0.0548256  0.101112  0.895387  0.054958   0.07244 0.0142345
 0.504053 0.0548256  0.101112  0.895387  0.054958   0.07244 0.0142345
 0.504053 0.0548256  0.101112  0.895387  0.054958   0.07244 0.0142345
 0.504053 0.0548256  0.101112  0.895387  0.054958   0.07244 0.0142345
 0.504053 0.0548256  0.101112  0.895387  0.054958   0.07244 0.0142345
 0.504053 0.0548256  0.101112  0.895387  0.054958   0.07244 0.0142345
 0.504053 0.0548256  0.101112  0.895387  0.054958   0.07244 0.0142345
 0.504053 0.0548256  0.101112  0.895387  0.054958   0.07244 0.0142345
  0.50355 0.0547483  0.101112  0.895387  0.054958   0.07244 0.0142342
  0.50355 0.0547483  0.101112  0.895387  0.054958   0.07244 0.0142342
  0.50355 0.0547483  0.101112  0.895387  0.054958   0.07244 0.0142342
  0.50355 0.0547483  0.101112  0.895387  0.054958   0.07244 0.0142342
  0.50355 0.0547483  0.101112  0.895387  0.054958   0.07244 0.0142342
  0.50355 0.0547483  0.101112  0.895387  0.054958   0.07244 0.0142342
 0.506181 0.0556107  0.101118  0.895373 0.0549452 0.0724235 0.0142327
 0.506181 0.0556107  0.101118  0.895373 0.0549452 0.0724235 0.0142327
 0.506181 0.0556107  0.101118  0.895373 0.0549452 0.0724235 0.0142327
 0.506181 0.0556107  0.101118  0.895373 0.0549452 0.0724235 0.0142327
 0.506181 0.0556107  0.101118  0.895373 0.0549452 0.0724235 0.0142327
 0.506181 0.0556107  0.101118  0.895373 0.0549452 0.0724235 0.0142327
 0.506181 0.0556107  0.101118  0.895373 0.0549452 0.0724235 0.0142327
 0.506181 0.0556107  0.101118  0.895373 0.0549452 0.0724235 0.0142327
 0.506181 0.0556107  0.101118  0.895373 0.0549452 0.0724235 0.0142327
 0.506181 0.0556107  0.101118  0.895373 0.0549452 0.0724235 0.0142327
 0.506181 0.0556107  0.101118  0.895373 0.0549452 0.0724235 0.0142327
 0.506181 0.0556107  0.101118  0.895373 0.0549452 0.0724235 0.0142327
 0.506181 0.0556107  0.101118  0.895373 0.0549452 0.0724235 0.0142327
 0.506181 0.0556107  0.101118  0.895373 0.0549452 0.0724235 0.0142327
 0.506181 0.0556107  0.101118  0.895373 0.0549452 0.0724235 0.0142327
 0.506181 0.0556107  0.101118  0.895373 0.0549452 0.0724235 0.0142327
 0.505579 0.0553558  0.101117  0.895376 0.0549481 0.0724275 0.0142324
 0.505579 0.0553558  0.101117  0.895376 0.0549481 0.0724275 0.0142324
 0.505579 0.0553558  0.101117  0.895376 0.0549481 0.0724275 0.0142324
 0.505579 0.0553558  0.101117  0.895376 0.0549481 0.0724275 0.0142324
 0.505579 0.0553558  0.101117  0.895376 0.0549481 0.0724275 0.0142324
 0.505579 0.0553558  0.101117  0.895376 0.0549481 0.0724275 0.0142324
 0.505579 0.0553558  0.101117  0.895376 0.0549481 0.0724275 0.0142324
 0.505579 0.0553558  0.101117  0.895376 0.0549481 0.0724275 0.0142324
 0.505579 0.0553558  0.101117  0.895376 0.0549481 0.0724275 0.0142324
 0.505579 0.0553558  0.101117  0.895376 0.0549481 0.0724275 0.0142324
 0.505579 0.0553558  0.101117  0.895376 0.0549481 0.0724275 0.0142324
 0.505579 0.0553558  0.101117  0.895376 0.0549481 0.0724275 0.0142324
 0.505579 0.0553558  0.101117  0.895376 0.0549481 0.0724275 0.0142324
 0.505579 0.0553558  0.101117  0.895376 0.0549481 0.0724275 0.0142324
 0.505579 0.0553558  0.101117  0.895376 0.0549481 0.0724275 0.0142324
 0.505579 0.0553558  0.101117  0.895376 0.0549481 0.0724275 0.0142324
 0.505579 0.0553558  0.101117  0.895376 0.0549481 0.0724275 0.0142324
 0.505579 0.0553558  0.101117  0.895376 0.0549481 0.0724275 0.0142324
 0.505579 0.0553558  0.101117  0.895376 0.0549481 0.0724275 0.0142324
 0.505579 0.0553558  0.101117  0.895376 0.0549481 0.0724275 0.0142324
 0.505579 0.0553558  0.101117  0.895376 0.0549481 0.0724275 0.0142324
 0.505579 0.0553558  0.101117  0.895376 0.0549481 0.0724275 0.0142324
 0.505579 0.0553558  0.101117  0.895376 0.0549481 0.0724275 0.0142324
 0.505579 0.0553558  0.101117  0.895376 0.0549481 0.0724275 0.0142324
 0.505579 0.0553558  0.101117  0.895376 0.0549481 0.0724275 0.0142324
 0.505579 0.0553558  0.101117  0.895376 0.0549481 0.0724275 0.0142324
 0.505579 0.0553558  0.101117  0.895376 0.0549481 0.0724275 0.0142324
 0.505579 0.0553558  0.101117  0.895376 0.0549481 0.0724275 0.0142324
 0.505579 0.0553558  0.101117  0.895376 0.0549481 0.0724275 0.0142324
 0.505579 0.0553558  0.101117  0.895376 0.0549481 0.0724275 0.0142324
 0.505579 0.0553558  0.101117  0.895376 0.0549481 0.0724275 0.0142324
 0.505579 0.0553558  0.101117  0.895376 0.0549481 0.0724275 0.0142324
 0.505579 0.0553558  0.101117  0.895376 0.0549481 0.0724275 0.0142327
 0.505579 0.0553558  0.101117  0.895376 0.0549481 0.0724275 0.0142327
 0.505579 0.0553558  0.101117  0.895376 0.0549481 0.0724275 0.0142327
 0.505579 0.0553558  0.101117  0.895376 0.0549481 0.0724275 0.0142327
  0.50593  0.055369  0.101075  0.895399 0.0549478 0.0724492 0.0142295
  0.50593  0.055369  0.101075  0.895399 0.0549478 0.0724492 0.0142295
  0.50593  0.055369  0.101075  0.895399 0.0549478 0.0724492 0.0142295
  0.50593  0.055369  0.101075  0.895399 0.0549478 0.0724492 0.0142295
  0.50593  0.055369  0.101075  0.895399 0.0549478 0.0724492 0.0142295
 0.505928 0.0554641  0.101083  0.895377 0.0549557 0.0724269 0.0142277
 0.505928 0.0554641  0.101083  0.895377 0.0549557 0.0724269 0.0142277
 0.500403 0.0537443  0.101079  0.895337 0.0549486 0.0723962  0.014226
 0.500403 0.0537443  0.101079  0.895337 0.0549486 0.0723962  0.014226
 0.500403 0.0537443  0.101079  0.895337 0.0549486 0.0723962  0.014226
 0.500403 0.0537443  0.101079  0.895337 0.0549486 0.0723962  0.014226
 0.500403 0.0537443  0.101079  0.895337 0.0549486 0.0723962  0.014226
 0.500403 0.0537443  0.101079  0.895337 0.0549486 0.0723962  0.014226
 0.500403 0.0537443  0.101079  0.895337 0.0549486 0.0723962  0.014226
 0.500403 0.0537443  0.101079  0.895337 0.0549486 0.0723962  0.014226
 0.500403 0.0537443  0.101079  0.895337 0.0549486 0.0723962  0.014226
 0.500403 0.0537443  0.101079  0.895337 0.0549486 0.0723962  0.014226
 0.499435 0.0534972  0.101086  0.895338 0.0549389 0.0723938 0.0142243
 0.499435 0.0534972  0.101086  0.895338 0.0549389 0.0723938 0.0142243
 0.499435 0.0534972  0.101086  0.895338 0.0549389 0.0723938 0.0142243
 0.499435 0.0534972  0.101086  0.895338 0.0549389 0.0723938 0.0142243
 0.499435 0.0534972  0.101086  0.895338 0.0549389 0.0723938 0.0142243
 0.499435 0.0534972  0.101086  0.895338 0.0549389 0.0723938 0.0142243
 0.499435 0.0534972  0.101086  0.895338 0.0549389 0.0723938 0.0142243
 0.502738 0.0544364  0.101084  0.895327 0.0549372 0.0723926 0.0142234
 0.502738 0.0544364  0.101084  0.895327 0.0549372 0.0723926 0.0142234
 0.502738 0.0544364  0.101084  0.895327 0.0549372 0.0723926 0.0142234
 0.502738 0.0544364  0.101084  0.895327 0.0549372 0.0723926 0.0142234
 0.502738 0.0544364  0.101084  0.895327 0.0549372 0.0723926 0.0142234
 0.503027 0.0546417  0.101084   0.89533 0.0549371  0.072396 0.0142228
 0.503027 0.0546417  0.101084   0.89533 0.0549371  0.072396 0.0142228
 0.503027 0.0546417  0.101084   0.89533 0.0549371  0.072396 0.0142228
 0.503027 0.0546417  0.101084   0.89533 0.0549371  0.072396 0.0142228
 0.503027 0.0546417  0.101084   0.89533 0.0549371  0.072396 0.0142228
 0.503027 0.0546417  0.101084   0.89533 0.0549371  0.072396 0.0142228
 0.503719 0.0547516  0.101084   0.89533 0.0549371  0.072396 0.0142226
 0.503719 0.0547516  0.101084   0.89533 0.0549371  0.072396 0.0142226
truk:  0.515996 0.0603199  0.103199  0.896801   0.05516 0.0722394 with trukCost with new weights:0.0351291
total difference b/w truk and final GBVEC:0.00018843
for Ks: 0.79719 0.138687 0.104211  0.97094 0.064014 0.075424 has cost:0.0161777
for Ks:0.781196 0.140816 0.097871  0.82296 0.046377 0.069316 has cost:0.0156381
for Ks: 0.789193  0.139752  0.101041   0.89695 0.0551955 0.0723701 has cost:0.0151951
Weight Matrix for time step:0
   0.013985           0           0           0           0           0           0           0           0           0           0           0           0           0           0           0           0           0           0           0           0           0           0           0           0           0           0
          0  0.00472609           0           0           0           0           0           0           0           0           0           0           0           0           0           0           0           0           0           0           0           0           0           0           0           0           0
          0           0   0.0723812           0           0           0           0           0           0           0           0           0           0           0           0           0           0           0           0           0           0           0           0           0           0           0           0
          0           0           0     216.749           0           0           0           0           0           0           0           0           0           0           0           0           0           0           0           0           0           0           0           0           0           0           0
          0           0           0           0  0.00405843           0           0           0           0           0           0           0           0           0           0           0           0           0           0           0           0           0           0           0           0           0           0
          0           0           0           0           0    0.115751           0           0           0           0           0           0           0           0           0           0           0           0           0           0           0           0           0           0           0           0           0
          0           0           0           0           0           0 7.74679e-06           0           0           0           0           0           0           0           0           0           0           0           0           0           0           0           0           0           0           0           0
          0           0           0           0           0           0           0 5.14802e-07           0           0           0           0           0           0           0           0           0           0           0           0           0           0           0           0           0           0           0
          0           0           0           0           0           0           0           0 0.000291032           0           0           0           0           0           0           0           0           0           0           0           0           0           0           0           0           0           0
          0           0           0           0           0           0           0           0           0     6681.57           0           0           0           0           0           0           0           0           0           0           0           0           0           0           0           0           0
          0           0           0           0           0           0           0           0           0           0 4.34493e-07           0           0           0           0           0           0           0           0           0           0           0           0           0           0           0           0
          0           0           0           0           0           0           0           0           0           0           0 0.000739551           0           0           0           0           0           0           0           0           0           0           0           0           0           0           0
          0           0           0           0           0           0           0           0           0           0           0           0    0.883747           0           0           0           0           0           0           0           0           0           0           0           0           0           0
          0           0           0           0           0           0           0           0           0           0           0           0           0 0.000472447           0           0           0           0           0           0           0           0           0           0           0           0           0
          0           0           0           0           0           0           0           0           0           0           0           0           0           0    0.584989           0           0           0           0           0           0           0           0           0           0           0           0
          0           0           0           0           0           0           0           0           0           0           0           0           0           0           0 0.000447438           0           0           0           0           0           0           0           0           0           0           0
          0           0           0           0           0           0           0           0           0           0           0           0           0           0           0           0 0.000557712           0           0           0           0           0           0           0           0           0           0
          0           0           0           0           0           0           0           0           0           0           0           0           0           0           0           0           0 0.000128961           0           0           0           0           0           0           0           0           0
          0           0           0           0           0           0           0           0           0           0           0           0           0           0           0           0           0           0     11.1371           0           0           0           0           0           0           0           0
          0           0           0           0           0           0           0           0           0           0           0           0           0           0           0           0           0           0           0 4.75583e-07           0           0           0           0           0           0           0
          0           0           0           0           0           0           0           0           0           0           0           0           0           0           0           0           0           0           0           0   0.0002466           0           0           0           0           0           0
          0           0           0           0           0           0           0           0           0           0           0           0           0           0           0           0           0           0           0           0           0     4.07791           0           0           0           0           0
          0           0           0           0           0           0           0           0           0           0           0           0           0           0           0           0           0           0           0           0           0           0 6.38147e-05           0           0           0           0
          0           0           0           0           0           0           0           0           0           0           0           0           0           0           0           0           0           0           0           0           0           0           0  0.00047284           0           0           0
          0           0           0           0           0           0           0           0           0           0           0           0           0           0           0           0           0           0           0           0           0           0           0           0     2.75691           0           0
          0           0           0           0           0           0           0           0           0           0           0           0           0           0           0           0           0           0           0           0           0           0           0           0           0     5.73507           0
          0           0           0           0           0           0           0           0           0           0           0           0           0           0           0           0           0           0           0           0           0           0           0           0           0           0 0.000117701

Weight Matrix for time step:1
  0.0133751           0           0           0           0           0           0           0           0           0           0           0           0           0           0           0           0           0           0           0           0           0           0           0           0           0           0
          0  0.00507205           0           0           0           0           0           0           0           0           0           0           0           0           0           0           0           0           0           0           0           0           0           0           0           0           0
          0           0   0.0872716           0           0           0           0           0           0           0           0           0           0           0           0           0           0           0           0           0           0           0           0           0           0           0           0
          0           0           0     175.841           0           0           0           0           0           0           0           0           0           0           0           0           0           0           0           0           0           0           0           0           0           0           0
          0           0           0           0  0.00437589           0           0           0           0           0           0           0           0           0           0           0           0           0           0           0           0           0           0           0           0           0           0
          0           0           0           0           0   0.0643086           0           0           0           0           0           0           0           0           0           0           0           0           0           0           0           0           0           0           0           0           0
          0           0           0           0           0           0 7.30016e-06           0           0           0           0           0           0           0           0           0           0           0           0           0           0           0           0           0           0           0           0
          0           0           0           0           0           0           0 5.43439e-07           0           0           0           0           0           0           0           0           0           0           0           0           0           0           0           0           0           0           0
          0           0           0           0           0           0           0           0  0.00042245           0           0           0           0           0           0           0           0           0           0           0           0           0           0           0           0           0           0
          0           0           0           0           0           0           0           0           0     4191.37           0           0           0           0           0           0           0           0           0           0           0           0           0           0           0           0           0
          0           0           0           0           0           0           0           0           0           0 4.62955e-07           0           0           0           0           0           0           0           0           0           0           0           0           0           0           0           0
          0           0           0           0           0           0           0           0           0           0           0 0.000232109           0           0           0           0           0           0           0           0           0           0           0           0           0           0           0
          0           0           0           0           0           0           0           0           0           0           0           0     0.94651           0           0           0           0           0           0           0           0           0           0           0           0           0           0
          0           0           0           0           0           0           0           0           0           0           0           0           0 0.000574285           0           0           0           0           0           0           0           0           0           0           0           0           0
          0           0           0           0           0           0           0           0           0           0           0           0           0           0    0.438884           0           0           0           0           0           0           0           0           0           0           0           0
          0           0           0           0           0           0           0           0           0           0           0           0           0           0           0 0.000535567           0           0           0           0           0           0           0           0           0           0           0
          0           0           0           0           0           0           0           0           0           0           0           0           0           0           0           0 0.000335127           0           0           0           0           0           0           0           0           0           0
          0           0           0           0           0           0           0           0           0           0           0           0           0           0           0           0           0 0.000158237           0           0           0           0           0           0           0           0           0
          0           0           0           0           0           0           0           0           0           0           0           0           0           0           0           0           0           0     10.2393           0           0           0           0           0           0           0           0
          0           0           0           0           0           0           0           0           0           0           0           0           0           0           0           0           0           0           0 5.03878e-07           0           0           0           0           0           0           0
          0           0           0           0           0           0           0           0           0           0           0           0           0           0           0           0           0           0           0           0 0.000136441           0           0           0           0           0           0
          0           0           0           0           0           0           0           0           0           0           0           0           0           0           0           0           0           0           0           0           0     3.81874           0           0           0           0           0
          0           0           0           0           0           0           0           0           0           0           0           0           0           0           0           0           0           0           0           0           0           0 8.33706e-05           0           0           0           0
          0           0           0           0           0           0           0           0           0           0           0           0           0           0           0           0           0           0           0           0           0           0           0 0.000317494           0           0           0
          0           0           0           0           0           0           0           0           0           0           0           0           0           0           0           0           0           0           0           0           0           0           0           0     2.54616           0           0
          0           0           0           0           0           0           0           0           0           0           0           0           0           0           0           0           0           0           0           0           0           0           0           0           0     2.50334           0
          0           0           0           0           0           0           0           0           0           0           0           0           0           0           0           0           0           0           0           0           0           0           0           0           0           0 6.99634e-05

Weight Matrix for time step:2
  0.0132969           0           0           0           0           0           0           0           0           0           0           0           0           0           0           0           0           0           0           0           0           0           0           0           0           0           0
          0  0.00524597           0           0           0           0           0           0           0           0           0           0           0           0           0           0           0           0           0           0           0           0           0           0           0           0           0
          0           0   0.0924394           0           0           0           0           0           0           0           0           0           0           0           0           0           0           0           0           0           0           0           0           0           0           0           0
          0           0           0     172.239           0           0           0           0           0           0           0           0           0           0           0           0           0           0           0           0           0           0           0           0           0           0           0
          0           0           0           0  0.00454111           0           0           0           0           0           0           0           0           0           0           0           0           0           0           0           0           0           0           0           0           0           0
          0           0           0           0           0   0.0536608           0           0           0           0           0           0           0           0           0           0           0           0           0           0           0           0           0           0           0           0           0
          0           0           0           0           0           0 7.22224e-06           0           0           0           0           0           0           0           0           0           0           0           0           0           0           0           0           0           0           0           0
          0           0           0           0           0           0           0 5.57449e-07           0           0           0           0           0           0           0           0           0           0           0           0           0           0           0           0           0           0           0
          0           0           0           0           0           0           0           0 0.000472988           0           0           0           0           0           0           0           0           0           0           0           0           0           0           0           0           0           0
          0           0           0           0           0           0           0           0           0     3850.97           0           0           0           0           0           0           0           0           0           0           0           0           0           0           0           0           0
          0           0           0           0           0           0           0           0           0           0 4.76725e-07           0           0           0           0           0           0           0           0           0           0           0           0           0           0           0           0
          0           0           0           0           0           0           0           0           0           0           0 0.000161204           0           0           0           0           0           0           0           0           0           0           0           0           0           0           0
          0           0           0           0           0           0           0           0           0           0           0           0    0.960915           0           0           0           0           0           0           0           0           0           0           0           0           0           0
          0           0           0           0           0           0           0           0           0           0           0           0           0 0.000596943           0           0           0           0           0           0           0           0           0           0           0           0           0
          0           0           0           0           0           0           0           0           0           0           0           0           0           0    0.414738           0           0           0           0           0           0           0           0           0           0           0           0
          0           0           0           0           0           0           0           0           0           0           0           0           0           0           0 0.000554605           0           0           0           0           0           0           0           0           0           0           0
          0           0           0           0           0           0           0           0           0           0           0           0           0           0           0           0 0.000305904           0           0           0           0           0           0           0           0           0           0
          0           0           0           0           0           0           0           0           0           0           0           0           0           0           0           0           0 0.000173272           0           0           0           0           0           0           0           0           0
          0           0           0           0           0           0           0           0           0           0           0           0           0           0           0           0           0           0     9.89521           0           0           0           0           0           0           0           0
          0           0           0           0           0           0           0           0           0           0           0           0           0           0           0           0           0           0           0 5.17656e-07           0           0           0           0           0           0           0
          0           0           0           0           0           0           0           0           0           0           0           0           0           0           0           0           0           0           0           0 0.000111145           0           0           0           0           0           0
          0           0           0           0           0           0           0           0           0           0           0           0           0           0           0           0           0           0           0           0           0     3.67151           0           0           0           0           0
          0           0           0           0           0           0           0           0           0           0           0           0           0           0           0           0           0           0           0           0           0           0 9.30911e-05           0           0           0           0
          0           0           0           0           0           0           0           0           0           0           0           0           0           0           0           0           0           0           0           0           0           0           0 0.000277495           0           0           0
          0           0           0           0           0           0           0           0           0           0           0           0           0           0           0           0           0           0           0           0           0           0           0           0      2.4449           0           0
          0           0           0           0           0           0           0           0           0           0           0           0           0           0           0           0           0           0           0           0           0           0           0           0           0     1.99276           0
          0           0           0           0           0           0           0           0           0           0           0           0           0           0           0           0           0           0           0           0           0           0           0           0           0           0 5.86711e-05

Weight Matrix for time step:3
  0.0132945           0           0           0           0           0           0           0           0           0           0           0           0           0           0           0           0           0           0           0           0           0           0           0           0           0           0
          0  0.00533196           0           0           0           0           0           0           0           0           0           0           0           0           0           0           0           0           0           0           0           0           0           0           0           0           0
          0           0   0.0940529           0           0           0           0           0           0           0           0           0           0           0           0           0           0           0           0           0           0           0           0           0           0           0           0
          0           0           0     174.099           0           0           0           0           0           0           0           0           0           0           0           0           0           0           0           0           0           0           0           0           0           0           0
          0           0           0           0  0.00462326           0           0           0           0           0           0           0           0           0           0           0           0           0           0           0           0           0           0           0           0           0           0
          0           0           0           0           0   0.0500902           0           0           0           0           0           0           0           0           0           0           0           0           0           0           0           0           0           0           0           0           0
          0           0           0           0           0           0  7.2085e-06           0           0           0           0           0           0           0           0           0           0           0           0           0           0           0           0           0           0           0           0
          0           0           0           0           0           0           0  5.6428e-07           0           0           0           0           0           0           0           0           0           0           0           0           0           0           0           0           0           0           0
          0           0           0           0           0           0           0           0  0.00049081           0           0           0           0           0           0           0           0           0           0           0           0           0           0           0           0           0           0
          0           0           0           0           0           0           0           0           0     3828.95           0           0           0           0           0           0           0           0           0           0           0           0           0           0           0           0           0
          0           0           0           0           0           0           0           0           0           0 4.83401e-07           0           0           0           0           0           0           0           0           0           0           0           0           0           0           0           0
          0           0           0           0           0           0           0           0           0           0           0 0.000140071           0           0           0           0           0           0           0           0           0           0           0           0           0           0           0
          0           0           0           0           0           0           0           0           0           0           0           0    0.965073           0           0           0           0           0           0           0           0           0           0           0           0           0           0
          0           0           0           0           0           0           0           0           0           0           0           0           0 0.000600926           0           0           0           0           0           0           0           0           0           0           0           0           0
          0           0           0           0           0           0           0           0           0           0           0           0           0           0    0.410774           0           0           0           0           0           0           0           0           0           0           0           0
          0           0           0           0           0           0           0           0           0           0           0           0           0           0           0 0.000557867           0           0           0           0           0           0           0           0           0           0           0
          0           0           0           0           0           0           0           0           0           0           0           0           0           0           0           0 0.000300785           0           0           0           0           0           0           0           0           0           0
          0           0           0           0           0           0           0           0           0           0           0           0           0           0           0           0           0 0.000180681           0           0           0           0           0           0           0           0           0
          0           0           0           0           0           0           0           0           0           0           0           0           0           0           0           0           0           0     9.73556           0           0           0           0           0           0           0           0
          0           0           0           0           0           0           0           0           0           0           0           0           0           0           0           0           0           0           0  5.2436e-07           0           0           0           0           0           0           0
          0           0           0           0           0           0           0           0           0           0           0           0           0           0           0           0           0           0           0           0  0.00010186           0           0           0           0           0           0
          0           0           0           0           0           0           0           0           0           0           0           0           0           0           0           0           0           0           0           0           0      3.6025           0           0           0           0           0
          0           0           0           0           0           0           0           0           0           0           0           0           0           0           0           0           0           0           0           0           0           0 9.76275e-05           0           0           0           0
          0           0           0           0           0           0           0           0           0           0           0           0           0           0           0           0           0           0           0           0           0           0           0 0.000262639           0           0           0
          0           0           0           0           0           0           0           0           0           0           0           0           0           0           0           0           0           0           0           0           0           0           0           0     2.39669           0           0
          0           0           0           0           0           0           0           0           0           0           0           0           0           0           0           0           0           0           0           0           0           0           0           0           0     1.85308           0
          0           0           0           0           0           0           0           0           0           0           0           0           0           0           0           0           0           0           0           0           0           0           0           0           0           0 5.44731e-05

Weight Matrix for time step:4
  0.0132984           0           0           0           0           0           0           0           0           0           0           0           0           0           0           0           0           0           0           0           0           0           0           0           0           0           0
          0  0.00537411           0           0           0           0           0           0           0           0           0           0           0           0           0           0           0           0           0           0           0           0           0           0           0           0           0
          0           0   0.0945501           0           0           0           0           0           0           0           0           0           0           0           0           0           0           0           0           0           0           0           0           0           0           0           0
          0           0           0     175.797           0           0           0           0           0           0           0           0           0           0           0           0           0           0           0           0           0           0           0           0           0           0           0
          0           0           0           0  0.00466326           0           0           0           0           0           0           0           0           0           0           0           0           0           0           0           0           0           0           0           0           0           0
          0           0           0           0           0   0.0486736           0           0           0           0           0           0           0           0           0           0           0           0           0           0           0           0           0           0           0           0           0
          0           0           0           0           0           0 7.20609e-06           0           0           0           0           0           0           0           0           0           0           0           0           0           0           0           0           0           0           0           0
          0           0           0           0           0           0           0 5.67603e-07           0           0           0           0           0           0           0           0           0           0           0           0           0           0           0           0           0           0           0
          0           0           0           0           0           0           0           0 0.000496588           0           0           0           0           0           0           0           0           0           0           0           0           0           0           0           0           0           0
          0           0           0           0           0           0           0           0           0     3846.62           0           0           0           0           0           0           0           0           0           0           0           0           0           0           0           0           0
          0           0           0           0           0           0           0           0           0           0 4.86637e-07           0           0           0           0           0           0           0           0           0           0           0           0           0           0           0           0
          0           0           0           0           0           0           0           0           0           0           0 0.000132123           0           0           0           0           0           0           0           0           0           0           0           0           0           0           0
          0           0           0           0           0           0           0           0           0           0           0           0    0.966451           0           0           0           0           0           0           0           0           0           0           0           0           0           0
          0           0           0           0           0           0           0           0           0           0           0           0           0   0.0006016           0           0           0           0           0           0           0           0           0           0           0           0           0
          0           0           0           0           0           0           0           0           0           0           0           0           0           0    0.410196           0           0           0           0           0           0           0           0           0           0           0           0
          0           0           0           0           0           0           0           0           0           0           0           0           0           0           0 0.000558398           0           0           0           0           0           0           0           0           0           0           0
          0           0           0           0           0           0           0           0           0           0           0           0           0           0           0           0 0.000299863           0           0           0           0           0           0           0           0           0           0
          0           0           0           0           0           0           0           0           0           0           0           0           0           0           0           0           0 0.000184283           0           0           0           0           0           0           0           0           0
          0           0           0           0           0           0           0           0           0           0           0           0           0           0           0           0           0           0     9.65684           0           0           0           0           0           0           0           0
          0           0           0           0           0           0           0           0           0           0           0           0           0           0           0           0           0           0           0 5.27618e-07           0           0           0           0           0           0           0
          0           0           0           0           0           0           0           0           0           0           0           0           0           0           0           0           0           0           0           0 9.78705e-05           0           0           0           0           0           0
          0           0           0           0           0           0           0           0           0           0           0           0           0           0           0           0           0           0           0           0           0     3.57206           0           0           0           0           0
          0           0           0           0           0           0           0           0           0           0           0           0           0           0           0           0           0           0           0           0           0           0 9.96928e-05           0           0           0           0
          0           0           0           0           0           0           0           0           0           0           0           0           0           0           0           0           0           0           0           0           0           0           0 0.000256325           0           0           0
          0           0           0           0           0           0           0           0           0           0           0           0           0           0           0           0           0           0           0           0           0           0           0           0     2.37388           0           0
          0           0           0           0           0           0           0           0           0           0           0           0           0           0           0           0           0           0           0           0           0           0           0           0           0     1.80684           0
          0           0           0           0           0           0           0           0           0           0           0           0           0           0           0           0           0           0           0           0           0           0           0           0           0           0 5.26555e-05

CODE FINISHED RUNNING IN 38779 s TIME!
Job Statistics for 2102089:
           JobID       User               Start                 End    Elapsed     MaxRSS   TotalCPU      State Exit        NodeList                                  ReqTRES 
---------------- ---------- ------------------- ------------------- ---------- ---------- ---------- ---------- ---- --------------- ---------------------------------------- 
         2102089   rsjxw007 2021-09-13T17:40:34 2021-09-14T04:26:54   10:46:20              10:43:44  COMPLETED  0:0   r1pl-hpcf-n21         billing=1,cpu=1,mem=7812M,node=1 
   2102089.batch            2021-09-13T17:40:34 2021-09-14T04:26:54   10:46:20      7.83M   10:43:44  COMPLETED  0:0   r1pl-hpcf-n21                                          
  2102089.extern            2021-09-13T17:40:34 2021-09-14T04:26:54   10:46:20          0  00:00.001  COMPLETED  0:0   r1pl-hpcf-n21                                          
CPU Efficiency: 99.60% of 10:46:20 core-walltime
