PSO_S_ODE_NonLinear
Using two part PSO Sample Size:5000 with:27 moments.
Using Record Time:40
Bounds for Uniform Distribution (0,1)
Blind PSO --> nParts:10 Nsteps:2
Targeted PSO --> nParts:50 Nsteps:10
sdbeta:0.1
wt:
1 0 0 0 0 0 0 0 0 0 0 0 0 0 0 0 0 0 0 0 0 0 0 0 0 0 0
0 1 0 0 0 0 0 0 0 0 0 0 0 0 0 0 0 0 0 0 0 0 0 0 0 0 0
0 0 1 0 0 0 0 0 0 0 0 0 0 0 0 0 0 0 0 0 0 0 0 0 0 0 0
0 0 0 1 0 0 0 0 0 0 0 0 0 0 0 0 0 0 0 0 0 0 0 0 0 0 0
0 0 0 0 1 0 0 0 0 0 0 0 0 0 0 0 0 0 0 0 0 0 0 0 0 0 0
0 0 0 0 0 1 0 0 0 0 0 0 0 0 0 0 0 0 0 0 0 0 0 0 0 0 0
0 0 0 0 0 0 1 0 0 0 0 0 0 0 0 0 0 0 0 0 0 0 0 0 0 0 0
0 0 0 0 0 0 0 1 0 0 0 0 0 0 0 0 0 0 0 0 0 0 0 0 0 0 0
0 0 0 0 0 0 0 0 1 0 0 0 0 0 0 0 0 0 0 0 0 0 0 0 0 0 0
0 0 0 0 0 0 0 0 0 1 0 0 0 0 0 0 0 0 0 0 0 0 0 0 0 0 0
0 0 0 0 0 0 0 0 0 0 1 0 0 0 0 0 0 0 0 0 0 0 0 0 0 0 0
0 0 0 0 0 0 0 0 0 0 0 1 0 0 0 0 0 0 0 0 0 0 0 0 0 0 0
0 0 0 0 0 0 0 0 0 0 0 0 1 0 0 0 0 0 0 0 0 0 0 0 0 0 0
0 0 0 0 0 0 0 0 0 0 0 0 0 1 0 0 0 0 0 0 0 0 0 0 0 0 0
0 0 0 0 0 0 0 0 0 0 0 0 0 0 1 0 0 0 0 0 0 0 0 0 0 0 0
0 0 0 0 0 0 0 0 0 0 0 0 0 0 0 1 0 0 0 0 0 0 0 0 0 0 0
0 0 0 0 0 0 0 0 0 0 0 0 0 0 0 0 1 0 0 0 0 0 0 0 0 0 0
0 0 0 0 0 0 0 0 0 0 0 0 0 0 0 0 0 1 0 0 0 0 0 0 0 0 0
0 0 0 0 0 0 0 0 0 0 0 0 0 0 0 0 0 0 1 0 0 0 0 0 0 0 0
0 0 0 0 0 0 0 0 0 0 0 0 0 0 0 0 0 0 0 1 0 0 0 0 0 0 0
0 0 0 0 0 0 0 0 0 0 0 0 0 0 0 0 0 0 0 0 1 0 0 0 0 0 0
0 0 0 0 0 0 0 0 0 0 0 0 0 0 0 0 0 0 0 0 0 1 0 0 0 0 0
0 0 0 0 0 0 0 0 0 0 0 0 0 0 0 0 0 0 0 0 0 0 1 0 0 0 0
0 0 0 0 0 0 0 0 0 0 0 0 0 0 0 0 0 0 0 0 0 0 0 1 0 0 0
0 0 0 0 0 0 0 0 0 0 0 0 0 0 0 0 0 0 0 0 0 0 0 0 1 0 0
0 0 0 0 0 0 0 0 0 0 0 0 0 0 0 0 0 0 0 0 0 0 0 0 0 1 0
0 0 0 0 0 0 0 0 0 0 0 0 0 0 0 0 0 0 0 0 0 0 0 0 0 0 1
mu: 80 120  85
covarMat:
 50   0   0
  0 100   0
  0   0  50

Yt:   3.8627   3.66902   2.36083  0.126086   6.15593   3.28574   52.8791   107.638   10.6121 0.0188494   145.222   20.5182  0.746245   9.75571  0.654123   11.1561   13.8696   13.0215  0.147094   120.807   17.6097  0.307704   23.9413    14.752  0.473647  0.432378   32.7941
seedk: 0.515996 0.0603199  0.103199  0.896801   0.05516 0.0722394| cost:153.413
Xt:  3.93458   3.38205    2.4175  0.128941   5.92849   3.36714   52.6786   100.575   11.2692 0.0194605   138.386   21.7291  0.764089    9.7193  0.669507   11.1529   13.8149   12.7951  0.143078   113.513   17.3098  0.322637    24.387   15.6441  0.485175  0.453345   33.4072
PSO begins!
New GBMAT from blind pso!
 0.515996 0.0603199  0.103199  0.896801   0.05516 0.0722394   153.413
 0.515996 0.0603199  0.103199  0.896801   0.05516 0.0722394   153.413


New GBMAT from blind pso!
 0.515996 0.0603199  0.103199  0.896801   0.05516 0.0722394   153.413
 0.515996 0.0603199  0.103199  0.896801   0.05516 0.0722394   153.413
 0.513969 0.0585728 0.0909971   0.89858   0.05516 0.0710864   39.2445


GBMAT from blind PSO:

 0.515996 0.0603199  0.103199  0.896801   0.05516 0.0722394   153.413
 0.515996 0.0603199  0.103199  0.896801   0.05516 0.0722394   153.413
 0.513969 0.0585728 0.0909971   0.89858   0.05516 0.0710864   39.2445

truk:  0.515996 0.0603199  0.103199  0.896801   0.05516 0.0722394
total difference b/w truk and final GBVEC0.000160547

blind PSO FINISHED RUNNING IN 4 s TIME!
targeted PSO has started!
Updating Weight Matrix!
GBVEC AND COST: 0.513969 0.0585728 0.0909971   0.89858   0.05516 0.0710864   39.2445
Chkpt reached!
new weight matrix:
  0.0133585           0           0           0           0           0           0           0           0           0           0           0           0           0           0           0           0           0           0           0           0           0           0           0           0           0           0
          0  0.00527382           0           0           0           0           0           0           0           0           0           0           0           0           0           0           0           0           0           0           0           0           0           0           0           0           0
          0           0   0.0915389           0           0           0           0           0           0           0           0           0           0           0           0           0           0           0           0           0           0           0           0           0           0           0           0
          0           0           0     187.354           0           0           0           0           0           0           0           0           0           0           0           0           0           0           0           0           0           0           0           0           0           0           0
          0           0           0           0  0.00456734           0           0           0           0           0           0           0           0           0           0           0           0           0           0           0           0           0           0           0           0           0           0
          0           0           0           0           0    0.053366           0           0           0           0           0           0           0           0           0           0           0           0           0           0           0           0           0           0           0           0           0
          0           0           0           0           0           0 7.24898e-06           0           0           0           0           0           0           0           0           0           0           0           0           0           0           0           0           0           0           0           0
          0           0           0           0           0           0           0 5.58939e-07           0           0           0           0           0           0           0           0           0           0           0           0           0           0           0           0           0           0           0
          0           0           0           0           0           0           0           0 0.000468897           0           0           0           0           0           0           0           0           0           0           0           0           0           0           0           0           0           0
          0           0           0           0           0           0           0           0           0      4445.6           0           0           0           0           0           0           0           0           0           0           0           0           0           0           0           0           0
          0           0           0           0           0           0           0           0           0           0 4.78128e-07           0           0           0           0           0           0           0           0           0           0           0           0           0           0           0           0
          0           0           0           0           0           0           0           0           0           0           0 0.000160532           0           0           0           0           0           0           0           0           0           0           0           0           0           0           0
          0           0           0           0           0           0           0           0           0           0           0           0     1.00074           0           0           0           0           0           0           0           0           0           0           0           0           0           0
          0           0           0           0           0           0           0           0           0           0           0           0           0 0.000588466           0           0           0           0           0           0           0           0           0           0           0           0           0
          0           0           0           0           0           0           0           0           0           0           0           0           0           0    0.447934           0           0           0           0           0           0           0           0           0           0           0           0
          0           0           0           0           0           0           0           0           0           0           0           0           0           0           0 0.000548065           0           0           0           0           0           0           0           0           0           0           0
          0           0           0           0           0           0           0           0           0           0           0           0           0           0           0           0 0.000312969           0           0           0           0           0           0           0           0           0           0
          0           0           0           0           0           0           0           0           0           0           0           0           0           0           0           0           0 0.000174156           0           0           0           0           0           0           0           0           0
          0           0           0           0           0           0           0           0           0           0           0           0           0           0           0           0           0           0     10.4409           0           0           0           0           0           0           0           0
          0           0           0           0           0           0           0           0           0           0           0           0           0           0           0           0           0           0           0 5.19103e-07           0           0           0           0           0           0           0
          0           0           0           0           0           0           0           0           0           0           0           0           0           0           0           0           0           0           0           0 0.000108595           0           0           0           0           0           0
          0           0           0           0           0           0           0           0           0           0           0           0           0           0           0           0           0           0           0           0           0     3.85993           0           0           0           0           0
          0           0           0           0           0           0           0           0           0           0           0           0           0           0           0           0           0           0           0           0           0           0 9.32655e-05           0           0           0           0
          0           0           0           0           0           0           0           0           0           0           0           0           0           0           0           0           0           0           0           0           0           0           0 0.000276891           0           0           0
          0           0           0           0           0           0           0           0           0           0           0           0           0           0           0           0           0           0           0           0           0           0           0           0     2.58053           0           0
          0           0           0           0           0           0           0           0           0           0           0           0           0           0           0           0           0           0           0           0           0           0           0           0           0     2.13794           0
          0           0           0           0           0           0           0           0           0           0           0           0           0           0           0           0           0           0           0           0           0           0           0           0           0           0 5.77335e-05

New PBMAT:
   0.475097    0.017175   0.0396142    0.869294   0.0306773    0.117855     4.32286
   0.509093   0.0140965   0.0562038    0.923928   0.0689495   0.0469336    0.698813
    0.46559   0.0247001   0.0792415      0.9105    0.165277   0.0191526     106.733
   0.456378   0.0720237   0.0417104    0.841943   0.0117788    0.185467      4.7146
    0.50994    0.114525    0.105516    0.892003   0.0614628   0.0350265     4.01082
   0.446391    0.152107    0.101576    0.843375    0.244775   0.0282368     351.711
   0.465483    0.010187    0.119566    0.858093   0.0522067    0.045997     3.49184
   0.587422   0.0389298   0.0676469    0.854676   0.0139804   0.0414715     1.74358
   0.413812 0.000834007   0.0990434    0.910448   0.0319309    0.156528     1.29177
   0.540806   0.0334042    0.117591    0.874841   0.0136155    0.211698     1.16188
   0.494205   0.0909223   0.0867833    0.777724   0.0714268    0.169606     1.11885
   0.486353   0.0346515    0.194903    0.901125   0.0128895    0.067487     1.50047
   0.473483    0.134368    0.032305    0.930792    0.125995  0.00789381     0.18065
   0.508916   0.0223981    0.141483    0.954265   0.0183878   0.0688376      0.1917
   0.587046   0.0593227     0.19596    0.909835    0.117708   0.0378711     195.255
   0.509302    0.024263    0.235319    0.972919   0.0251834   0.0102072     55.7761
   0.515028   0.0159768   0.0613558    0.945399    0.141941   0.0241194     12.1107
   0.506467    0.057028   0.0508422    0.864515     0.06163  0.00375264     4.43239
   0.514204  0.00849062   0.0705214    0.903356   0.0232686   0.0338156       1.151
   0.505449   0.0585128    0.059955    0.839806  0.00159038   0.0415767      2.8591
   0.486592   0.0867853    0.109182    0.910013    0.023135    0.149971     1.31224
   0.562269   0.0292651   0.0290804    0.905059   0.0109283   0.0266987     4.56425
   0.570889   0.0424895   0.0298065    0.933047   0.0717476   0.0387783     2.91051
     0.5271   0.0165028   0.0686501    0.904972   0.0412911    0.011407     2.26654
   0.498584   0.0829707    0.106053    0.922884   0.0155168    0.146977     1.54304
   0.474514   0.0653723    0.219658    0.859864   0.0235677   0.0153491     39.4372
   0.613439   0.0240184   0.0432713     0.96235    0.223626   0.0460351     1.18886
   0.467051  0.00262183    0.136782    0.881718     0.17547    0.135506      8.1656
    0.53718   0.0169873    0.105555    0.907301   0.0181398   0.0274408     1.05839
   0.477019   0.0217234    0.108782    0.905925   0.0637466   0.0152869     38.7648
   0.527082   0.0917848    0.051825    0.896116   0.0835989   0.0163078     1.03839
   0.491844   0.0563569   0.0440832    0.913177   0.0379329   0.0662166     3.13117
   0.527349    0.011717    0.139176     0.88722   0.0704288    0.101949     1.34998
   0.561814   0.0983406   0.0345562    0.964434     0.08239   0.0112711    0.378297
   0.564977   0.0523808    0.188919    0.861811   0.0127707  0.00876092     18.1758
   0.398065   0.0104966     0.09666    0.872231   0.0553282   0.0785895    0.035066
   0.420111    0.120048   0.0716349    0.942477   0.0180512   0.0919629     2.87955
   0.491864   0.0158438    0.104915    0.932011  0.00683251    0.123134     1.41558
    0.41711   0.0196181    0.122875    0.890399    0.120529     0.10585     2.61755
   0.542967   0.0377998    0.100758    0.801125  0.00779139   0.0467943    0.701378
   0.611779    0.116784    0.103943      0.8346   0.0914283   0.0608782     3.44383
    0.52515    0.059933    0.145763    0.952243   0.0128067   0.0203019     3.10218
   0.524426   0.0797272    0.106008    0.904325    0.167876    0.132449     1.39847
   0.510458   0.0202455    0.143825    0.950422   0.0531884    0.059666      2.7347
   0.541504   0.0398411    0.163234    0.900079     0.12463   0.0814861     24.5336
   0.528557   0.0745214   0.0766527    0.843732   0.0134942   0.0610512     1.55053
   0.462796   0.0293421   0.0771516    0.865675   0.0204368   0.0638346     1.32237
   0.345753    0.250213   0.0317007     0.91123   0.0361098   0.0664106     7.35776
    0.49439    0.054678    0.230475    0.935365    0.156394   0.0672829       165.7
   0.531102   0.0785803    0.246526    0.821334   0.0360664   0.0194634     97.9387

Updating Weight Matrix!
GBVEC AND COST: 0.513969 0.0585728 0.0909971   0.89858   0.05516 0.0710864 0.0897052
Chkpt reached!
new weight matrix:
  0.0133585           0           0           0           0           0           0           0           0           0           0           0           0           0           0           0           0           0           0           0           0           0           0           0           0           0           0
          0  0.00527382           0           0           0           0           0           0           0           0           0           0           0           0           0           0           0           0           0           0           0           0           0           0           0           0           0
          0           0   0.0915389           0           0           0           0           0           0           0           0           0           0           0           0           0           0           0           0           0           0           0           0           0           0           0           0
          0           0           0     187.354           0           0           0           0           0           0           0           0           0           0           0           0           0           0           0           0           0           0           0           0           0           0           0
          0           0           0           0  0.00456734           0           0           0           0           0           0           0           0           0           0           0           0           0           0           0           0           0           0           0           0           0           0
          0           0           0           0           0    0.053366           0           0           0           0           0           0           0           0           0           0           0           0           0           0           0           0           0           0           0           0           0
          0           0           0           0           0           0 7.24898e-06           0           0           0           0           0           0           0           0           0           0           0           0           0           0           0           0           0           0           0           0
          0           0           0           0           0           0           0 5.58939e-07           0           0           0           0           0           0           0           0           0           0           0           0           0           0           0           0           0           0           0
          0           0           0           0           0           0           0           0 0.000468897           0           0           0           0           0           0           0           0           0           0           0           0           0           0           0           0           0           0
          0           0           0           0           0           0           0           0           0      4445.6           0           0           0           0           0           0           0           0           0           0           0           0           0           0           0           0           0
          0           0           0           0           0           0           0           0           0           0 4.78128e-07           0           0           0           0           0           0           0           0           0           0           0           0           0           0           0           0
          0           0           0           0           0           0           0           0           0           0           0 0.000160532           0           0           0           0           0           0           0           0           0           0           0           0           0           0           0
          0           0           0           0           0           0           0           0           0           0           0           0     1.00074           0           0           0           0           0           0           0           0           0           0           0           0           0           0
          0           0           0           0           0           0           0           0           0           0           0           0           0 0.000588466           0           0           0           0           0           0           0           0           0           0           0           0           0
          0           0           0           0           0           0           0           0           0           0           0           0           0           0    0.447934           0           0           0           0           0           0           0           0           0           0           0           0
          0           0           0           0           0           0           0           0           0           0           0           0           0           0           0 0.000548065           0           0           0           0           0           0           0           0           0           0           0
          0           0           0           0           0           0           0           0           0           0           0           0           0           0           0           0 0.000312969           0           0           0           0           0           0           0           0           0           0
          0           0           0           0           0           0           0           0           0           0           0           0           0           0           0           0           0 0.000174156           0           0           0           0           0           0           0           0           0
          0           0           0           0           0           0           0           0           0           0           0           0           0           0           0           0           0           0     10.4409           0           0           0           0           0           0           0           0
          0           0           0           0           0           0           0           0           0           0           0           0           0           0           0           0           0           0           0 5.19103e-07           0           0           0           0           0           0           0
          0           0           0           0           0           0           0           0           0           0           0           0           0           0           0           0           0           0           0           0 0.000108595           0           0           0           0           0           0
          0           0           0           0           0           0           0           0           0           0           0           0           0           0           0           0           0           0           0           0           0     3.85993           0           0           0           0           0
          0           0           0           0           0           0           0           0           0           0           0           0           0           0           0           0           0           0           0           0           0           0 9.32655e-05           0           0           0           0
          0           0           0           0           0           0           0           0           0           0           0           0           0           0           0           0           0           0           0           0           0           0           0 0.000276891           0           0           0
          0           0           0           0           0           0           0           0           0           0           0           0           0           0           0           0           0           0           0           0           0           0           0           0     2.58053           0           0
          0           0           0           0           0           0           0           0           0           0           0           0           0           0           0           0           0           0           0           0           0           0           0           0           0     2.13794           0
          0           0           0           0           0           0           0           0           0           0           0           0           0           0           0           0           0           0           0           0           0           0           0           0           0           0 5.77335e-05

Updating Weight Matrix!
GBVEC AND COST: 0.523744 0.0392658  0.102337  0.889788 0.0596997 0.0812412 0.0179736
Chkpt reached!
new weight matrix:
  0.0133625           0           0           0           0           0           0           0           0           0           0           0           0           0           0           0           0           0           0           0           0           0           0           0           0           0           0
          0  0.00527648           0           0           0           0           0           0           0           0           0           0           0           0           0           0           0           0           0           0           0           0           0           0           0           0           0
          0           0   0.0911414           0           0           0           0           0           0           0           0           0           0           0           0           0           0           0           0           0           0           0           0           0           0           0           0
          0           0           0     171.118           0           0           0           0           0           0           0           0           0           0           0           0           0           0           0           0           0           0           0           0           0           0           0
          0           0           0           0  0.00457157           0           0           0           0           0           0           0           0           0           0           0           0           0           0           0           0           0           0           0           0           0           0
          0           0           0           0           0   0.0533193           0           0           0           0           0           0           0           0           0           0           0           0           0           0           0           0           0           0           0           0           0
          0           0           0           0           0           0 7.25333e-06           0           0           0           0           0           0           0           0           0           0           0           0           0           0           0           0           0           0           0           0
          0           0           0           0           0           0           0 5.59222e-07           0           0           0           0           0           0           0           0           0           0           0           0           0           0           0           0           0           0           0
          0           0           0           0           0           0           0           0 0.000465809           0           0           0           0           0           0           0           0           0           0           0           0           0           0           0           0           0           0
          0           0           0           0           0           0           0           0           0     3726.47           0           0           0           0           0           0           0           0           0           0           0           0           0           0           0           0           0
          0           0           0           0           0           0           0           0           0           0 4.78396e-07           0           0           0           0           0           0           0           0           0           0           0           0           0           0           0           0
          0           0           0           0           0           0           0           0           0           0           0  0.00016003           0           0           0           0           0           0           0           0           0           0           0           0           0           0           0
          0           0           0           0           0           0           0           0           0           0           0           0     1.06797           0           0           0           0           0           0           0           0           0           0           0           0           0           0
          0           0           0           0           0           0           0           0           0           0           0           0           0 0.000586912           0           0           0           0           0           0           0           0           0           0           0           0           0
          0           0           0           0           0           0           0           0           0           0           0           0           0           0    0.409339           0           0           0           0           0           0           0           0           0           0           0           0
          0           0           0           0           0           0           0           0           0           0           0           0           0           0           0 0.000545683           0           0           0           0           0           0           0           0           0           0           0
          0           0           0           0           0           0           0           0           0           0           0           0           0           0           0           0 0.000315018           0           0           0           0           0           0           0           0           0           0
          0           0           0           0           0           0           0           0           0           0           0           0           0           0           0           0           0 0.000174481           0           0           0           0           0           0           0           0           0
          0           0           0           0           0           0           0           0           0           0           0           0           0           0           0           0           0           0     9.34305           0           0           0           0           0           0           0           0
          0           0           0           0           0           0           0           0           0           0           0           0           0           0           0           0           0           0           0 5.19375e-07           0           0           0           0           0           0           0
          0           0           0           0           0           0           0           0           0           0           0           0           0           0           0           0           0           0           0           0 0.000108275           0           0           0           0           0           0
          0           0           0           0           0           0           0           0           0           0           0           0           0           0           0           0           0           0           0           0           0     3.44758           0           0           0           0           0
          0           0           0           0           0           0           0           0           0           0           0           0           0           0           0           0           0           0           0           0           0           0 9.33196e-05           0           0           0           0
          0           0           0           0           0           0           0           0           0           0           0           0           0           0           0           0           0           0           0           0           0           0           0 0.000275508           0           0           0
          0           0           0           0           0           0           0           0           0           0           0           0           0           0           0           0           0           0           0           0           0           0           0           0     2.30203           0           0
          0           0           0           0           0           0           0           0           0           0           0           0           0           0           0           0           0           0           0           0           0           0           0           0           0     1.95047           0
          0           0           0           0           0           0           0           0           0           0           0           0           0           0           0           0           0           0           0           0           0           0           0           0           0           0 5.75491e-05

GBMAT after targeted PSO:
  0.515996  0.0603199   0.103199   0.896801    0.05516  0.0722394    153.413
  0.515996  0.0603199   0.103199   0.896801    0.05516  0.0722394    153.413
  0.513969  0.0585728  0.0909971    0.89858    0.05516  0.0710864    39.2445
  0.513969  0.0585728  0.0909971    0.89858    0.05516  0.0710864  0.0897052
  0.513969  0.0585728  0.0909971    0.89858    0.05516  0.0710864  0.0897052
  0.513969  0.0585728  0.0909971    0.89858    0.05516  0.0710864  0.0897052
  0.513969  0.0585728  0.0909971    0.89858    0.05516  0.0710864  0.0897052
  0.523744  0.0392658   0.102337   0.889788  0.0596997  0.0812412  0.0179736
  0.523744  0.0392658   0.102337   0.889788  0.0596997  0.0812412  0.0179736
  0.523744  0.0392658   0.102337   0.889788  0.0596997  0.0812412  0.0174868
  0.523744  0.0392658   0.102337   0.889788  0.0596997  0.0812412  0.0174868
  0.522867  0.0444801   0.113429    0.87931  0.0435767  0.0867996 0.00884756
   0.52291  0.0542119   0.102969   0.893903  0.0567011  0.0783024 0.00577761
   0.52291  0.0542119   0.102969   0.893903  0.0567011  0.0783024 0.00577761
  0.525699  0.0515591   0.101654   0.897464   0.055853  0.0755928 0.00508897
  0.522335   0.054234    0.10184   0.896742  0.0555609  0.0745895 0.00367145
truk:  0.515996 0.0603199  0.103199  0.896801   0.05516 0.0722394
total difference b/w truk and final GBVEC:8.47555e-05
Wt:
  0.0133625           0           0           0           0           0           0           0           0           0           0           0           0           0           0           0           0           0           0           0           0           0           0           0           0           0           0
          0  0.00527648           0           0           0           0           0           0           0           0           0           0           0           0           0           0           0           0           0           0           0           0           0           0           0           0           0
          0           0   0.0911414           0           0           0           0           0           0           0           0           0           0           0           0           0           0           0           0           0           0           0           0           0           0           0           0
          0           0           0     171.118           0           0           0           0           0           0           0           0           0           0           0           0           0           0           0           0           0           0           0           0           0           0           0
          0           0           0           0  0.00457157           0           0           0           0           0           0           0           0           0           0           0           0           0           0           0           0           0           0           0           0           0           0
          0           0           0           0           0   0.0533193           0           0           0           0           0           0           0           0           0           0           0           0           0           0           0           0           0           0           0           0           0
          0           0           0           0           0           0 7.25333e-06           0           0           0           0           0           0           0           0           0           0           0           0           0           0           0           0           0           0           0           0
          0           0           0           0           0           0           0 5.59222e-07           0           0           0           0           0           0           0           0           0           0           0           0           0           0           0           0           0           0           0
          0           0           0           0           0           0           0           0 0.000465809           0           0           0           0           0           0           0           0           0           0           0           0           0           0           0           0           0           0
          0           0           0           0           0           0           0           0           0     3726.47           0           0           0           0           0           0           0           0           0           0           0           0           0           0           0           0           0
          0           0           0           0           0           0           0           0           0           0 4.78396e-07           0           0           0           0           0           0           0           0           0           0           0           0           0           0           0           0
          0           0           0           0           0           0           0           0           0           0           0  0.00016003           0           0           0           0           0           0           0           0           0           0           0           0           0           0           0
          0           0           0           0           0           0           0           0           0           0           0           0     1.06797           0           0           0           0           0           0           0           0           0           0           0           0           0           0
          0           0           0           0           0           0           0           0           0           0           0           0           0 0.000586912           0           0           0           0           0           0           0           0           0           0           0           0           0
          0           0           0           0           0           0           0           0           0           0           0           0           0           0    0.409339           0           0           0           0           0           0           0           0           0           0           0           0
          0           0           0           0           0           0           0           0           0           0           0           0           0           0           0 0.000545683           0           0           0           0           0           0           0           0           0           0           0
          0           0           0           0           0           0           0           0           0           0           0           0           0           0           0           0 0.000315018           0           0           0           0           0           0           0           0           0           0
          0           0           0           0           0           0           0           0           0           0           0           0           0           0           0           0           0 0.000174481           0           0           0           0           0           0           0           0           0
          0           0           0           0           0           0           0           0           0           0           0           0           0           0           0           0           0           0     9.34305           0           0           0           0           0           0           0           0
          0           0           0           0           0           0           0           0           0           0           0           0           0           0           0           0           0           0           0 5.19375e-07           0           0           0           0           0           0           0
          0           0           0           0           0           0           0           0           0           0           0           0           0           0           0           0           0           0           0           0 0.000108275           0           0           0           0           0           0
          0           0           0           0           0           0           0           0           0           0           0           0           0           0           0           0           0           0           0           0           0     3.44758           0           0           0           0           0
          0           0           0           0           0           0           0           0           0           0           0           0           0           0           0           0           0           0           0           0           0           0 9.33196e-05           0           0           0           0
          0           0           0           0           0           0           0           0           0           0           0           0           0           0           0           0           0           0           0           0           0           0           0 0.000275508           0           0           0
          0           0           0           0           0           0           0           0           0           0           0           0           0           0           0           0           0           0           0           0           0           0           0           0     2.30203           0           0
          0           0           0           0           0           0           0           0           0           0           0           0           0           0           0           0           0           0           0           0           0           0           0           0           0     1.95047           0
          0           0           0           0           0           0           0           0           0           0           0           0           0           0           0           0           0           0           0           0           0           0           0           0           0           0 5.75491e-05
CODE FINISHED RUNNING IN 91 s TIME!
Job Statistics for 2000369:
           JobID       User               Start                 End    Elapsed     MaxRSS   TotalCPU      State Exit        NodeList                                  ReqTRES 
---------------- ---------- ------------------- ------------------- ---------- ---------- ---------- ---------- ---- --------------- ---------------------------------------- 
         2000369   rsjxw007 2021-08-23T18:07:12 2021-08-23T18:08:45   00:01:33             01:31.673  COMPLETED  0:0   r1pl-hpcf-n21        billing=2,cpu=2,mem=15624M,node=1 
   2000369.batch            2021-08-23T18:07:12 2021-08-23T18:08:45   00:01:33      2.59M  01:31.672  COMPLETED  0:0   r1pl-hpcf-n21                                          
  2000369.extern            2021-08-23T18:07:12 2021-08-23T18:08:45   00:01:33          0  00:00.001  COMPLETED  0:0   r1pl-hpcf-n21                                          
CPU Efficiency: 49.46% of 00:03:06 core-walltime
