PSO_S_ODE_NonLinear
Using two part PSO Sample Size:5000 with:27 moments.
Using Times:10 30 50
Bounds for Uniform Distribution (0,1)
Blind PSO --> nParts:100 Nsteps:10
Targeted PSO --> nParts:20 Nsteps:60
sdbeta:0.1
wt:
1 0 0 0 0 0 0 0 0 0 0 0 0 0 0 0 0 0 0 0 0 0 0 0 0 0 0
0 1 0 0 0 0 0 0 0 0 0 0 0 0 0 0 0 0 0 0 0 0 0 0 0 0 0
0 0 1 0 0 0 0 0 0 0 0 0 0 0 0 0 0 0 0 0 0 0 0 0 0 0 0
0 0 0 1 0 0 0 0 0 0 0 0 0 0 0 0 0 0 0 0 0 0 0 0 0 0 0
0 0 0 0 1 0 0 0 0 0 0 0 0 0 0 0 0 0 0 0 0 0 0 0 0 0 0
0 0 0 0 0 1 0 0 0 0 0 0 0 0 0 0 0 0 0 0 0 0 0 0 0 0 0
0 0 0 0 0 0 1 0 0 0 0 0 0 0 0 0 0 0 0 0 0 0 0 0 0 0 0
0 0 0 0 0 0 0 1 0 0 0 0 0 0 0 0 0 0 0 0 0 0 0 0 0 0 0
0 0 0 0 0 0 0 0 1 0 0 0 0 0 0 0 0 0 0 0 0 0 0 0 0 0 0
0 0 0 0 0 0 0 0 0 1 0 0 0 0 0 0 0 0 0 0 0 0 0 0 0 0 0
0 0 0 0 0 0 0 0 0 0 1 0 0 0 0 0 0 0 0 0 0 0 0 0 0 0 0
0 0 0 0 0 0 0 0 0 0 0 1 0 0 0 0 0 0 0 0 0 0 0 0 0 0 0
0 0 0 0 0 0 0 0 0 0 0 0 1 0 0 0 0 0 0 0 0 0 0 0 0 0 0
0 0 0 0 0 0 0 0 0 0 0 0 0 1 0 0 0 0 0 0 0 0 0 0 0 0 0
0 0 0 0 0 0 0 0 0 0 0 0 0 0 1 0 0 0 0 0 0 0 0 0 0 0 0
0 0 0 0 0 0 0 0 0 0 0 0 0 0 0 1 0 0 0 0 0 0 0 0 0 0 0
0 0 0 0 0 0 0 0 0 0 0 0 0 0 0 0 1 0 0 0 0 0 0 0 0 0 0
0 0 0 0 0 0 0 0 0 0 0 0 0 0 0 0 0 1 0 0 0 0 0 0 0 0 0
0 0 0 0 0 0 0 0 0 0 0 0 0 0 0 0 0 0 1 0 0 0 0 0 0 0 0
0 0 0 0 0 0 0 0 0 0 0 0 0 0 0 0 0 0 0 1 0 0 0 0 0 0 0
0 0 0 0 0 0 0 0 0 0 0 0 0 0 0 0 0 0 0 0 1 0 0 0 0 0 0
0 0 0 0 0 0 0 0 0 0 0 0 0 0 0 0 0 0 0 0 0 1 0 0 0 0 0
0 0 0 0 0 0 0 0 0 0 0 0 0 0 0 0 0 0 0 0 0 0 1 0 0 0 0
0 0 0 0 0 0 0 0 0 0 0 0 0 0 0 0 0 0 0 0 0 0 0 1 0 0 0
0 0 0 0 0 0 0 0 0 0 0 0 0 0 0 0 0 0 0 0 0 0 0 0 1 0 0
0 0 0 0 0 0 0 0 0 0 0 0 0 0 0 0 0 0 0 0 0 0 0 0 0 1 0
0 0 0 0 0 0 0 0 0 0 0 0 0 0 0 0 0 0 0 0 0 0 0 0 0 0 1
mu: 80 120  85
covarMat:
 50   0   0
  0 100   0
  0   0  50

Yt:  11.1758   11.7845   7.49479  0.351489   19.6307   8.69427   153.659   341.531   35.6202 0.0498743   466.398   49.4188    2.2623   29.8646   1.80585   33.9327   36.7898   43.2544  0.440151   385.226   47.3354  0.903726   79.7783   40.6561   1.39375   1.09222   89.0838 with truk cost:1328.84
seedk:  0.42831  0.135276 0.0493256  0.506132  0.660331  0.139778| cost:36789.8
Xt: 9.49682  14.5529  9.55943 0.793909  24.9063  2.98065  125.841  399.093  57.0472 0.262873  595.845  5.81212  4.06391  33.6354  3.63834  41.3377  10.5734  65.1861  1.69623  465.976  20.6461  2.83845  125.072   18.014  4.79755 0.905003  39.5651
PSO begins!
New GBMAT from blind pso!
  0.42831  0.135276 0.0493256  0.506132  0.660331  0.139778   36789.8
  0.42831  0.135276 0.0493256  0.506132  0.660331  0.139778   36789.8


underflow!0.000214987
pos   0.671773     0.73849    0.570884 0.000214987    0.441157     0.62334
overflow!
underflow!0.00188444
pos  0.784752   0.917444   0.412498   0.803684   0.428356 0.00188444
underflow!0.000915417
pos   0.612364     0.56541    0.802013    0.983787 0.000915417    0.206226
underflow!0.0024109
pos0.0024109 0.0821955   0.14575  0.452849  0.807466  0.581554
New GBMAT from blind pso!
  0.42831  0.135276 0.0493256  0.506132  0.660331  0.139778   36789.8
  0.42831  0.135276 0.0493256  0.506132  0.660331  0.139778   36789.8
 0.658912  0.645303  0.539623  0.674045 0.0551129  0.491537    785.76


New GBMAT from blind pso!
  0.42831  0.135276 0.0493256  0.506132  0.660331  0.139778   36789.8
  0.42831  0.135276 0.0493256  0.506132  0.660331  0.139778   36789.8
 0.658912  0.645303  0.539623  0.674045 0.0551129  0.491537    785.76
 0.390719  0.229706  0.105753  0.734755  0.385575 0.0849713   431.203


New GBMAT from blind pso!
  0.42831  0.135276 0.0493256  0.506132  0.660331  0.139778   36789.8
  0.42831  0.135276 0.0493256  0.506132  0.660331  0.139778   36789.8
 0.658912  0.645303  0.539623  0.674045 0.0551129  0.491537    785.76
 0.390719  0.229706  0.105753  0.734755  0.385575 0.0849713   431.203
 0.390719  0.229706  0.105753  0.734755  0.385575 0.0849713   431.203


New GBMAT from blind pso!
  0.42831  0.135276 0.0493256  0.506132  0.660331  0.139778   36789.8
  0.42831  0.135276 0.0493256  0.506132  0.660331  0.139778   36789.8
 0.658912  0.645303  0.539623  0.674045 0.0551129  0.491537    785.76
 0.390719  0.229706  0.105753  0.734755  0.385575 0.0849713   431.203
 0.390719  0.229706  0.105753  0.734755  0.385575 0.0849713   431.203
 0.385798  0.229706  0.108533  0.714264  0.369519 0.0863703   419.745


New GBMAT from blind pso!
  0.42831  0.135276 0.0493256  0.506132  0.660331  0.139778   36789.8
  0.42831  0.135276 0.0493256  0.506132  0.660331  0.139778   36789.8
 0.658912  0.645303  0.539623  0.674045 0.0551129  0.491537    785.76
 0.390719  0.229706  0.105753  0.734755  0.385575 0.0849713   431.203
 0.390719  0.229706  0.105753  0.734755  0.385575 0.0849713   431.203
 0.385798  0.229706  0.108533  0.714264  0.369519 0.0863703   419.745
 0.385798  0.229706  0.108533  0.714264  0.369519 0.0863703   419.745


New GBMAT from blind pso!
  0.42831  0.135276 0.0493256  0.506132  0.660331  0.139778   36789.8
  0.42831  0.135276 0.0493256  0.506132  0.660331  0.139778   36789.8
 0.658912  0.645303  0.539623  0.674045 0.0551129  0.491537    785.76
 0.390719  0.229706  0.105753  0.734755  0.385575 0.0849713   431.203
 0.390719  0.229706  0.105753  0.734755  0.385575 0.0849713   431.203
 0.385798  0.229706  0.108533  0.714264  0.369519 0.0863703   419.745
 0.385798  0.229706  0.108533  0.714264  0.369519 0.0863703   419.745
 0.385798  0.229706  0.108533  0.714264  0.369519 0.0863703   419.745


New GBMAT from blind pso!
  0.42831  0.135276 0.0493256  0.506132  0.660331  0.139778   36789.8
  0.42831  0.135276 0.0493256  0.506132  0.660331  0.139778   36789.8
 0.658912  0.645303  0.539623  0.674045 0.0551129  0.491537    785.76
 0.390719  0.229706  0.105753  0.734755  0.385575 0.0849713   431.203
 0.390719  0.229706  0.105753  0.734755  0.385575 0.0849713   431.203
 0.385798  0.229706  0.108533  0.714264  0.369519 0.0863703   419.745
 0.385798  0.229706  0.108533  0.714264  0.369519 0.0863703   419.745
 0.385798  0.229706  0.108533  0.714264  0.369519 0.0863703   419.745
 0.390515  0.227241  0.109323  0.720157  0.362489 0.0866915   412.292


New GBMAT from blind pso!
  0.42831  0.135276 0.0493256  0.506132  0.660331  0.139778   36789.8
  0.42831  0.135276 0.0493256  0.506132  0.660331  0.139778   36789.8
 0.658912  0.645303  0.539623  0.674045 0.0551129  0.491537    785.76
 0.390719  0.229706  0.105753  0.734755  0.385575 0.0849713   431.203
 0.390719  0.229706  0.105753  0.734755  0.385575 0.0849713   431.203
 0.385798  0.229706  0.108533  0.714264  0.369519 0.0863703   419.745
 0.385798  0.229706  0.108533  0.714264  0.369519 0.0863703   419.745
 0.385798  0.229706  0.108533  0.714264  0.369519 0.0863703   419.745
 0.390515  0.227241  0.109323  0.720157  0.362489 0.0866915   412.292
 0.390515  0.227241  0.109323  0.720157  0.362489 0.0866915   412.292


New GBMAT from blind pso!
  0.42831  0.135276 0.0493256  0.506132  0.660331  0.139778   36789.8
  0.42831  0.135276 0.0493256  0.506132  0.660331  0.139778   36789.8
 0.658912  0.645303  0.539623  0.674045 0.0551129  0.491537    785.76
 0.390719  0.229706  0.105753  0.734755  0.385575 0.0849713   431.203
 0.390719  0.229706  0.105753  0.734755  0.385575 0.0849713   431.203
 0.385798  0.229706  0.108533  0.714264  0.369519 0.0863703   419.745
 0.385798  0.229706  0.108533  0.714264  0.369519 0.0863703   419.745
 0.385798  0.229706  0.108533  0.714264  0.369519 0.0863703   419.745
 0.390515  0.227241  0.109323  0.720157  0.362489 0.0866915   412.292
 0.390515  0.227241  0.109323  0.720157  0.362489 0.0866915   412.292
 0.388256  0.210428  0.108958  0.708171  0.327997 0.0878432   397.519


GBMAT from blind PSO:

  0.42831  0.135276 0.0493256  0.506132  0.660331  0.139778   36789.8
  0.42831  0.135276 0.0493256  0.506132  0.660331  0.139778   36789.8
 0.658912  0.645303  0.539623  0.674045 0.0551129  0.491537    785.76
 0.390719  0.229706  0.105753  0.734755  0.385575 0.0849713   431.203
 0.390719  0.229706  0.105753  0.734755  0.385575 0.0849713   431.203
 0.385798  0.229706  0.108533  0.714264  0.369519 0.0863703   419.745
 0.385798  0.229706  0.108533  0.714264  0.369519 0.0863703   419.745
 0.385798  0.229706  0.108533  0.714264  0.369519 0.0863703   419.745
 0.390515  0.227241  0.109323  0.720157  0.362489 0.0866915   412.292
 0.390515  0.227241  0.109323  0.720157  0.362489 0.0866915   412.292
 0.388256  0.210428  0.108958  0.708171  0.327997 0.0878432   397.519

truk:  0.515996 0.0603199  0.103199  0.896801   0.05516 0.0722394
total difference b/w truk and final GBVEC0.149148

blind PSO FINISHED RUNNING IN 397 s TIME!
targeted PSO has started!
Updating Weight Matrix!
GBVEC AND COST: 0.388256  0.210428  0.108958  0.708171  0.327997 0.0878432   397.519
Chkpt reached!
new weight matrix:
 0.00298204           0           0           0           0           0           0           0           0           0           0           0           0           0           0           0           0           0           0           0           0           0           0           0           0           0           0
          0  0.00113352           0           0           0           0           0           0           0           0           0           0           0           0           0           0           0           0           0           0           0           0           0           0           0           0           0
          0           0   0.0200419           0           0           0           0           0           0           0           0           0           0           0           0           0           0           0           0           0           0           0           0           0           0           0           0
          0           0           0     40.7521           0           0           0           0           0           0           0           0           0           0           0           0           0           0           0           0           0           0           0           0           0           0           0
          0           0           0           0 0.000991189           0           0           0           0           0           0           0           0           0           0           0           0           0           0           0           0           0           0           0           0           0           0
          0           0           0           0           0   0.0148062           0           0           0           0           0           0           0           0           0           0           0           0           0           0           0           0           0           0           0           0           0
          0           0           0           0           0           0 1.56326e-07           0           0           0           0           0           0           0           0           0           0           0           0           0           0           0           0           0           0           0           0
          0           0           0           0           0           0           0 1.66342e-08           0           0           0           0           0           0           0           0           0           0           0           0           0           0           0           0           0           0           0
          0           0           0           0           0           0           0           0 1.10608e-05           0           0           0           0           0           0           0           0           0           0           0           0           0           0           0           0           0           0
          0           0           0           0           0           0           0           0           0     110.124           0           0           0           0           0           0           0           0           0           0           0           0           0           0           0           0           0
          0           0           0           0           0           0           0           0           0           0 1.41353e-08           0           0           0           0           0           0           0           0           0           0           0           0           0           0           0           0
          0           0           0           0           0           0           0           0           0           0           0 5.91963e-06           0           0           0           0           0           0           0           0           0           0           0           0           0           0           0
          0           0           0           0           0           0           0           0           0           0           0           0   0.0169615           0           0           0           0           0           0           0           0           0           0           0           0           0           0
          0           0           0           0           0           0           0           0           0           0           0           0           0 1.06008e-05           0           0           0           0           0           0           0           0           0           0           0           0           0
          0           0           0           0           0           0           0           0           0           0           0           0           0           0   0.0110845           0           0           0           0           0           0           0           0           0           0           0           0
          0           0           0           0           0           0           0           0           0           0           0           0           0           0           0 9.98335e-06           0           0           0           0           0           0           0           0           0           0           0
          0           0           0           0           0           0           0           0           0           0           0           0           0           0           0           0 7.02532e-06           0           0           0           0           0           0           0           0           0           0
          0           0           0           0           0           0           0           0           0           0           0           0           0           0           0           0           0 4.79972e-06           0           0           0           0           0           0           0           0           0
          0           0           0           0           0           0           0           0           0           0           0           0           0           0           0           0           0           0    0.247101           0           0           0           0           0           0           0           0
          0           0           0           0           0           0           0           0           0           0           0           0           0           0           0           0           0           0           0 1.53922e-08           0           0           0           0           0           0           0
          0           0           0           0           0           0           0           0           0           0           0           0           0           0           0           0           0           0           0           0 3.76765e-06           0           0           0           0           0           0
          0           0           0           0           0           0           0           0           0           0           0           0           0           0           0           0           0           0           0           0           0   0.0914862           0           0           0           0           0
          0           0           0           0           0           0           0           0           0           0           0           0           0           0           0           0           0           0           0           0           0           0  2.5408e-06           0           0           0           0
          0           0           0           0           0           0           0           0           0           0           0           0           0           0           0           0           0           0           0           0           0           0           0 8.10821e-06           0           0           0
          0           0           0           0           0           0           0           0           0           0           0           0           0           0           0           0           0           0           0           0           0           0           0           0    0.061287           0           0
          0           0           0           0           0           0           0           0           0           0           0           0           0           0           0           0           0           0           0           0           0           0           0           0           0   0.0649279           0
          0           0           0           0           0           0           0           0           0           0           0           0           0           0           0           0           0           0           0           0           0           0           0           0           0           0 1.96256e-06

New PBMAT:
 0.373061  0.249278 0.0443553  0.770861  0.390083 0.0339517   9.08426
  0.36184   0.31906  0.117349   0.71105  0.302491 0.0582253     54.72
 0.278871  0.181745  0.112798  0.724881  0.270736  0.112757   9.93962
 0.322249  0.241125 0.0993959  0.732928  0.228952 0.0623883   13.5746
 0.331002  0.172851 0.0952542  0.683791  0.372073 0.0713112    42.622
 0.389599  0.205469 0.0559502  0.721589  0.384585 0.0566723   10.4019
 0.385718  0.237515  0.155108  0.672189  0.326221  0.077872   114.496
 0.279022  0.165642 0.0178172   0.78126   0.39487 0.0831978   2.76296
 0.417576  0.201293 0.0455654  0.791835  0.414556  0.139308  0.978556
 0.343187  0.214149 0.0893616  0.704285  0.312546  0.119313   6.31078
 0.428199   0.17835 0.0897277  0.711718  0.335077 0.0772516   22.5229
 0.351063  0.185477 0.0740149  0.641031  0.342483 0.0602537   26.3527
 0.431772  0.335676 0.0794497  0.763582  0.312974  0.049342    20.166
 0.355072  0.231653  0.055845  0.742363  0.332438  0.180338   1.28665
 0.401891  0.113421  0.124215  0.715094  0.369746 0.0165677   817.931
 0.336793  0.286397  0.261884  0.791916   0.34349 0.0692735   335.783
 0.361682  0.238666  0.116355  0.623764  0.237224 0.0775039   29.3771
 0.365815  0.245774 0.0415971  0.672664  0.330791 0.0623531    1.9028
 0.373771  0.192769  0.168502  0.683087    0.3812  0.106222   113.703
 0.412918  0.207699 0.0486668  0.743247  0.313577 0.0769609   1.29463

Updating Weight Matrix!
GBVEC AND COST: 0.426391   0.18022 0.0411399  0.699727  0.287492 0.0804061  0.732218
Chkpt reached!
new weight matrix:
 0.00298204           0           0           0           0           0           0           0           0           0           0           0           0           0           0           0           0           0           0           0           0           0           0           0           0           0           0
          0  0.00113352           0           0           0           0           0           0           0           0           0           0           0           0           0           0           0           0           0           0           0           0           0           0           0           0           0
          0           0   0.0200419           0           0           0           0           0           0           0           0           0           0           0           0           0           0           0           0           0           0           0           0           0           0           0           0
          0           0           0     40.7521           0           0           0           0           0           0           0           0           0           0           0           0           0           0           0           0           0           0           0           0           0           0           0
          0           0           0           0 0.000991189           0           0           0           0           0           0           0           0           0           0           0           0           0           0           0           0           0           0           0           0           0           0
          0           0           0           0           0   0.0148062           0           0           0           0           0           0           0           0           0           0           0           0           0           0           0           0           0           0           0           0           0
          0           0           0           0           0           0 1.56326e-07           0           0           0           0           0           0           0           0           0           0           0           0           0           0           0           0           0           0           0           0
          0           0           0           0           0           0           0 1.66342e-08           0           0           0           0           0           0           0           0           0           0           0           0           0           0           0           0           0           0           0
          0           0           0           0           0           0           0           0 1.10608e-05           0           0           0           0           0           0           0           0           0           0           0           0           0           0           0           0           0           0
          0           0           0           0           0           0           0           0           0     110.124           0           0           0           0           0           0           0           0           0           0           0           0           0           0           0           0           0
          0           0           0           0           0           0           0           0           0           0 1.41353e-08           0           0           0           0           0           0           0           0           0           0           0           0           0           0           0           0
          0           0           0           0           0           0           0           0           0           0           0 5.91963e-06           0           0           0           0           0           0           0           0           0           0           0           0           0           0           0
          0           0           0           0           0           0           0           0           0           0           0           0   0.0169615           0           0           0           0           0           0           0           0           0           0           0           0           0           0
          0           0           0           0           0           0           0           0           0           0           0           0           0 1.06008e-05           0           0           0           0           0           0           0           0           0           0           0           0           0
          0           0           0           0           0           0           0           0           0           0           0           0           0           0   0.0110845           0           0           0           0           0           0           0           0           0           0           0           0
          0           0           0           0           0           0           0           0           0           0           0           0           0           0           0 9.98335e-06           0           0           0           0           0           0           0           0           0           0           0
          0           0           0           0           0           0           0           0           0           0           0           0           0           0           0           0 7.02532e-06           0           0           0           0           0           0           0           0           0           0
          0           0           0           0           0           0           0           0           0           0           0           0           0           0           0           0           0 4.79972e-06           0           0           0           0           0           0           0           0           0
          0           0           0           0           0           0           0           0           0           0           0           0           0           0           0           0           0           0    0.247101           0           0           0           0           0           0           0           0
          0           0           0           0           0           0           0           0           0           0           0           0           0           0           0           0           0           0           0 1.53922e-08           0           0           0           0           0           0           0
          0           0           0           0           0           0           0           0           0           0           0           0           0           0           0           0           0           0           0           0 3.76765e-06           0           0           0           0           0           0
          0           0           0           0           0           0           0           0           0           0           0           0           0           0           0           0           0           0           0           0           0   0.0914862           0           0           0           0           0
          0           0           0           0           0           0           0           0           0           0           0           0           0           0           0           0           0           0           0           0           0           0  2.5408e-06           0           0           0           0
          0           0           0           0           0           0           0           0           0           0           0           0           0           0           0           0           0           0           0           0           0           0           0 8.10821e-06           0           0           0
          0           0           0           0           0           0           0           0           0           0           0           0           0           0           0           0           0           0           0           0           0           0           0           0    0.061287           0           0
          0           0           0           0           0           0           0           0           0           0           0           0           0           0           0           0           0           0           0           0           0           0           0           0           0   0.0649279           0
          0           0           0           0           0           0           0           0           0           0           0           0           0           0           0           0           0           0           0           0           0           0           0           0           0           0 1.96256e-06

Updating Weight Matrix!
GBVEC AND COST: 0.482824  0.122475 0.0255257  0.687874  0.212043 0.0273317  0.429263
Chkpt reached!
new weight matrix:
 0.00298204           0           0           0           0           0           0           0           0           0           0           0           0           0           0           0           0           0           0           0           0           0           0           0           0           0           0
          0  0.00113352           0           0           0           0           0           0           0           0           0           0           0           0           0           0           0           0           0           0           0           0           0           0           0           0           0
          0           0   0.0200419           0           0           0           0           0           0           0           0           0           0           0           0           0           0           0           0           0           0           0           0           0           0           0           0
          0           0           0     40.7521           0           0           0           0           0           0           0           0           0           0           0           0           0           0           0           0           0           0           0           0           0           0           0
          0           0           0           0 0.000991189           0           0           0           0           0           0           0           0           0           0           0           0           0           0           0           0           0           0           0           0           0           0
          0           0           0           0           0   0.0148062           0           0           0           0           0           0           0           0           0           0           0           0           0           0           0           0           0           0           0           0           0
          0           0           0           0           0           0 1.56326e-07           0           0           0           0           0           0           0           0           0           0           0           0           0           0           0           0           0           0           0           0
          0           0           0           0           0           0           0 1.66342e-08           0           0           0           0           0           0           0           0           0           0           0           0           0           0           0           0           0           0           0
          0           0           0           0           0           0           0           0 1.10608e-05           0           0           0           0           0           0           0           0           0           0           0           0           0           0           0           0           0           0
          0           0           0           0           0           0           0           0           0     110.124           0           0           0           0           0           0           0           0           0           0           0           0           0           0           0           0           0
          0           0           0           0           0           0           0           0           0           0 1.41353e-08           0           0           0           0           0           0           0           0           0           0           0           0           0           0           0           0
          0           0           0           0           0           0           0           0           0           0           0 5.91963e-06           0           0           0           0           0           0           0           0           0           0           0           0           0           0           0
          0           0           0           0           0           0           0           0           0           0           0           0   0.0169615           0           0           0           0           0           0           0           0           0           0           0           0           0           0
          0           0           0           0           0           0           0           0           0           0           0           0           0 1.06008e-05           0           0           0           0           0           0           0           0           0           0           0           0           0
          0           0           0           0           0           0           0           0           0           0           0           0           0           0   0.0110845           0           0           0           0           0           0           0           0           0           0           0           0
          0           0           0           0           0           0           0           0           0           0           0           0           0           0           0 9.98335e-06           0           0           0           0           0           0           0           0           0           0           0
          0           0           0           0           0           0           0           0           0           0           0           0           0           0           0           0 7.02532e-06           0           0           0           0           0           0           0           0           0           0
          0           0           0           0           0           0           0           0           0           0           0           0           0           0           0           0           0 4.79972e-06           0           0           0           0           0           0           0           0           0
          0           0           0           0           0           0           0           0           0           0           0           0           0           0           0           0           0           0    0.247101           0           0           0           0           0           0           0           0
          0           0           0           0           0           0           0           0           0           0           0           0           0           0           0           0           0           0           0 1.53922e-08           0           0           0           0           0           0           0
          0           0           0           0           0           0           0           0           0           0           0           0           0           0           0           0           0           0           0           0 3.76765e-06           0           0           0           0           0           0
          0           0           0           0           0           0           0           0           0           0           0           0           0           0           0           0           0           0           0           0           0   0.0914862           0           0           0           0           0
          0           0           0           0           0           0           0           0           0           0           0           0           0           0           0           0           0           0           0           0           0           0  2.5408e-06           0           0           0           0
          0           0           0           0           0           0           0           0           0           0           0           0           0           0           0           0           0           0           0           0           0           0           0 8.10821e-06           0           0           0
          0           0           0           0           0           0           0           0           0           0           0           0           0           0           0           0           0           0           0           0           0           0           0           0    0.061287           0           0
          0           0           0           0           0           0           0           0           0           0           0           0           0           0           0           0           0           0           0           0           0           0           0           0           0   0.0649279           0
          0           0           0           0           0           0           0           0           0           0           0           0           0           0           0           0           0           0           0           0           0           0           0           0           0           0 1.96256e-06

underflow!0.00472288
pos  0.457364  0.0981464  0.0354499   0.754492    0.08452 0.00472288
underflow!0.00402621
pos  0.453793   0.101133  0.0343189   0.711643  0.0823243 0.00402621
underflow!0.00486173
pos  0.477038  0.0993246  0.0371215   0.760154  0.0934454 0.00486173
underflow!0.00493934
pos  0.463353  0.0934821  0.0360498   0.749045   0.064512 0.00493934
GBMAT after targeted PSO:
   0.42831   0.135276  0.0493256   0.506132   0.660331   0.139778    36789.8
   0.42831   0.135276  0.0493256   0.506132   0.660331   0.139778    36789.8
  0.658912   0.645303   0.539623   0.674045  0.0551129   0.491537     785.76
  0.390719   0.229706   0.105753   0.734755   0.385575  0.0849713    431.203
  0.390719   0.229706   0.105753   0.734755   0.385575  0.0849713    431.203
  0.385798   0.229706   0.108533   0.714264   0.369519  0.0863703    419.745
  0.385798   0.229706   0.108533   0.714264   0.369519  0.0863703    419.745
  0.385798   0.229706   0.108533   0.714264   0.369519  0.0863703    419.745
  0.390515   0.227241   0.109323   0.720157   0.362489  0.0866915    412.292
  0.390515   0.227241   0.109323   0.720157   0.362489  0.0866915    412.292
  0.388256   0.210428   0.108958   0.708171   0.327997  0.0878432    397.519
  0.388256   0.210428   0.108958   0.708171   0.327997  0.0878432    28.7008
  0.388256   0.210428   0.108958   0.708171   0.327997  0.0878432    28.7008
  0.310894   0.214561    0.05208   0.726773   0.340951  0.0794656    2.17046
  0.353208    0.22998  0.0383485   0.703652    0.33766  0.0948963     1.0692
  0.432236   0.240723  0.0278192    0.74773   0.382489  0.0578399   0.883453
  0.442588   0.231968  0.0282036   0.740001   0.374278  0.0563475    0.83821
  0.426391    0.18022  0.0411399   0.699727   0.287492  0.0804061   0.732218
  0.426391    0.18022  0.0411399   0.699727   0.287492  0.0804061   0.732218
  0.426391    0.18022  0.0411399   0.699727   0.287492  0.0804061   0.732218
  0.426334   0.166379  0.0306784   0.620375   0.243288  0.0518847   0.623616
  0.485564   0.164498  0.0298344   0.677191   0.250214  0.0425884   0.537161
  0.485564   0.164498  0.0298344   0.677191   0.250214  0.0425884   0.537161
   0.48714  0.0958696  0.0231272   0.669189   0.243661  0.0248094   0.498911
   0.48714  0.0958696  0.0231272   0.669189   0.243661  0.0248094   0.498911
   0.48714  0.0958696  0.0231272   0.669189   0.243661  0.0248094   0.498911
   0.48714  0.0958696  0.0231272   0.669189   0.243661  0.0248094   0.498911
   0.48714  0.0958696  0.0231272   0.669189   0.243661  0.0248094   0.498911
   0.47214   0.112695  0.0251919   0.662664   0.228279  0.0287047   0.466492
   0.47214   0.112695  0.0251919   0.662664   0.228279  0.0287047   0.466492
  0.476732   0.117955  0.0245492   0.662027    0.22703  0.0256115   0.458046
  0.476732   0.117955  0.0245492   0.662027    0.22703  0.0256115   0.458046
  0.476732   0.117955  0.0245492   0.662027    0.22703  0.0256115   0.458046
  0.476732   0.117955  0.0245492   0.662027    0.22703  0.0256115   0.458046
  0.416161   0.127747   0.026996   0.722948   0.242313  0.0286849   0.442243
  0.416161   0.127747   0.026996   0.722948   0.242313  0.0286849   0.442243
  0.482824   0.122475  0.0255257   0.687874   0.212043  0.0273317   0.429263
  0.482824   0.122475  0.0255257   0.687874   0.212043  0.0273317   0.429263
  0.482824   0.122475  0.0255257   0.687874   0.212043  0.0273317   0.429263
  0.484136  0.0949356  0.0325014   0.701595   0.199635  0.0377251   0.369889
  0.480104   0.101357  0.0295446   0.695476   0.198552  0.0322652   0.368201
  0.480104   0.101357  0.0291905   0.695851   0.198552  0.0299273    0.35915
  0.467465   0.104624  0.0297885   0.718061   0.191332    0.02939   0.327105
  0.467301   0.132947  0.0297885   0.718061   0.172695   0.025761   0.299069
  0.474471   0.106485  0.0378676   0.682792   0.134441  0.0261536   0.214278
  0.474471   0.106485  0.0378676   0.682792   0.134441  0.0261536   0.214278
  0.462786   0.111486  0.0356596   0.695606   0.136882   0.026635   0.176317
  0.462786   0.111486  0.0356596   0.695606   0.136882   0.026635   0.176317
  0.470117   0.117452  0.0352862   0.742002   0.145089  0.0227774   0.161545
  0.470117   0.117452  0.0352862   0.742002   0.145089  0.0227774   0.161545
  0.447172   0.116806  0.0340825   0.730844    0.12788   0.016971   0.117275
  0.447172   0.116806  0.0340825   0.730844    0.12788   0.016971   0.117275
  0.447172   0.116806  0.0340825   0.730844    0.12788   0.016971   0.117275
   0.45099   0.109095  0.0350012   0.713809   0.113533  0.0143921  0.0952739
   0.46181   0.109095  0.0350012   0.725273   0.113533  0.0143921  0.0858007
  0.466742   0.111102     0.0345   0.758748  0.0981422  0.0106003   0.058524
  0.460923   0.109819   0.034461   0.754543   0.100211  0.0103211  0.0513279
  0.459213   0.109202  0.0351233   0.759132    0.10235  0.0109496  0.0483332
  0.455885   0.111449  0.0352741   0.762122   0.100712  0.0091305  0.0473926
  0.456313   0.110818  0.0350927   0.759117    0.10078 0.00941835  0.0463309
  0.472658   0.108155  0.0350168   0.758358  0.0962828 0.00819547  0.0416407
  0.469044   0.113303  0.0342077   0.751526  0.0924908 0.00744365  0.0393143
  0.461396   0.110011  0.0346339   0.748667  0.0938529 0.00785746  0.0389474
  0.461384    0.11017  0.0346312   0.749578  0.0938495 0.00785617    0.03875
   0.46017   0.109133  0.0345484     0.7611  0.0857288 0.00589963  0.0340588
  0.461045  0.0956095  0.0354515   0.755213  0.0846532 0.00651088  0.0300576
  0.458918  0.0966325  0.0356103   0.758998  0.0827372 0.00591027  0.0286521
  0.464731  0.0993811  0.0362486   0.759312  0.0829233 0.00659591  0.0271534
  0.464731  0.0993811  0.0362486   0.759312  0.0829233 0.00659591  0.0271534
   0.46294   0.101117  0.0362011   0.759873   0.078675 0.00565898  0.0261222
  0.468505   0.103461  0.0368255   0.761002  0.0799754 0.00631767  0.0248441
  0.472238    0.10261  0.0374812   0.747268  0.0747806 0.00628051  0.0230599
  0.472238    0.10261  0.0374812   0.747268  0.0747806 0.00628051  0.0230599
  0.472238    0.10261  0.0374812   0.747268  0.0747806 0.00628051  0.0230599
truk:  0.515996 0.0603199  0.103199  0.896801   0.05516 0.0722394
total difference b/w truk and final GBVEC:0.0351176
CODE FINISHED RUNNING IN 866 s TIME!
Job Statistics for 2001404:
           JobID       User               Start                 End    Elapsed     MaxRSS   TotalCPU      State Exit        NodeList                                  ReqTRES 
---------------- ---------- ------------------- ------------------- ---------- ---------- ---------- ---------- ---- --------------- ---------------------------------------- 
         2001404   rsjxw007 2021-08-25T18:15:10 2021-08-25T18:29:37   00:14:27             14:23.144  COMPLETED  0:0   r1pl-hpcf-n21        billing=2,cpu=2,mem=15624M,node=1 
   2001404.batch            2021-08-25T18:15:10 2021-08-25T18:29:37   00:14:27      2.75M  14:23.142  COMPLETED  0:0   r1pl-hpcf-n21                                          
  2001404.extern            2021-08-25T18:15:10 2021-08-25T18:29:37   00:14:27          0  00:00.001  COMPLETED  0:0   r1pl-hpcf-n21                                          
CPU Efficiency: 49.77% of 00:28:54 core-walltime
