PSO_S_ODE_NonLinear
Using two part PSO Sample Size:10000 with:27 moments.
Using Times:10 30 50
Bounds for Uniform Distribution (0,1)
Blind PSO --> nParts:10000 Nsteps:10
Targeted PSO --> nParts:10 Nsteps:100
sdbeta:0.1
wt:
1 0 0 0 0 0 0 0 0 0 0 0 0 0 0 0 0 0 0 0 0 0 0 0 0 0 0
0 1 0 0 0 0 0 0 0 0 0 0 0 0 0 0 0 0 0 0 0 0 0 0 0 0 0
0 0 1 0 0 0 0 0 0 0 0 0 0 0 0 0 0 0 0 0 0 0 0 0 0 0 0
0 0 0 1 0 0 0 0 0 0 0 0 0 0 0 0 0 0 0 0 0 0 0 0 0 0 0
0 0 0 0 1 0 0 0 0 0 0 0 0 0 0 0 0 0 0 0 0 0 0 0 0 0 0
0 0 0 0 0 1 0 0 0 0 0 0 0 0 0 0 0 0 0 0 0 0 0 0 0 0 0
0 0 0 0 0 0 1 0 0 0 0 0 0 0 0 0 0 0 0 0 0 0 0 0 0 0 0
0 0 0 0 0 0 0 1 0 0 0 0 0 0 0 0 0 0 0 0 0 0 0 0 0 0 0
0 0 0 0 0 0 0 0 1 0 0 0 0 0 0 0 0 0 0 0 0 0 0 0 0 0 0
0 0 0 0 0 0 0 0 0 1 0 0 0 0 0 0 0 0 0 0 0 0 0 0 0 0 0
0 0 0 0 0 0 0 0 0 0 1 0 0 0 0 0 0 0 0 0 0 0 0 0 0 0 0
0 0 0 0 0 0 0 0 0 0 0 1 0 0 0 0 0 0 0 0 0 0 0 0 0 0 0
0 0 0 0 0 0 0 0 0 0 0 0 1 0 0 0 0 0 0 0 0 0 0 0 0 0 0
0 0 0 0 0 0 0 0 0 0 0 0 0 1 0 0 0 0 0 0 0 0 0 0 0 0 0
0 0 0 0 0 0 0 0 0 0 0 0 0 0 1 0 0 0 0 0 0 0 0 0 0 0 0
0 0 0 0 0 0 0 0 0 0 0 0 0 0 0 1 0 0 0 0 0 0 0 0 0 0 0
0 0 0 0 0 0 0 0 0 0 0 0 0 0 0 0 1 0 0 0 0 0 0 0 0 0 0
0 0 0 0 0 0 0 0 0 0 0 0 0 0 0 0 0 1 0 0 0 0 0 0 0 0 0
0 0 0 0 0 0 0 0 0 0 0 0 0 0 0 0 0 0 1 0 0 0 0 0 0 0 0
0 0 0 0 0 0 0 0 0 0 0 0 0 0 0 0 0 0 0 1 0 0 0 0 0 0 0
0 0 0 0 0 0 0 0 0 0 0 0 0 0 0 0 0 0 0 0 1 0 0 0 0 0 0
0 0 0 0 0 0 0 0 0 0 0 0 0 0 0 0 0 0 0 0 0 1 0 0 0 0 0
0 0 0 0 0 0 0 0 0 0 0 0 0 0 0 0 0 0 0 0 0 0 1 0 0 0 0
0 0 0 0 0 0 0 0 0 0 0 0 0 0 0 0 0 0 0 0 0 0 0 1 0 0 0
0 0 0 0 0 0 0 0 0 0 0 0 0 0 0 0 0 0 0 0 0 0 0 0 1 0 0
0 0 0 0 0 0 0 0 0 0 0 0 0 0 0 0 0 0 0 0 0 0 0 0 0 1 0
0 0 0 0 0 0 0 0 0 0 0 0 0 0 0 0 0 0 0 0 0 0 0 0 0 0 1
Reading in data!
Loading in Truk!
Calculating Yt!
Yt:  11.2442   11.2393   7.53279  0.354425   19.1265   8.74073   147.321   299.368   35.9075 0.0504451   420.904   49.7892   2.27322   29.6488     1.817    33.739   36.5209   41.4388  0.432803    341.24   45.2578  0.917698    78.264    40.966   1.40095    1.1093   87.3331
with truk cost:1408.44
seedk:0.273262  0.77268 0.703531 0.265627  0.48776 0.604414| cost:16488
Xt:14.3308 14.3588 4.68175 3.23541 22.2759 5.44144  175.36  346.19 18.2796 4.40903 492.814 24.7309 25.2878 26.4676 21.3265 73.0819  30.791 43.9917 11.2386  401.42 51.1471 6.73717 69.0085 21.2619 22.3848 7.83493  80.244
PSO begins!
New GBMAT from blind pso!
0.273262  0.77268 0.703531 0.265627  0.48776 0.604414    16488
0.273262  0.77268 0.703531 0.265627  0.48776 0.604414    16488


underflow!0.00246333
pos  0.331272 0.00246333   0.008254   0.875641   0.378711   0.131784
overflow!
underflow!0.00293748
pos0.00293748   0.313763   0.318859   0.165315   0.233017    0.57852
underflow!0.00344198
pos0.00344198  0.0857131    0.29812   0.185759   0.770426   0.638016
overflow!
overflow!
underflow!0.00393535
pos  0.801502   0.519871   0.716404   0.110417   0.420445 0.00393535
overflow!
underflow!0.000933391
pos   0.635948    0.793889 0.000933391     0.84912    0.124508    0.582521
overflow!
overflow!
overflow!
underflow!0.00399575
pos  0.310525   0.196793   0.624484 0.00399575   0.966749   0.485534
underflow!0.000805041
pos   0.898327 0.000805041    0.582828    0.178839    0.635962    0.292442
underflow!0.00422989
pos0.00422989  0.0738099   0.177242   0.627551   0.499092   0.481692
overflow!
overflow!
overflow!
underflow!0.000384634
pos   0.301048    0.617971    0.218998    0.496035 0.000384634    0.809693
underflow!0.00408845
pos  0.273547   0.488208 0.00408845  0.0125977   0.858613   0.324392
overflow!
underflow!0.00437095
pos0.00437095   0.444675   0.553596   0.721284   0.497706   0.728037
overflow!
underflow!0.0047866
pos 0.355379 0.0490339 0.0933127   0.50057 0.0047866  0.292463
overflow!
underflow!0.00423884
pos  0.128711  0.0843666 0.00423884   0.990212   0.140029   0.223681
overflow!
underflow!0.00437966
pos  0.533651 0.00437966  0.0264051   0.896904   0.302717   0.753912
overflow!
overflow!
overflow!
overflow!
overflow!
underflow!0.000389577
pos  0.0464584    0.528463  0.00835467    0.631403   0.0500797 0.000389577
overflow!
overflow!
underflow!0.00336848
pos  0.313284   0.885135 0.00336848  0.0382398     0.6699   0.328522
underflow!0.00199817
pos  0.848966 0.00199817   0.554044   0.976723   0.619443   0.335157
overflow!
underflow!0.00430743
pos  0.462315   0.718489   0.683696   0.557107   0.417898 0.00430743
overflow!
underflow!0.000386157
pos   0.333654    0.912167 0.000386157    0.736071   0.0819431    0.926822
underflow!0.000738374
pos   0.861666    0.326423    0.501773    0.743313     0.43456 0.000738374
overflow!
overflow!
overflow!
underflow!0.00373463
pos  0.878346 0.00373463   0.365438   0.857006   0.638894   0.478024
underflow!0.000680758
pos    0.99188 0.000680758    0.599236    0.812497    0.539811    0.747151
underflow!0.00341611
pos  0.950879  0.0647638 0.00341611   0.379707   0.251682   0.292746
underflow!0.00175992
pos  0.767403  0.0942162 0.00175992   0.317592   0.419423    0.39835
overflow!
overflow!
overflow!
overflow!
overflow!
underflow!0.00326674
pos  0.458934   0.801615   0.804543   0.582224  0.0847216 0.00326674
underflow!0.00461721
pos0.00461721   0.405475   0.360617   0.738158  0.0499013   0.582278
overflow!
underflow!0.000206852
pos0.000206852    0.480602    0.598236    0.365223    0.729547    0.773085
underflow!0.00425006
pos  0.326674   0.897903   0.332883  0.0827815 0.00425006  0.0497211
overflow!
underflow!0.00284965
pos  0.419597   0.315778   0.322397   0.447216   0.141665 0.00284965
underflow!0.00248806
pos  0.451283   0.628094   0.665002   0.390204   0.772889 0.00248806
underflow!0.00123112
pos  0.523309   0.503187 0.00123112    0.38474  0.0410133    0.72207
overflow!
underflow!0.00155246
pos  0.523711 0.00155246    0.40263   0.946983   0.552829  0.0362874
underflow!0.00475927
pos  0.358397   0.215913 0.00475927  0.0478123   0.195711   0.300751
underflow!0.00173439
pos0.00173439   0.331071   0.993092   0.884683   0.237156   0.873442
overflow!
overflow!
underflow!0.00290767
pos0.000878679   0.0863259    0.448074  0.00290767    0.680761    0.427482
underflow!0.00182393
pos 0.0399781 0.00182393   0.251941    0.51062   0.702221   0.583962
underflow!0.00260525
pos  0.253338     0.9673   0.447691 0.00260525   0.560425   0.707886
underflow!0.00406175
pos 0.0385105 0.00406175   0.485556   0.364844  0.0610504   0.983915
underflow!0.0046924
pos0.0046924  0.129323  0.528338   0.20043  0.718442  0.153648
overflow!
overflow!
underflow!0.00439429
pos  0.886166 0.00439429   0.371928   0.742472   0.012421   0.113715
overflow!
underflow!0.00466752
pos 0.0353117 0.00466752   0.122079    0.50231   0.172088  0.0391972
overflow!
underflow!0.000597151
pos   0.967205   0.0217277    0.181905    0.799331 0.000597151    0.557339
overflow!
underflow!0.00476767
pos  0.415589   0.284842   0.304072   0.974893   0.787953 0.00476767
overflow!
overflow!
underflow!0.00365346
pos  0.710927 0.00365346   0.961608     0.6697   0.876274   0.746231
underflow!0.00233334
pos  0.814486   0.577337   0.121743   0.304377 0.00233334   0.673003
overflow!
overflow!
overflow!
overflow!
underflow!5.3518e-05
pos  0.899063   0.169467   0.631383 5.3518e-05   0.678354   0.728457
overflow!
underflow!0.00102633
pos  0.364918   0.303992   0.629423   0.459142 0.00102633   0.371943
overflow!
underflow!0.00312285
pos 0.0494689   0.745226 0.00312285    0.72814   0.067199   0.756609
underflow!0.0048801
pos 0.284913  0.517317  0.318893  0.510396 0.0048801  0.260865
overflow!
underflow!0.00103693
pos0.00103693   0.823927   0.424291   0.597625   0.849089   0.427364
underflow!0.00455646
pos  0.829016  0.0944061   0.654994   0.693025   0.860212 0.00455646
underflow!5.40817e-05
pos5.40817e-05    0.886094    0.149202    0.731582    0.594402     0.10726
overflow!
underflow!0.00373085
pos 0.0146616   0.332046 0.00373085   0.502764   0.336829  0.0989517
underflow!0.00267353
pos0.00267353   0.975295   0.729143   0.500652   0.606908   0.413065
overflow!
underflow!0.00103259
pos    0.7361   0.291392   0.214201   0.396134 0.00103259   0.189068
underflow!0.0033044
pos 0.813722  0.936824  0.507284  0.939971 0.0033044  0.712568
underflow!5.62318e-05
pos   0.882989 5.62318e-05    0.356192    0.315483      0.9529     0.87924
underflow!0.00486123
pos  0.586596   0.963528 0.00486123  0.0877611   0.521622   0.567403
overflow!
overflow!
underflow!0.00370475
pos  0.662558 0.00370475   0.149047   0.241363  0.0146218   0.685735
overflow!
overflow!
underflow!0.00162462
pos  0.748196   0.300443   0.272025 0.00162462       0.92   0.973449
overflow!
underflow!0.000228671
pos0.000228671   0.0626424    0.923906    0.393906    0.160146    0.222851
overflow!
underflow!7.62048e-05
pos   0.162884    0.978043    0.377154    0.989962 7.62048e-05    0.966954
underflow!0.00397393
pos  0.836936 0.00397393   0.980199   0.140096   0.794083  0.0242762
overflow!
underflow!0.00486278
pos  0.785042 0.00486278   0.568559   0.364253   0.239912   0.742276
underflow!0.00164512
pos  0.920478 0.00164512   0.548763  0.0575854   0.371143   0.219222
underflow!0.00410734
pos 0.0742185   0.454836   0.220385    0.25904 0.00410734   0.601086
overflow!
overflow!
overflow!
underflow!0.00112078
pos  0.825028   0.340107   0.495398 0.00112078   0.930381   0.952099
underflow!0.00342872
pos  0.329477   0.233264 0.00342872   0.986292   0.972149   0.490045
overflow!
underflow!0.00410468
pos0.00410468   0.483171   0.579176   0.612037   0.738903   0.624028
underflow!0.0037717
pos0.0037717  0.240146  0.537986  0.252886 0.0149929  0.589734
overflow!
underflow!0.00470543
pos  0.113614   0.889711   0.136036 0.00470543   0.957664   0.547028
underflow!0.000933354
pos    0.51338    0.297073    0.233363 0.000933354    0.933795    0.649248
overflow!
overflow!
underflow!0.0048376
pos    0.233  0.423279  0.911019 0.0048376  0.401554  0.861631
underflow!0.00472813
pos  0.268695   0.981504  0.0363156   0.928647   0.710102 0.00472813
underflow!0.000138242
pos   0.028514    0.140056    0.875632 0.000138242    0.534791    0.487309
overflow!
underflow!0.000822551
pos   0.559675     0.85491   0.0690643    0.851866 0.000822551    0.483659
overflow!
overflow!
underflow!0.00356753
pos  0.521288  0.0335677    0.43543   0.326242 0.00356753   0.109414
underflow!0.00293912
pos  0.048398  0.0650201 0.00293912   0.248564   0.845588  0.0145455
underflow!0.00120218
pos  0.104826   0.826114 0.00120218   0.724226   0.951293    0.46433
underflow!0.00191936
pos   0.45578   0.459677  0.0843135   0.087683   0.422922 0.00191936
underflow!0.00301426
pos   0.21544   0.463857    0.22693 0.00301426   0.819576   0.109226
overflow!
overflow!
underflow!0.00170733
pos 0.0134029   0.706842 0.00170733   0.605081   0.848389   0.755237
overflow!
underflow!0.00439706
pos   0.38663   0.560423   0.431543   0.711739 0.00439706    0.10677
underflow!0.00334094
pos  0.648842    0.18097   0.661015   0.147652 0.00334094   0.208965
overflow!
underflow!0.00280116
pos  0.968746   0.728459   0.263536    0.70559   0.557235 0.00280116
underflow!0.000315413
pos   0.958811 0.000315413    0.104472    0.494757    0.400461   0.0699619
underflow!0.00138341
pos  0.792891   0.445264 0.00138341   0.129553  0.0486756   0.192894
overflow!
underflow!0.00223555
pos  0.314497  0.0470115   0.918649 0.00223555   0.881876   0.639057
overflow!
overflow!
overflow!
underflow!0.000821423
pos   0.480512    0.267776 0.000821423    0.473853    0.102325    0.357762
overflow!
overflow!
underflow!0.00186473
pos0.00186473   0.198787   0.363417   0.496168   0.326112   0.749025
overflow!
overflow!
underflow!0.00245901
pos  0.197275  0.0638054 0.00245901   0.324609   0.254792   0.105706
underflow!0.000202113
pos0.000202113    0.788857    0.294059     0.90742    0.189648    0.462864
overflow!
overflow!
overflow!
underflow!0.00209679
pos   0.77649  0.0276619    0.85982    0.32363   0.970624 0.00209679
underflow!0.00408836
pos0.00408836   0.113289   0.894457   0.175179   0.474092   0.353332
overflow!
overflow!
underflow!0.000526874
pos   0.824288 0.000526874    0.482594    0.101781    0.800143    0.540504
underflow!0.00211958
pos  0.657096   0.184024   0.165226    0.76499 0.00211958   0.242684
underflow!0.000827392
pos    0.49381    0.851005 0.000827392    0.320911    0.056695    0.765912
overflow!
underflow!0.00157001
pos  0.483454   0.658939   0.877269 0.00157001   0.109389   0.450686
overflow!
overflow!
underflow!0.00498599
pos0.00498599   0.985898   0.385871   0.792007   0.646213   0.826038
overflow!
underflow!0.00381132
pos  0.870725 0.00381132   0.679812   0.972975   0.479048   0.610782
overflow!
underflow!0.00439191
pos  0.714745 0.00439191   0.332219   0.606506   0.221943   0.368507
underflow!0.00480672
pos  0.985655   0.315069  0.0218561   0.684836 0.00480672   0.445886
underflow!0.00126145
pos  0.646642   0.294311   0.575521   0.408693 0.00126145   0.804204
overflow!
underflow!0.000381596
pos0.000381596    0.966419    0.910941    0.372056    0.491569     0.52117
underflow!0.00436346
pos  0.773382   0.705278   0.231869   0.733994 0.00436346   0.951025
overflow!
overflow!
underflow!0.00390261
pos  0.947516   0.532838 0.00390261   0.527064   0.183393   0.265541
overflow!
underflow!0.000926749
pos   0.770551    0.129316    0.529577    0.774614 0.000926749     0.53237
underflow!0.00450777
pos 0.0333355   0.893669 0.00450777   0.192474   0.254941  0.0363924
overflow!
overflow!
overflow!
underflow!0.00191336
pos  0.378704 0.00191336   0.621292    0.76714   0.322367   0.287812
overflow!
overflow!
underflow!0.000143681
pos  0.0973173 0.000143681    0.676468    0.410496    0.270351    0.656765
overflow!
underflow!0.0024201
pos 0.126776 0.0024201  0.659387 0.0596269  0.524188  0.183682
overflow!
underflow!0.00135448
pos  0.171318   0.358508    0.97466   0.935726 0.00135448  0.0961203
overflow!
overflow!
underflow!0.00135257
pos  0.866343   0.897241   0.996047   0.860306 0.00135257   0.100851
underflow!9.58766e-05
pos   0.883575    0.249346    0.984583   0.0853588    0.659356 9.58766e-05
overflow!
overflow!
overflow!
overflow!
overflow!
underflow!0.00223625
pos  0.963485 0.00223625   0.396891   0.295637   0.533059   0.663157
underflow!0.00365778
pos0.00622847   0.528805   0.994356 0.00365778   0.293397   0.673578
underflow!0.00134
pos    0.00134    0.588944    0.674069 0.000387743    0.666709    0.667939
underflow!0.000387743
pos    0.00134    0.588944    0.674069 0.000387743    0.666709    0.667939
overflow!
overflow!
underflow!0.00491308
pos  0.908521   0.109601   0.930426 0.00491308   0.733545   0.105013
underflow!0.0040403
pos 0.590929  0.362888  0.607893  0.287116  0.610792 0.0040403
underflow!0.00234697
pos  0.270857   0.882674   0.584312   0.535356 0.00234697   0.881529
underflow!0.00138294
pos   0.30798   0.084458   0.071574   0.640265   0.116527 0.00138294
underflow!0.00380926
pos  0.465837   0.872862 0.00380926   0.813814   0.353685   0.778903
overflow!
underflow!0.00271523
pos0.00271523   0.161819   0.489651   0.553759    0.29664    0.50627
overflow!
overflow!
overflow!
overflow!
overflow!
overflow!
overflow!
underflow!0.00226744
pos  0.129092   0.865034   0.850971    0.63353  0.0138946 0.00226744
overflow!
underflow!0.000461825
pos   0.422332 0.000461825    0.898185    0.380195    0.921196    0.744085
underflow!0.00494471
pos  0.170398   0.788042   0.431895 0.00859972   0.210222 0.00494471
overflow!
underflow!0.00212195
pos  0.760485 0.00212195   0.294758   0.280679   0.109916   0.103959
underflow!0.00330803
pos  0.309595 0.00330803  0.0227979   0.987732   0.629781   0.659073
overflow!
underflow!0.00129639
pos  0.189136   0.423042   0.275713   0.981924 0.00129639   0.481147
overflow!
underflow!4.59271e-05
pos   0.470971    0.855072    0.336366    0.658442 4.59271e-05    0.855404
overflow!
overflow!
underflow!9.74198e-05
pos   0.565158    0.662996 9.74198e-05   0.0280261     0.93384    0.302411
underflow!0.00436205
pos0.00436205  0.0308736    0.74892   0.459327   0.382559   0.421788
underflow!0.00415728
pos  0.795855  0.0214335 0.00415728  0.0619451   0.422202   0.453354
underflow!0.00120076
pos  0.819701 0.00724954   0.599383   0.104373   0.544337 0.00120076
overflow!
overflow!
underflow!0.00121199
pos  0.442658 0.00121199     0.3862   0.718496   0.655161   0.395897
overflow!
New GBMAT from blind pso!
0.273262  0.77268 0.703531 0.265627  0.48776 0.604414    16488
0.273262  0.77268 0.703531 0.265627  0.48776 0.604414    16488
0.939178  0.40567 0.225027 0.897394 0.353415 0.160861  587.587


underflow!0.00322427
pos  0.381045    0.86012  0.0801034   0.109128 0.00322427   0.476192
overflow!
overflow!
underflow!0.00259197
pos  0.861116   0.508728   0.212279     0.1962 0.00259197   0.806456
overflow!
overflow!
underflow!0.00332671
pos   0.73286  0.0899016   0.632868   0.898866 0.00332671  0.0667175
underflow!0.00200598
pos 0.0978514   0.908792   0.848472   0.510713 0.00764798 0.00200598
overflow!
New GBMAT from blind pso!
0.273262  0.77268 0.703531 0.265627  0.48776 0.604414    16488
0.273262  0.77268 0.703531 0.265627  0.48776 0.604414    16488
0.939178  0.40567 0.225027 0.897394 0.353415 0.160861  587.587
0.948226 0.298734 0.238741 0.673126 0.141472 0.174979  505.437


underflow!0.00388793
pos  0.216304   0.503587   0.428372   0.363313   0.416292 0.00388793
New GBMAT from blind pso!
0.273262  0.77268 0.703531 0.265627  0.48776 0.604414    16488
0.273262  0.77268 0.703531 0.265627  0.48776 0.604414    16488
0.939178  0.40567 0.225027 0.897394 0.353415 0.160861  587.587
0.948226 0.298734 0.238741 0.673126 0.141472 0.174979  505.437
0.723048 0.194576 0.201235 0.737322 0.221654 0.139111  494.617


New GBMAT from blind pso!
0.273262  0.77268 0.703531 0.265627  0.48776 0.604414    16488
0.273262  0.77268 0.703531 0.265627  0.48776 0.604414    16488
0.939178  0.40567 0.225027 0.897394 0.353415 0.160861  587.587
0.948226 0.298734 0.238741 0.673126 0.141472 0.174979  505.437
0.723048 0.194576 0.201235 0.737322 0.221654 0.139111  494.617
0.716115 0.201093 0.204077 0.626486 0.106778 0.140563  489.998


New GBMAT from blind pso!
0.273262  0.77268 0.703531 0.265627  0.48776 0.604414    16488
0.273262  0.77268 0.703531 0.265627  0.48776 0.604414    16488
0.939178  0.40567 0.225027 0.897394 0.353415 0.160861  587.587
0.948226 0.298734 0.238741 0.673126 0.141472 0.174979  505.437
0.723048 0.194576 0.201235 0.737322 0.221654 0.139111  494.617
0.716115 0.201093 0.204077 0.626486 0.106778 0.140563  489.998
0.779203  0.11021  0.22393 0.826717 0.109028 0.161385  400.264


New GBMAT from blind pso!
0.273262  0.77268 0.703531 0.265627  0.48776 0.604414    16488
0.273262  0.77268 0.703531 0.265627  0.48776 0.604414    16488
0.939178  0.40567 0.225027 0.897394 0.353415 0.160861  587.587
0.948226 0.298734 0.238741 0.673126 0.141472 0.174979  505.437
0.723048 0.194576 0.201235 0.737322 0.221654 0.139111  494.617
0.716115 0.201093 0.204077 0.626486 0.106778 0.140563  489.998
0.779203  0.11021  0.22393 0.826717 0.109028 0.161385  400.264
0.779203  0.11021  0.22393 0.826717 0.109028 0.161385  400.264


New GBMAT from blind pso!
0.273262  0.77268 0.703531 0.265627  0.48776 0.604414    16488
0.273262  0.77268 0.703531 0.265627  0.48776 0.604414    16488
0.939178  0.40567 0.225027 0.897394 0.353415 0.160861  587.587
0.948226 0.298734 0.238741 0.673126 0.141472 0.174979  505.437
0.723048 0.194576 0.201235 0.737322 0.221654 0.139111  494.617
0.716115 0.201093 0.204077 0.626486 0.106778 0.140563  489.998
0.779203  0.11021  0.22393 0.826717 0.109028 0.161385  400.264
0.779203  0.11021  0.22393 0.826717 0.109028 0.161385  400.264
0.759326 0.057011 0.224323 0.815099 0.102102 0.162145  380.382


New GBMAT from blind pso!
 0.273262   0.77268  0.703531  0.265627   0.48776  0.604414     16488
 0.273262   0.77268  0.703531  0.265627   0.48776  0.604414     16488
 0.939178   0.40567  0.225027  0.897394  0.353415  0.160861   587.587
 0.948226  0.298734  0.238741  0.673126  0.141472  0.174979   505.437
 0.723048  0.194576  0.201235  0.737322  0.221654  0.139111   494.617
 0.716115  0.201093  0.204077  0.626486  0.106778  0.140563   489.998
 0.779203   0.11021   0.22393  0.826717  0.109028  0.161385   400.264
 0.779203   0.11021   0.22393  0.826717  0.109028  0.161385   400.264
 0.759326  0.057011  0.224323  0.815099  0.102102  0.162145   380.382
 0.817128 0.0669229  0.223632  0.793281  0.115591  0.162753   375.001


