PSO_S_ODE_NonLinear
Using two part PSO Sample Size:5000 with:27 moments.
Using Record Time:20.5
Bounds for Uniform Distribution (0,1)
Blind PSO --> nParts:50000 Nsteps:10
Targeted PSO --> nParts:100 Nsteps:200
sdbeta:0.1
wt:
1 0 0 0 0 0 0 0 0 0 0 0 0 0 0 0 0 0 0 0 0 0 0 0 0 0 0
0 1 0 0 0 0 0 0 0 0 0 0 0 0 0 0 0 0 0 0 0 0 0 0 0 0 0
0 0 1 0 0 0 0 0 0 0 0 0 0 0 0 0 0 0 0 0 0 0 0 0 0 0 0
0 0 0 1 0 0 0 0 0 0 0 0 0 0 0 0 0 0 0 0 0 0 0 0 0 0 0
0 0 0 0 1 0 0 0 0 0 0 0 0 0 0 0 0 0 0 0 0 0 0 0 0 0 0
0 0 0 0 0 1 0 0 0 0 0 0 0 0 0 0 0 0 0 0 0 0 0 0 0 0 0
0 0 0 0 0 0 1 0 0 0 0 0 0 0 0 0 0 0 0 0 0 0 0 0 0 0 0
0 0 0 0 0 0 0 1 0 0 0 0 0 0 0 0 0 0 0 0 0 0 0 0 0 0 0
0 0 0 0 0 0 0 0 1 0 0 0 0 0 0 0 0 0 0 0 0 0 0 0 0 0 0
0 0 0 0 0 0 0 0 0 1 0 0 0 0 0 0 0 0 0 0 0 0 0 0 0 0 0
0 0 0 0 0 0 0 0 0 0 1 0 0 0 0 0 0 0 0 0 0 0 0 0 0 0 0
0 0 0 0 0 0 0 0 0 0 0 1 0 0 0 0 0 0 0 0 0 0 0 0 0 0 0
0 0 0 0 0 0 0 0 0 0 0 0 1 0 0 0 0 0 0 0 0 0 0 0 0 0 0
0 0 0 0 0 0 0 0 0 0 0 0 0 1 0 0 0 0 0 0 0 0 0 0 0 0 0
0 0 0 0 0 0 0 0 0 0 0 0 0 0 1 0 0 0 0 0 0 0 0 0 0 0 0
0 0 0 0 0 0 0 0 0 0 0 0 0 0 0 1 0 0 0 0 0 0 0 0 0 0 0
0 0 0 0 0 0 0 0 0 0 0 0 0 0 0 0 1 0 0 0 0 0 0 0 0 0 0
0 0 0 0 0 0 0 0 0 0 0 0 0 0 0 0 0 1 0 0 0 0 0 0 0 0 0
0 0 0 0 0 0 0 0 0 0 0 0 0 0 0 0 0 0 1 0 0 0 0 0 0 0 0
0 0 0 0 0 0 0 0 0 0 0 0 0 0 0 0 0 0 0 1 0 0 0 0 0 0 0
0 0 0 0 0 0 0 0 0 0 0 0 0 0 0 0 0 0 0 0 1 0 0 0 0 0 0
0 0 0 0 0 0 0 0 0 0 0 0 0 0 0 0 0 0 0 0 0 1 0 0 0 0 0
0 0 0 0 0 0 0 0 0 0 0 0 0 0 0 0 0 0 0 0 0 0 1 0 0 0 0
0 0 0 0 0 0 0 0 0 0 0 0 0 0 0 0 0 0 0 0 0 0 0 1 0 0 0
0 0 0 0 0 0 0 0 0 0 0 0 0 0 0 0 0 0 0 0 0 0 0 0 1 0 0
0 0 0 0 0 0 0 0 0 0 0 0 0 0 0 0 0 0 0 0 0 0 0 0 0 1 0
0 0 0 0 0 0 0 0 0 0 0 0 0 0 0 0 0 0 0 0 0 0 0 0 0 0 1
mu: 80 120  85
covarMat:
 50   0   0
  0 100   0
  0   0  50

Yt:  3.77225   3.92426   2.45128  0.118689   6.49423   2.94745   51.9753   114.024   11.4275 0.0170197   155.035   16.4613  0.751217   9.79994   0.61992   11.1711     12.81   14.3383  0.146233   128.508   15.8713  0.299078   26.0648   13.6731  0.462331  0.371358   29.9157
seedk: 0.715241  0.184665 0.0722504  0.690877  0.590907  0.189845| cost:3376.71
Xt:  3.18195   4.71633   3.17013  0.233596   8.12005   1.17559   42.4801   130.701   18.7745 0.0664673   194.115   2.60655   1.13545   11.0659   1.06525   13.2666   4.13254   21.0177  0.456691   152.175   7.80644  0.812304   40.6045   6.99526   1.33546   0.30183   15.1035
PSO begins!
New GBMAT from blind pso!
 0.715241  0.184665 0.0722504  0.690877  0.590907  0.189845   3376.71
 0.715241  0.184665 0.0722504  0.690877  0.590907  0.189845   3376.71


underflow!0.00384344
pos  0.811472  0.0640732   0.468466   0.316717 0.00384344  0.0435738
overflow!
overflow!
overflow!
underflow!0.000162033
pos0.000162033    0.562422    0.252221    0.489956    0.614768    0.843847
overflow!
overflow!
overflow!
overflow!
underflow!0.000482109
pos   0.968455  0.00894993    0.994635    0.736939 0.000482109    0.318298
overflow!
overflow!
overflow!
overflow!
underflow!0.00352795
pos0.000354998  0.00352795    0.852661     0.56022   0.0851279    0.664919
underflow!0.000354998
pos0.000354998  0.00352795    0.852661     0.56022   0.0851279    0.664919
overflow!
underflow!0.00386532
pos0.00386532  0.0655998   0.572288   0.158751  0.0972755   0.965034
overflow!
underflow!0.00291215
pos  0.904042   0.193618 0.00291215   0.139999   0.629693   0.399767
overflow!
overflow!
overflow!
underflow!4.48163e-05
pos4.48163e-05    0.328648    0.848152    0.292574    0.326189    0.785279
overflow!
underflow!0.000699923
pos0.000699923    0.410141    0.865881    0.781219    0.245837    0.452752
underflow!0.00239057
pos  0.633883   0.741983 0.00239057  0.0614522   0.795112   0.804211
underflow!0.00489788
pos   0.38243   0.811507   0.169651   0.916387  0.0924612 0.00489788
overflow!
underflow!0.00261971
pos  0.513822   0.221404   0.535007 0.00261971   0.149921   0.605841
underflow!0.0021241
pos 0.875706  0.816712  0.527778  0.898394  0.729649 0.0021241
overflow!
overflow!
underflow!0.00265871
pos  0.858884  0.0746355   0.896576 0.00265871    0.34907   0.830592
overflow!
underflow!0.00341884
pos  0.952033 0.00341884   0.568732  0.0783592  0.0899865   0.807115
overflow!
underflow!0.00218749
pos  0.595508   0.750444   0.186276   0.738211 0.00218749   0.965637
underflow!0.00358909
pos  0.483295   0.741175    0.64989   0.794916   0.213414 0.00358909
overflow!
underflow!0.00267512
pos 0.0297956   0.795501   0.625548 0.00267512   0.833874   0.354106
underflow!0.000229663
pos   0.915965    0.460515 0.000229663    0.219099    0.625452    0.667931
overflow!
underflow!8.67812e-05
pos   0.950634    0.887006   0.0670665    0.183785    0.672079 8.67812e-05
overflow!
overflow!
underflow!0.000142517
pos   0.813435 0.000142517    0.702554   0.0487317   0.0708859     0.33116
underflow!0.00345395
pos  0.526898   0.662776 0.00345395   0.375308   0.699145   0.636908
overflow!
underflow!0.00436249
pos  0.896177    0.58051 0.00436249   0.237786   0.605995    0.99832
overflow!
overflow!
overflow!
overflow!
overflow!
underflow!0.00207113
pos0.00207113   0.108552   0.807572   0.606582   0.286326   0.774096
overflow!
overflow!
overflow!
underflow!0.00475252
pos  0.793507    0.62197 0.00475252   0.489745    0.80155   0.988455
overflow!
overflow!
underflow!0.0028022
pos 0.372866  0.763533 0.0028022  0.981649  0.506938  0.732503
underflow!0.00230849
pos  0.915031   0.267341 0.00230849   0.907406   0.225198   0.119842
underflow!0.00180211
pos0.00180211   0.313652    0.14592   0.722056   0.432384   0.899482
overflow!
underflow!0.00339368
pos  0.576793 0.00339368  0.0223361   0.470902    0.99422    0.81914
overflow!
overflow!
overflow!
underflow!0.000619989
pos   0.175122    0.815172 0.000619989    0.819406    0.727656    0.681386
underflow!0.00123504
pos  0.615067 0.00123504  0.0976964   0.562889   0.327685   0.617107
overflow!
underflow!0.00361675
pos  0.782876   0.548892  0.0890513   0.971625 0.00361675   0.988175
overflow!
underflow!0.00362861
pos0.00362861   0.696741   0.898307   0.690814   0.699657   0.976679
underflow!0.00232769
pos   0.47368 0.00232769   0.619476   0.832953   0.433134   0.313007
overflow!
underflow!0.00167007
pos  0.194445   0.186787 0.00167007   0.264842   0.727018   0.982585
overflow!
overflow!
underflow!0.00148205
pos0.00482314    0.16353   0.593496   0.236849   0.113317 0.00148205
underflow!0.00482314
pos0.00482314    0.16353   0.593496   0.236849   0.113317 0.00148205
underflow!0.00395374
pos 0.0655911 0.00395374   0.144002  0.0967632   0.293381   0.638537
underflow!0.00285629
pos  0.917513 0.00285629   0.838749   0.162806   0.884878   0.457742
underflow!0.00437694
pos  0.410323 0.00437694   0.943706   0.372689   0.118299   0.280879
underflow!0.00497542
pos  0.868445   0.434479  0.0958555   0.482633   0.967555 0.00497542
overflow!
overflow!
underflow!0.00347402
pos  0.282833   0.404268   0.381182 0.00347402   0.358952   0.980021
underflow!0.000360743
pos   0.343759    0.850376    0.986539 0.000360743    0.708284    0.197811
underflow!0.00353702
pos  0.219065   0.859029    0.94249 0.00353702   0.416224   0.170434
overflow!
underflow!0.00189036
pos  0.286291  0.0711597   0.642098   0.262463 0.00189036   0.626437
underflow!0.00117911
pos  0.320225   0.574254   0.196051   0.881052   0.101823 0.00117911
overflow!
overflow!
underflow!0.00453518
pos  0.724754 0.00453518   0.509947   0.397399   0.386002   0.725557
overflow!
underflow!0.0031408
pos 0.980443  0.899264  0.459714 0.0031408  0.618487 0.0170889
overflow!
underflow!0.000501864
pos   0.652214    0.456472    0.416689 0.000501864    0.864269    0.220964
underflow!0.00246896
pos0.00246896   0.734882  0.0619887   0.509983    0.71553   0.662614
overflow!
overflow!
overflow!
underflow!0.00439118
pos0.00439118   0.264914   0.416502   0.655246   0.541875    0.48144
underflow!0.00420642
pos  0.514185 0.00420642   0.932794   0.806691   0.270612   0.850843
overflow!
overflow!
overflow!
underflow!0.00394264
pos   0.19768   0.683064   0.478058   0.337673  0.0668003 0.00394264
overflow!
overflow!
overflow!
overflow!
underflow!0.00396733
pos  0.935293   0.932692 0.00396733   0.323085   0.578009   0.589502
underflow!0.00272229
pos0.00272229   0.800833   0.780974   0.209183   0.157943    0.76047
overflow!
overflow!
overflow!
overflow!
overflow!
overflow!
underflow!0.000225497
pos   0.906224   0.0942288    0.862533    0.303997    0.112958 0.000225497
overflow!
overflow!
overflow!
overflow!
overflow!
underflow!0.00136903
pos  0.911548   0.941494   0.408978   0.866553 0.00136903  0.0397971
underflow!0.000917131
pos   0.291922    0.472603    0.246338    0.524609 0.000917131    0.353226
underflow!0.000826505
pos   0.943656     0.98259    0.121159    0.142378 0.000826505    0.784641
overflow!
overflow!
underflow!0.00227446
pos0.00227446   0.250807   0.301732   0.403089   0.324251   0.215208
underflow!0.00158862
pos  0.423762   0.768176   0.268529 0.00158862   0.416535   0.608779
overflow!
underflow!0.000664952
pos   0.418001    0.819983    0.534256    0.371514    0.134925 0.000664952
underflow!0.000761146
pos0.000761146    0.245665    0.834475    0.297175    0.798241   0.0567226
underflow!0.00172564
pos 0.0998111   0.293613   0.585673   0.503734   0.955917 0.00172564
underflow!0.00135214
pos  0.697719   0.381679   0.146544 0.00135214   0.922818     0.9349
underflow!0.00342224
pos  0.848893   0.139702   0.908575   0.712127 0.00342224   0.693585
underflow!0.00298876
pos  0.297461    0.55634   0.034753   0.204387   0.786244 0.00298876
overflow!
overflow!
overflow!
overflow!
overflow!
overflow!
overflow!
underflow!0.00390244
pos  0.548249    0.93485   0.716042   0.583653   0.243891 0.00390244
underflow!0.00282129
pos  0.533968 0.00282129  0.0867397   0.700113   0.901243  0.0541332
overflow!
overflow!
underflow!0.00361834
pos  0.156289   0.840922  0.0720195   0.309694   0.170528 0.00361834
underflow!0.00386638
pos 0.0407016   0.807169 0.00386638   0.912916  0.0874589   0.522636
overflow!
overflow!
underflow!0.00367658
pos  0.435514  0.0217535   0.391659   0.970534 0.00367658   0.566242
underflow!0.0033059
pos 0.102506 0.0033059 0.0724338 0.0960694  0.206926   0.77466
underflow!0.00309321
pos   0.12617   0.659125  0.0172655 0.00309321   0.719004   0.114997
overflow!
underflow!0.00324914
pos  0.287335   0.993555   0.683507 0.00324914   0.109867   0.546615
underflow!0.00479358
pos  0.901339 0.00112306   0.145499   0.403447  0.0409345 0.00479358
overflow!
overflow!
overflow!
overflow!
overflow!
underflow!0.00173595
pos  0.646931    0.37951 0.00173595    0.31124   0.338795   0.197847
overflow!
underflow!0.00348842
pos0.00348842   0.976946   0.666698     0.6777  0.0289136   0.157879
overflow!
underflow!0.00315194
pos  0.242742    0.33967    0.65749  0.0289911   0.377933 0.00315194
underflow!0.000463845
pos0.000463845    0.730305    0.164973    0.876396    0.781199    0.943612
overflow!
underflow!0.0044745
pos0.0044745  0.379171  0.486566  0.798218  0.870845  0.823658
overflow!
underflow!0.00124261
pos  0.870863   0.812304 0.00124261   0.714916   0.874339   0.344723
overflow!
underflow!0.00441472
pos  0.777094   0.905467 0.00441472   0.836858   0.435354  0.0850905
overflow!
overflow!
overflow!
underflow!0.000763824
pos   0.747422 0.000763824    0.334122    0.104779     0.22454    0.858293
overflow!
overflow!
overflow!
underflow!0.000204429
pos    0.46633 0.000204429     0.56279    0.232681   0.0558029      0.6649
underflow!0.00216602
pos0.00216602   0.177734   0.180123   0.528655   0.934927    0.55205
overflow!
underflow!0.00371288
pos  0.598671   0.430194 0.00371288   0.175841  0.0617278   0.254034
underflow!0.000630926
pos  0.0178542 0.000630926   0.0604646    0.116544    0.407924    0.699643
underflow!0.00480518
pos  0.497658   0.708592   0.224898    0.19566   0.629015 0.00480518
underflow!0.00398449
pos   0.26975 0.00398449   0.304405   0.458156   0.485373   0.827191
underflow!0.00278579
pos  0.204312 0.00278579   0.469748    0.22356   0.465808   0.357179
underflow!0.00454974
pos  0.455328   0.824575 0.00454974   0.719117   0.654031    0.46932
overflow!
underflow!0.00102924
pos  0.858363   0.599942 0.00102924   0.391797   0.178093   0.202305
underflow!0.000709538
pos0.000709538    0.697411   0.0825026    0.940437    0.174173    0.705249
underflow!0.00118656
pos0.00118656   0.480789   0.170629   0.363681   0.206297   0.428807
overflow!
overflow!
overflow!
underflow!0.00119021
pos  0.273378   0.145092     0.2561   0.295243 0.00119021  0.0708356
overflow!
underflow!0.0040394
pos0.00569213  0.0040394   0.276292   0.197237   0.794162   0.368736
underflow!0.00473315
pos0.00473315   0.101036   0.959879   0.612912   0.286074   0.964588
underflow!0.00470479
pos0.00470479   0.323621   0.776969   0.832234   0.767287   0.482359
underflow!0.00348031
pos 0.0833645   0.541596 0.00348031   0.474039   0.625126   0.531308
underflow!0.000730216
pos   0.226842    0.346817    0.760219 0.000730216    0.514402    0.192775
underflow!0.000434219
pos  0.0972088    0.187396 0.000434219    0.409831    0.952341    0.469978
underflow!0.00387916
pos  0.320206    0.27228   0.768783  0.0679403   0.752225 0.00387916
underflow!0.00253757
pos  0.602175 0.00253757 0.00323512   0.481451   0.219327  0.0107404
overflow!
underflow!0.00199963
pos  0.449921   0.206078   0.904622    0.33796   0.245367 0.00199963
underflow!0.00235486
pos0.00235486   0.272312   0.336966    0.81519   0.668079    0.87692
overflow!
underflow!0.00257558
pos0.00257558   0.662614   0.959822  0.0596178   0.275322   0.279048
underflow!0.00331635
pos   0.40474 0.00331635   0.179502   0.107106  0.0640379  0.0110256
underflow!0.000137496
pos 0.00485892    0.570017    0.309641   0.0903532 0.000137496    0.734629
overflow!
underflow!0.00365842
pos0.00365842   0.612661   0.123965   0.467084    0.67145   0.745801
underflow!0.00377946
pos  0.688244   0.568064  0.0482149   0.680739   0.529281 0.00377946
underflow!0.00482646
pos  0.263308 0.00482646  0.0482844   0.800395    0.64635   0.348365
underflow!0.000156195
pos0.000156195    0.835724    0.347477    0.894951    0.260847    0.111438
underflow!0.00117175
pos  0.255787 0.00117175   0.695015   0.972372   0.659302   0.849933
overflow!
underflow!0.00365047
pos  0.172564   0.609073   0.647794   0.800788    0.73227 0.00365047
underflow!0.000522335
pos   0.618006    0.578003    0.120952    0.556613 0.000522335    0.096118
underflow!0.00294059
pos  0.476798   0.298864   0.556748    0.52913 0.00294059   0.347432
underflow!0.0014617
pos0.0953619 0.0014617  0.804499  0.912454  0.444287   0.75537
overflow!
overflow!
underflow!0.00419028
pos 0.0371225   0.557331   0.647471 0.00419028   0.488354   0.791944
underflow!0.000463879
pos   0.619574    0.286045     0.93237      0.4566 0.000463879    0.640678
underflow!0.00441298
pos  0.580337 0.00441298    0.22638   0.318215   0.482472   0.144494
underflow!0.00344185
pos  0.173532   0.741941   0.924146  0.0130694 0.00344185   0.227139
overflow!
underflow!0.00171562
pos  0.198396   0.445952   0.230617 0.00171562   0.551872  0.0396192
overflow!
overflow!
overflow!
underflow!0.00320879
pos  0.268721   0.056541   0.216764 0.00320879   0.651415   0.534729
overflow!
underflow!0.00371492
pos  0.595973   0.250282 0.00371492   0.431291     0.1966  0.0874662
overflow!
underflow!0.0043476
pos0.0043476  0.656852  0.211304 0.0537639  0.939364  0.534709
overflow!
underflow!0.000818359
pos   0.495145    0.534155 0.000818359    0.822976    0.608378    0.187795
overflow!
overflow!
underflow!0.00180368
pos  0.918884   0.486716   0.938001   0.997716   0.645618 0.00180368
overflow!
overflow!
overflow!
underflow!0.000163626
pos   0.593226     0.36363    0.877221    0.855839    0.548932 0.000163626
overflow!
underflow!0.00166918
pos  0.887378  0.0843904   0.952749   0.541162   0.706823 0.00166918
underflow!0.000838279
pos  0.0571861    0.117624   0.0561766    0.962422    0.766685 0.000838279
overflow!
overflow!
underflow!0.0026235
pos 0.548606  0.581904  0.996804  0.957622 0.0026235  0.574602
underflow!0.00130506
pos0.00130506   0.274847  0.0501197  0.0216961   0.825623   0.632273
underflow!0.000456194
pos   0.730927 0.000456194    0.665287    0.784001    0.144252    0.601253
underflow!0.00373821
pos  0.757952   0.067818  0.0850497 0.00373821   0.564627  0.0452856
underflow!0.00126968
pos  0.359308   0.395815   0.424443   0.251136 0.00126968   0.441233
underflow!0.00225557
pos  0.675275   0.537115  0.0811038   0.763103 0.00225557   0.217621
overflow!
overflow!
underflow!0.000659984
pos   0.228583    0.366273    0.115964     0.80722 0.000659984   0.0463546
underflow!0.00490006
pos  0.133275   0.730326 0.00490006   0.984246   0.910483   0.971841
overflow!
underflow!0.00172082
pos 0.0649123   0.323445 0.00172082   0.983444   0.877201   0.985655
underflow!0.000486033
pos   0.270874 0.000486033     0.10136    0.745718    0.801414    0.796808
underflow!0.000198785
pos0.000198785    0.573557    0.954023   0.0364812    0.320324    0.439774
overflow!
underflow!0.00455276
pos  0.522797   0.454085   0.709061   0.242169   0.473633 0.00455276
overflow!
overflow!
overflow!
underflow!0.00160359
pos  0.153118   0.625267   0.121048   0.119425 0.00160359   0.987295
underflow!0.00302326
pos  0.787458 0.00302326   0.713114   0.878481   0.740997     0.8363
underflow!0.00396651
pos  0.395956 0.00396651   0.723808  0.0454608  0.0309161  0.0534691
overflow!
underflow!0.00435742
pos  0.911911   0.277186   0.947662   0.422696   0.782659 0.00435742
underflow!0.00360973
pos  0.664331   0.872966   0.491718 0.00360973   0.737411  0.0835873
overflow!
overflow!
overflow!
underflow!0.00292755
pos  0.197369 0.00292755   0.461304   0.727141   0.374204   0.216245
underflow!0.00264709
pos0.00264709    0.65039   0.013959   0.574693   0.206481   0.554042
overflow!
overflow!
overflow!
underflow!0.000231794
pos   0.893125    0.262273 0.000231794    0.893066    0.518113   0.0208012
underflow!0.00369531
pos  0.418693  0.0183066   0.445764 0.00369531   0.473994   0.469027
overflow!
underflow!0.00289308
pos  0.250176   0.736567   0.535873 0.00289308   0.312485   0.562104
underflow!0.00242838
pos0.00242838   0.995344   0.498867 0.00837774   0.175354   0.720343
underflow!0.00489176
pos  0.153135   0.483174   0.848869   0.242134   0.671626 0.00489176
underflow!0.000992777
pos   0.684588    0.646307    0.552222    0.955175 0.000992777    0.925241
underflow!0.00342824
pos  0.254032  0.0320872   0.760943  0.0569264    0.84437 0.00342824
overflow!
underflow!0.00183135
pos  0.125076 0.00183135  0.0106938   0.767888  0.0997739  0.0682852
overflow!
overflow!
overflow!
overflow!
underflow!0.00063002
pos  0.559106  0.0484313 0.00063002    0.35849   0.780388  0.0843406
overflow!
overflow!
overflow!
overflow!
underflow!0.00477107
pos   0.18098   0.452116   0.254867   0.562357   0.956468 0.00477107
overflow!
overflow!
overflow!
overflow!
overflow!
underflow!0.00112367
pos  0.913631   0.752318 0.00112367    0.36819   0.801101   0.375363
overflow!
underflow!0.00060515
pos  0.302204  0.0259173 0.00060515   0.483636   0.107683   0.338816
overflow!
underflow!0.00322315
pos  0.857322 0.00322315   0.738589   0.372112   0.428121   0.363737
overflow!
underflow!6.71059e-05
pos   0.454476 6.71059e-05    0.976653    0.488858     0.71539    0.468419
overflow!
overflow!
overflow!
overflow!
overflow!
overflow!
underflow!0.00310015
pos  0.204379   0.389648   0.490681   0.314681 0.00310015   0.130801
overflow!
underflow!0.00393037
pos  0.563988 0.00393037   0.146803   0.450655   0.405843  0.0177916
overflow!
overflow!
underflow!0.00149671
pos  0.876707   0.288833  0.0459138   0.216534   0.676268 0.00149671
overflow!
overflow!
underflow!0.00336546
pos  0.353533   0.607879   0.792171   0.579311   0.693709 0.00336546
overflow!
underflow!0.00293342
pos  0.258748   0.550659   0.202433   0.174701   0.536409 0.00293342
overflow!
underflow!0.00161786
pos  0.380127  0.0453185    0.51979   0.103748 0.00161786  0.0886889
underflow!0.0043927
pos0.0043927  0.461782    0.2382  0.134282  0.664647  0.440003
underflow!0.000801333
pos  0.0101184 0.000801333  0.00918799    0.583869   0.0256374    0.125513
underflow!9.6579e-05
pos9.6579e-05   0.311578   0.721248   0.162024   0.898005    0.85581
underflow!0.00339084
pos0.00339084  0.0543925    0.26803   0.464045   0.322561   0.767201
overflow!
overflow!
overflow!
overflow!
overflow!
underflow!0.00170701
pos  0.957812   0.794098   0.634017   0.598561   0.392953 0.00170701
underflow!0.000842892
pos   0.487365    0.548993    0.292265    0.302213    0.152697 0.000842892
underflow!0.00381779
pos0.00381779   0.405376   0.269871   0.686568    0.98935   0.874568
underflow!0.00131028
pos  0.646306    0.11261   0.103829 0.00131028   0.202204   0.111562
underflow!0.00205588
pos0.00205588   0.432282   0.624047   0.040496   0.996421   0.239327
underflow!0.000750504
pos   0.581427    0.326122    0.140194  0.00780398 0.000750504   0.0764662
overflow!
overflow!
underflow!0.00449676
pos  0.242711   0.192322   0.765186  0.0946277 0.00449676   0.385505
overflow!
underflow!0.00463372
pos  0.299605   0.220102   0.383355 0.00463372   0.950977   0.528904
overflow!
overflow!
overflow!
overflow!
overflow!
overflow!
overflow!
overflow!
overflow!
underflow!0.00455051
pos  0.697794   0.611784 0.00455051   0.861997   0.741541   0.614112
overflow!
underflow!0.00436747
pos  0.116151 0.00436747   0.674931   0.686713   0.210899   0.491878
underflow!0.000514339
pos   0.573091    0.896335    0.400105  0.00525539 0.000514339    0.209627
underflow!0.000432829
pos   0.302885     0.27152    0.538542 0.000432829    0.515156     0.30859
overflow!
overflow!
overflow!
overflow!
overflow!
underflow!0.00099178
pos 0.0311617    0.14095   0.461254    0.92032 0.00099178   0.744064
overflow!
underflow!0.000206823
pos   0.401446    0.412578   0.0645131   0.0693589 0.000206823   0.0497233
overflow!
overflow!
underflow!0.00346295
pos  0.340782    0.64979 0.00346295   0.783089    0.78887   0.846521
overflow!
underflow!0.00162798
pos  0.246102   0.206692 0.00162798   0.381089   0.960878   0.781465
underflow!0.000814192
pos0.000814192    0.703182   0.0963495    0.461015     0.14663     0.67233
overflow!
overflow!
underflow!0.00319397
pos  0.780869   0.639261  0.0694764   0.296995   0.751577 0.00319397
overflow!
overflow!
overflow!
underflow!0.00397142
pos  0.263991   0.999241 0.00397142   0.126672  0.0165687   0.652932
underflow!0.00172419
pos  0.876638   0.792609   0.733974   0.206312   0.824728 0.00172419
overflow!
underflow!0.00237556
pos  0.110253   0.714821   0.685345 0.00237556   0.630064   0.771719
overflow!
overflow!
overflow!
overflow!
underflow!0.000486732
pos   0.688984    0.581829    0.865973   0.0687112    0.940029 0.000486732
overflow!
overflow!
underflow!0.000582446
pos   0.873601 0.000582446     0.42144    0.276154    0.117695    0.795851
underflow!0.00219746
pos  0.252455   0.444229    0.40667 0.00219746   0.905745   0.369463
underflow!0.00277089
pos0.00277089    0.66454   0.333182  0.0458281   0.469892   0.921634
overflow!
underflow!0.00265563
pos0.00265563   0.461465   0.278089    0.95346   0.285718   0.725716
overflow!
underflow!0.00427533
pos   0.31488   0.106194   0.291537   0.552203    0.20518 0.00427533
overflow!
underflow!0.00424378
pos  0.221616   0.895426   0.122164   0.824257   0.383315 0.00424378
underflow!0.000797399
pos   0.847355    0.322403    0.426057    0.428438 0.000797399    0.012304
overflow!
underflow!0.000110735
pos0.000110735    0.613045    0.584703    0.478175  0.00110549    0.349563
underflow!0.00110549
pos0.000110735    0.613045    0.584703    0.478175  0.00110549    0.349563
underflow!0.00369947
pos   0.28893   0.350148   0.839989    0.65468   0.784915 0.00369947
underflow!0.00423635
pos0.00423635   0.964075   0.450579   0.370365  0.0991072   0.696748
underflow!0.000668708
pos   0.153377    0.605744    0.117802    0.797808    0.921755 0.000668708
underflow!0.00115052
pos  0.775406   0.325392 0.00115052   0.992253   0.463101   0.886983
underflow!0.000756373
pos    0.91525    0.170905 0.000756373   0.0601688    0.993743    0.975449
underflow!0.00302413
pos  0.747658   0.712066 0.00302413   0.584135   0.976857   0.514123
underflow!0.00146219
pos   0.94203   0.623213 0.00146219   0.446001  0.0590956   0.825353
underflow!0.000459635
pos    0.90203    0.761876 0.000459635     0.33279    0.613463    0.509126
overflow!
underflow!0.000922985
pos   0.132192    0.820061    0.402491 0.000922985    0.491165    0.964214
overflow!
underflow!0.000376784
pos   0.116734    0.134948    0.958315    0.982774    0.350751 0.000376784
underflow!0.00285368
pos  0.987721   0.414771   0.746542   0.869884   0.558337 0.00285368
underflow!0.000996063
pos    0.21046    0.476159    0.029564    0.152786    0.683482 0.000996063
overflow!
overflow!
underflow!0.00344408
pos  0.616592   0.221268   0.836081   0.111993   0.823703 0.00344408
overflow!
overflow!
underflow!0.00179681
pos  0.618304   0.561929   0.392495   0.286254   0.818266 0.00179681
overflow!
overflow!
underflow!0.00318344
pos  0.955408 0.00318344   0.680016   0.865371   0.655613   0.280397
underflow!0.00449891
pos0.00449891   0.539479   0.195152    0.79564   0.561456   0.240996
underflow!0.00300443
pos0.00300443   0.861747   0.152951   0.686753  0.0950527   0.177762
underflow!0.001119
pos0.301487 0.782188 0.001119 0.717843 0.796653 0.610196
overflow!
overflow!
overflow!
overflow!
underflow!0.00157096
pos   0.77513   0.888156   0.205621   0.998673 0.00157096   0.263731
overflow!
overflow!
overflow!
overflow!
underflow!0.000466342
pos   0.364224    0.749645   0.0262925 0.000466342    0.078461     0.46456
overflow!
overflow!
underflow!0.00214105
pos  0.926205   0.605217 0.00214105   0.130249   0.421776   0.895451
underflow!0.00321211
pos0.00321211   0.650883   0.336758   0.189535   0.559743   0.160598
overflow!
underflow!0.00333285
pos0.00333285   0.815968   0.902877   0.946917   0.563956     0.6371
overflow!
overflow!
underflow!0.0042889
pos 0.360366   0.58527  0.750455 0.0042889  0.571458  0.499364
underflow!0.000353891
pos   0.569933    0.959887    0.815551    0.923337 0.000353891     0.52865
underflow!0.00441687
pos  0.870798   0.651329   0.145892   0.717998   0.826496 0.00441687
overflow!
overflow!
overflow!
overflow!
underflow!0.00143856
pos  0.970479 0.00143856   0.405828   0.519464   0.713571   0.949474
underflow!0.00395882
pos  0.584565 0.00395882    0.33823   0.470642   0.768653   0.522591
underflow!0.00450819
pos0.00450819   0.437911   0.998636   0.116627   0.568493   0.495436
overflow!
overflow!
underflow!0.00344193
pos  0.843349 0.00344193   0.126487   0.246873    0.32234   0.663292
underflow!0.000833281
pos   0.580561    0.819799    0.665172    0.804489 0.000833281    0.866354
overflow!
underflow!0.00366218
pos   0.16706   0.943363 0.00366218   0.603463   0.534372   0.993222
overflow!
overflow!
overflow!
underflow!0.00344503
pos  0.151299   0.280866   0.799597    0.67706   0.573735 0.00344503
underflow!0.00172312
pos0.00172312   0.719794   0.927448   0.183927   0.562371  0.0285778
underflow!0.00157631
pos  0.599021   0.706719   0.956773 0.00157631   0.776826   0.372352
underflow!0.00209969
pos  0.762526 0.00209969   0.315778   0.800826   0.541606   0.199875
underflow!0.00021306
pos0.00021306   0.315065   0.274505   0.460216   0.672957   0.894183
underflow!0.00338646
pos  0.200205   0.172045   0.532469   0.599172   0.207388 0.00338646
overflow!
overflow!
overflow!
overflow!
underflow!0.00346647
pos  0.932918   0.549487   0.119616    0.48875   0.246024 0.00346647
underflow!0.00464839
pos  0.501354   0.359552   0.317616   0.351774   0.243861 0.00464839
overflow!
underflow!0.00453137
pos  0.344553   0.633725   0.958981  0.0350333   0.551298 0.00453137
underflow!0.00191589
pos0.000542349    0.255368   0.0277994    0.773866  0.00191589    0.973913
overflow!
underflow!0.00477696
pos  0.313239   0.116226  0.0148106 0.00477696   0.686017   0.561222
overflow!
underflow!0.00159689
pos0.00159689   0.513236   0.794299   0.583957   0.249326   0.410166
underflow!0.00469874
pos0.00469874  0.0252981  0.0679685   0.198514   0.345349   0.292623
underflow!0.00148592
pos0.00148592   0.619323   0.685648   0.233255   0.936931   0.588968
underflow!0.00245373
pos  0.629037   0.245713   0.609459   0.185146   0.862186 0.00245373
underflow!0.00225966
pos  0.131427   0.440088 0.00225966  0.0443653    0.28008   0.381641
underflow!8.14265e-05
pos   0.176664    0.575946 8.14265e-05   0.0319021    0.169036    0.613133
overflow!
underflow!0.00232985
pos 0.0574657   0.927484   0.899343   0.969343 0.00232985   0.944676
overflow!
underflow!0.00296356
pos  0.537992  0.0224837   0.523677   0.989264   0.967889 0.00296356
underflow!0.00257977
pos  0.423965   0.574381   0.303665   0.589955    0.98875 0.00257977
underflow!0.00285404
pos  0.973912   0.679151   0.610231 0.00285404    0.11313   0.533639
underflow!1.12378e-05
pos   0.715824   0.0887145 1.12378e-05     0.91125    0.508292    0.628993
underflow!0.000557002
pos  0.0434926    0.151117 0.000557002    0.235761    0.567246    0.476823
underflow!0.00497245
pos  0.205387   0.796261   0.622478   0.558882 0.00497245   0.375176
overflow!
overflow!
underflow!0.00044509
pos 0.0196545 0.00690804       0.34  0.0165652  0.0641095 0.00044509
underflow!0.00363025
pos   0.96195   0.416836    0.12338 0.00363025  0.0497714   0.870285
underflow!0.00345354
pos  0.137457   0.899194   0.854801   0.630113 0.00345354   0.701006
overflow!
overflow!
underflow!0.00013877
pos0.00013877    0.56133   0.917922     0.3232   0.844255   0.237316
overflow!
overflow!
underflow!0.000348567
pos   0.777113    0.380146    0.238274    0.889709 0.000348567    0.087756
underflow!0.0012826
pos0.0806539  0.725805 0.0012826  0.578677  0.605041  0.888455
underflow!0.00391275
pos  0.408929   0.207478   0.874724   0.513518 0.00391275  0.0563527
underflow!0.00452959
pos  0.924617    0.50503   0.421966   0.345469 0.00452959    0.58217
overflow!
underflow!0.000543892
pos   0.707736 0.000543892    0.385969    0.671619    0.158362    0.309301
underflow!0.00153855
pos  0.933045  0.0310338   0.580495 0.00153855   0.723254   0.730894
overflow!
overflow!
overflow!
overflow!
overflow!
underflow!0.00212313
pos 0.0254016   0.725533   0.775515 0.00212313  0.0604266   0.518231
underflow!0.00238055
pos 0.0686787   0.440586   0.283032   0.155256 0.00238055    0.20912
underflow!0.00486686
pos  0.774231  0.0558365 0.00486686   0.755332    0.96078   0.567506
overflow!
overflow!
overflow!
overflow!
overflow!
underflow!0.00385285
pos   0.09351   0.708797 0.00385285    0.73516    0.59282   0.180037
overflow!
underflow!0.00223467
pos 0.0326768   0.890704   0.393124   0.108778    0.53998 0.00223467
overflow!
overflow!
overflow!
overflow!
underflow!0.00190247
pos  0.150925   0.691588   0.540282   0.511892   0.887153 0.00190247
underflow!3.16589e-05
pos3.16589e-05     0.57062    0.341476    0.768907     0.38872    0.287454
overflow!
underflow!0.00363229
pos 0.0751126   0.630796   0.436327   0.774395    0.43312 0.00363229
overflow!
underflow!0.0012686
pos0.0012686  0.256618  0.744624  0.734506  0.253814 0.0945603
overflow!
overflow!
overflow!
underflow!0.00268443
pos   0.73068 0.00268443   0.387653   0.049466   0.593061   0.300971
overflow!
underflow!0.0042031
pos 0.165897   0.81933 0.0042031  0.668777  0.293897   0.43811
underflow!0.000768256
pos   0.677689    0.594611    0.512195 0.000768256    0.158388    0.549177
overflow!
overflow!
underflow!0.00276158
pos  0.771937   0.202944    0.11149   0.792565 0.00276158   0.872991
overflow!
overflow!
overflow!
underflow!0.00250415
pos  0.380083 0.00250415   0.510924  0.0846081   0.757751   0.148568
underflow!0.00183716
pos  0.463875    0.86246   0.242638 0.00183716 0.00429929   0.864059
overflow!
underflow!0.00396805
pos  0.406886 0.00396805   0.762795   0.899207   0.471389   0.192042
overflow!
underflow!0.00116752
pos  0.893895   0.265636   0.583344   0.648305   0.198696 0.00116752
overflow!
underflow!0.00372904
pos   0.52737 0.00372904    0.33776   0.438546    0.27738   0.610647
overflow!
overflow!
overflow!
underflow!6.8929e-05
pos  0.646872 6.8929e-05   0.711208   0.701449   0.418947   0.330549
underflow!0.00424546
pos0.00424546   0.970646   0.615632   0.546243  0.0560004   0.695062
underflow!0.00451718
pos 0.0634995   0.397727    0.63351 0.00451718   0.677853  0.0407209
overflow!
underflow!0.00438889
pos  0.508686    0.17035    0.39337 0.00438889  0.0555736   0.517048
overflow!
underflow!0.00460552
pos  0.617608    0.41834 0.00460552   0.761621   0.541832   0.646927
overflow!
overflow!
underflow!0.00142571
pos  0.497844 0.00142571   0.690291  0.0729376   0.834537   0.989578
overflow!
underflow!0.00265847
pos  0.112313   0.546734   0.573531 0.00265847   0.200139   0.561447
underflow!0.000376555
pos   0.648573    0.795904 0.000376555    0.141648    0.279879      0.4232
underflow!0.00382929
pos  0.576293   0.810604   0.963963   0.785363 0.00382929   0.508407
underflow!0.00439117
pos  0.274819   0.329882   0.339807 0.00439117   0.964195   0.781678
underflow!0.00462168
pos  0.274356 0.00462168   0.636064   0.865504   0.914406   0.915806
overflow!
underflow!0.00246914
pos  0.536321   0.740306 0.00246914   0.181303   0.846859  0.0339153
overflow!
overflow!
underflow!0.0014293
pos0.0014293  0.293648  0.290857  0.740189   0.29222  0.774406
underflow!0.000710274
pos   0.917101    0.048719    0.889411    0.802095 0.000710274    0.431951
underflow!0.00358545
pos 0.0959319    0.66654  0.0105684 0.00358545   0.662383   0.574226
overflow!
overflow!
underflow!0.00499368
pos  0.746232 0.00499368   0.806083   0.321525   0.112514  0.0583141
overflow!
underflow!0.00032089
pos0.00032089   0.502745   0.811421   0.220807   0.721792 0.00656763
overflow!
overflow!
underflow!0.00419908
pos  0.472013   0.339098 0.00419908   0.257099    0.95124   0.653087
underflow!0.00133345
pos  0.342713 0.00133345   0.716843   0.544152   0.949322   0.542401
overflow!
underflow!0.00388154
pos  0.720497   0.697467   0.844474  0.0191662 0.00388154   0.893007
underflow!0.00306784
pos  0.649523 0.00306784     0.8657   0.361443   0.967321   0.681867
overflow!
overflow!
overflow!
overflow!
overflow!
overflow!
underflow!0.00497278
pos  0.606387  0.0210853   0.804601   0.550908 0.00497278   0.151616
overflow!
underflow!0.00156974
pos  0.431207   0.461719    0.63681 0.00156974   0.503002   0.956042
underflow!0.00237438
pos  0.756741   0.197064 0.00237438   0.177332    0.44893   0.821044
overflow!
overflow!
overflow!
underflow!0.00295583
pos0.00295583   0.229408   0.572051   0.745653      0.122   0.810886
underflow!0.00151189
pos  0.784527   0.326186 0.00151189   0.100165   0.184579   0.740031
overflow!
overflow!
underflow!0.000904492
pos    0.66967    0.996146     0.31736    0.900446    0.424901 0.000904492
overflow!
underflow!0.00470167
pos   0.87465 0.00470167    0.63086   0.497727   0.217483   0.889997
underflow!0.00108708
pos  0.442535   0.463252   0.276732 0.00108708   0.114331   0.728882
underflow!0.00385646
pos  0.724378   0.471898 0.00385646    0.36826   0.145019   0.678089
underflow!0.00184634
pos  0.449948   0.575994 0.00184634   0.181617    0.76225   0.125843
overflow!
overflow!
underflow!0.00247926
pos  0.955047   0.640003 0.00247926   0.668096   0.844153  0.0885878
overflow!
overflow!
underflow!0.00103489
pos  0.756445   0.993102   0.157206 0.00103489   0.690135   0.807392
underflow!0.0030374
pos 0.831894 0.0647667  0.701974  0.872135 0.0030374  0.647288
underflow!0.000341513
pos   0.457398    0.212801    0.313511     0.43198 0.000341513    0.887964
underflow!0.00488866
pos  0.873372 0.00488866   0.211317   0.418724   0.859083   0.641111
underflow!0.000691907
pos0.000691907    0.504922    0.642831    0.965667    0.907399    0.813324
underflow!0.000706214
pos  0.0554773    0.434425     0.35069 0.000706214    0.201226    0.885586
underflow!0.000826638
pos   0.528927    0.703178    0.693321    0.349877 0.000826638    0.883168
overflow!
underflow!0.000568777
pos   0.217341    0.253948    0.310228    0.722558    0.796076 0.000568777
overflow!
underflow!0.00164719
pos0.00164719   0.664943   0.728568  0.0762202  0.0439428   0.901104
underflow!0.000198666
pos   0.328359    0.831788 0.000198666   0.0750292    0.977998    0.589796
overflow!
overflow!
overflow!
overflow!
overflow!
underflow!0.00311872
pos  0.442617   0.405253   0.906324   0.783873 0.00311872  0.0847588
underflow!0.00277714
pos  0.100419   0.880093   0.719061   0.370736 0.00277714    0.44065
underflow!0.00443114
pos0.00443114  0.0254274  0.0410983   0.721942   0.743272   0.409205
overflow!
overflow!
overflow!
overflow!
overflow!
underflow!0.00496234
pos  0.898347   0.292223 0.00496234   0.835164   0.705374    0.36824
underflow!0.00313456
pos   0.64062   0.895431 0.00313456  0.0709484   0.189724   0.276534
overflow!
underflow!0.00433397
pos  0.993842 0.00781978 0.00433397   0.715924   0.709009   0.766303
overflow!
underflow!0.00183461
pos  0.259182 0.00183461   0.536867   0.856004    0.68705  0.0651157
underflow!0.00376051
pos  0.857839    0.49032   0.320961 0.00376051   0.316369   0.751134
overflow!
underflow!0.00203037
pos0.00203037   0.568532  0.0561866   0.678844   0.157681   0.907281
underflow!0.000192535
pos   0.245632 0.000192535    0.570453    0.515746    0.674483    0.220636
overflow!
underflow!0.00063925
pos  0.320207  0.0565751 0.00063925   0.907362   0.918373   0.760698
underflow!0.00431569
pos  0.982781 0.00431569   0.735597   0.310579   0.184088   0.850639
underflow!0.00201105
pos  0.207567   0.181458   0.852575   0.790439   0.510897 0.00201105
overflow!
overflow!
underflow!0.000475191
pos   0.858664    0.522824 0.000475191     0.30368    0.945662     0.33061
overflow!
overflow!
overflow!
overflow!
underflow!0.00344732
pos  0.341211   0.168083   0.508717   0.554212 0.00344732   0.146348
overflow!
underflow!0.00498741
pos 0.0816459  0.0151905   0.800936   0.377715 0.00498741   0.360406
overflow!
underflow!0.00383207
pos  0.273075   0.258094   0.399164 0.00383207   0.302899   0.503907
overflow!
overflow!
overflow!
overflow!
overflow!
overflow!
underflow!0.00372049
pos  0.905901   0.859085   0.552922  0.0409087 0.00372049   0.225375
overflow!
overflow!
overflow!
underflow!0.000933644
pos   0.680419  0.00181212    0.940471   0.0739647 0.000933644    0.111357
overflow!
overflow!
underflow!0.00447669
pos  0.597309   0.744992   0.349443   0.751862   0.487653 0.00447669
overflow!
overflow!
overflow!
underflow!0.00271945
pos  0.459239  0.0761982   0.082296 0.00271945   0.994256   0.012687
underflow!0.00291185
pos  0.778562   0.755237    0.93653   0.925984 0.00291185   0.311605
overflow!
underflow!0.00021718
pos  0.111058   0.933382 0.00021718   0.790796   0.388858   0.119283
underflow!0.00276464
pos 0.0805628   0.966882 0.00276464    0.81891   0.822708 0.00997611
underflow!0.00406958
pos  0.530003 0.00406958    0.28684   0.728144   0.693444   0.240575
underflow!0.000115237
pos  0.0814476    0.170955    0.814556    0.446177 0.000115237    0.656075
overflow!
underflow!0.000439786
pos   0.168985     0.96929    0.493037 0.000439786    0.410327    0.555012
underflow!0.00125133
pos0.00125133 0.00836759   0.063918     0.2679   0.226756   0.969788
overflow!
underflow!0.00182715
pos     0.306 0.00182715   0.750166   0.510846   0.511265   0.404508
overflow!
overflow!
underflow!0.000198863
pos   0.907918   0.0572318    0.728391 0.000198863    0.993137    0.594415
underflow!0.00243553
pos 0.0283104   0.127207   0.922254   0.757718   0.203837 0.00243553
underflow!0.00115876
pos0.00115876   0.394274    0.78173   0.954827   0.304473   0.117823
underflow!0.000797398
pos   0.236765    0.525805 0.000797398    0.335755    0.156185   0.0326222
underflow!0.000739725
pos0.000739725    0.150484    0.526969     0.33501    0.712546   0.0221564
overflow!
overflow!
overflow!
overflow!
underflow!0.00284543
pos  0.709419    0.32044   0.657301     0.9933   0.267984 0.00284543
underflow!0.00275704
pos  0.588157 0.00275704   0.293683   0.767335  0.0773862   0.213837
underflow!8.90468e-05
pos   0.628134    0.685298 8.90468e-05    0.555195    0.527268   0.0473049
overflow!
underflow!0.00165874
pos  0.874232   0.735198   0.884843   0.770677   0.028866 0.00165874
underflow!0.00102481
pos   0.60734   0.228737   0.159319   0.691169   0.644382 0.00102481
underflow!3.46902e-05
pos   0.805622 3.46902e-05    0.705658    0.220018    0.874982   0.0424762
overflow!
underflow!0.00328625
pos  0.542977  0.0243723  0.0282958   0.341869 0.00328625   0.488966
underflow!0.00251673
pos0.00251673   0.772975  0.0163387   0.665862   0.563216   0.558745
underflow!0.00462046
pos0.00462046    0.31921   0.768244   0.238688    0.97194   0.317787
underflow!0.00235859
pos  0.543799   0.990205   0.400355 0.00235859   0.345871   0.224352
underflow!0.00252536
pos  0.433515   0.632498 0.00252536   0.412507   0.331648   0.864915
underflow!0.0041736
pos 0.982317  0.876638 0.0041736 0.0367505   0.80064   0.53334
overflow!
underflow!0.00473831
pos  0.710276 0.00473831   0.875312   0.959309 0.00960054     0.4299
overflow!
overflow!
overflow!
underflow!0.00131555
pos  0.990344   0.375989   0.519907   0.369291 0.00131555   0.106824
overflow!
underflow!0.00047323
pos  0.150754     0.3838   0.392923  0.0306841 0.00047323   0.435335
overflow!
overflow!
underflow!0.00468629
pos0.00468629   0.383368  0.0400483   0.320243   0.143491   0.126596
overflow!
overflow!
underflow!0.00462441
pos0.00462441   0.799106   0.872591   0.408261    0.45002   0.347149
underflow!0.003187
pos0.901541 0.563756 0.749956 0.003187  0.29635 0.089092
overflow!
overflow!
underflow!0.00441186
pos0.00441186    0.46031   0.219262   0.876745   0.609502   0.326183
overflow!
overflow!
underflow!0.00190021
pos  0.705129   0.524488   0.824778 0.00190021   0.403533   0.231099
underflow!0.00441638
pos  0.124487   0.525851   0.366414 0.00441638   0.180196   0.838691
underflow!0.00488136
pos0.00488136   0.894941   0.336432  0.0926517   0.637394   0.826804
overflow!
overflow!
underflow!0.0027525
pos 0.895181  0.534691 0.0027525   0.85644  0.549374 0.0951669
overflow!
underflow!0.00197887
pos  0.986087   0.888332    0.69643   0.677278 0.00197887   0.050771
overflow!
overflow!
underflow!0.00454171
pos  0.958729   0.057765   0.180938 0.00454171   0.995334   0.886927
overflow!
underflow!0.00191453
pos 0.0439894   0.181959   0.137779 0.00191453    0.15229   0.269296
overflow!
overflow!
overflow!
underflow!0.00432968
pos0.00432968   0.492592   0.288089   0.393314   0.614831   0.512216
underflow!0.00285461
pos0.00285461    0.49294   0.398859   0.570224  0.0432354   0.418295
underflow!0.00495895
pos   0.92654 0.00495895   0.787555    0.83931   0.651419   0.335715
underflow!0.000226484
pos   0.138852    0.873355    0.362768    0.303651 0.000226484    0.860257
underflow!0.00374864
pos0.00640187    0.91414 0.00374864   0.392013   0.684789  0.0845022
underflow!0.00317379
pos  0.470419 0.00317379   0.691273   0.230105   0.214001    0.70243
overflow!
overflow!
underflow!0.00302969
pos  0.152347   0.412892   0.556537   0.599515 0.00302969   0.797483
overflow!
underflow!0.000845678
pos    0.80196    0.394047    0.566112    0.750902    0.564034 0.000845678
underflow!0.00202122
pos  0.342979   0.931525 0.00202122   0.515323   0.881958   0.395132
overflow!
overflow!
underflow!0.0039126
pos0.0039126  0.378917  0.225782  0.219918 0.0762141  0.705187
overflow!
underflow!0.000904676
pos0.000904676    0.715075   0.0239264    0.812445    0.518348    0.261296
underflow!0.0019888
pos  0.67653  0.599965 0.0628909  0.753364  0.351789 0.0019888
overflow!
overflow!
underflow!0.000423039
pos  0.0676163 0.000423039   0.0112115    0.952425    0.669992    0.821097
underflow!0.000397328
pos   0.704641    0.718878    0.603804    0.122922    0.465124 0.000397328
underflow!0.00243299
pos  0.798083   0.184799  0.0731143   0.826181   0.665167 0.00243299
underflow!0.000747565
pos   0.916629    0.102727    0.316637 0.000747565   0.0968585 3.80869e-05
underflow!3.80869e-05
pos   0.916629    0.102727    0.316637 0.000747565   0.0968585 3.80869e-05
overflow!
overflow!
overflow!
underflow!0.00382304
pos  0.606438    0.23742  0.0622594   0.114057 0.00382304   0.817717
underflow!0.00476218
pos0.00476218  0.0086647   0.490901   0.709092   0.991153   0.684432
underflow!0.00476492
pos0.00476492   0.513737   0.517738   0.513851   0.460806   0.354297
overflow!
underflow!0.000479585
pos0.000479585    0.658567    0.923374    0.366424    0.249745    0.169484
underflow!0.00449516
pos0.00449516   0.794013  0.0533814  0.0449204   0.510286  0.0901085
underflow!0.00366411
pos  0.757526   0.535377 0.00366411   0.939154   0.325612   0.236064
overflow!
overflow!
underflow!0.00410244
pos0.00410244   0.481075   0.727232   0.329813   0.327144   0.607105
underflow!0.000220344
pos0.000220344    0.220913  0.00988976     0.56041    0.434495    0.961926
overflow!
underflow!0.000396094
pos0.000396094    0.688753    0.848885    0.919105     0.45559    0.933875
overflow!
overflow!
overflow!
overflow!
underflow!0.00384202
pos0.00384202   0.849278   0.733732   0.789943   0.280789   0.621914
underflow!0.00421864
pos  0.540245  0.0925164   0.978202   0.218731   0.285553 0.00421864
underflow!0.000871997
pos   0.851971 0.000871997    0.681533    0.180082    0.203351    0.772406
underflow!0.00401523
pos  0.302343 0.00401523   0.753361   0.138021    0.34782    0.24115
underflow!0.00415822
pos 0.0908187   0.305081   0.624621  0.0787302   0.541974 0.00415822
underflow!0.00328593
pos  0.601756   0.265354  0.0215858 0.00328593   0.822126   0.556836
overflow!
overflow!
overflow!
underflow!0.00325645
pos  0.508479   0.283704   0.153131 0.00325645   0.277352   0.726975
underflow!0.00232692
pos  0.930625 0.00232692  0.0695829   0.292457   0.797111   0.608067
overflow!
underflow!0.00342315
pos  0.596696 0.00342315   0.537452   0.748837   0.669779    0.91575
overflow!
overflow!
overflow!
underflow!0.0017193
pos0.0546424 0.0519859  0.701689  0.659442 0.0017193  0.270111
underflow!0.00246926
pos  0.688881   0.213536 0.00246926   0.616252    0.13601   0.612521
underflow!0.00183563
pos 0.0887986   0.486801  0.0776476   0.180897 0.00183563   0.587774
overflow!
overflow!
overflow!
overflow!
overflow!
underflow!0.00486199
pos  0.922184 0.00486199   0.489735  0.0535343   0.320342   0.223352
overflow!
overflow!
underflow!0.00213811
pos  0.986513    0.55192   0.444101  0.0995963   0.782527 0.00213811
underflow!0.0032604
pos 0.100361 0.0032604  0.184594  0.292808  0.822009  0.834237
overflow!
overflow!
overflow!
underflow!0.00459672
pos0.00459672   0.477784   0.684373   0.108815   0.148313  0.0497151
overflow!
underflow!0.00486819
pos  0.382981   0.652284 0.00486819   0.913705   0.201763   0.517408
underflow!0.000271591
pos   0.357758   0.0934449    0.955635    0.457082 0.000271591    0.268596
underflow!0.00441555
pos  0.820011   0.205782   0.440009 0.00441555   0.364675   0.373162
overflow!
underflow!0.004745
pos 0.748698  0.302752  0.004745  0.988958 0.0761408  0.386309
underflow!0.00306339
pos  0.135063   0.742605 0.00306339    0.81772   0.977813   0.764459
overflow!
overflow!
underflow!0.00441564
pos  0.126748 0.00441564   0.134069   0.393745   0.722164  0.0823161
overflow!
underflow!0.00441512
pos0.00441512   0.305644   0.773912   0.613901   0.159797   0.634876
overflow!
overflow!
underflow!0.00315227
pos  0.100359   0.519097   0.969188   0.858087  0.0528227 0.00315227
overflow!
overflow!
overflow!
underflow!0.0003322
pos 0.870815 0.0003322  0.918081 0.0716539  0.822647   0.13407
underflow!0.00453213
pos0.00453213   0.752593    0.29954   0.193763   0.372038   0.533742
underflow!0.00450476
pos  0.932005 0.00450476   0.351548   0.468109   0.703687   0.412036
underflow!0.00395038
pos0.00395038  0.0145591   0.596517   0.146222   0.955775   0.396661
overflow!
underflow!0.000800951
pos   0.693658 0.000800951    0.674617    0.542625    0.354963    0.827153
underflow!0.00248024
pos0.00626353   0.875922   0.887018 0.00248024   0.806054   0.869502
underflow!0.00454197
pos  0.603573 0.00454197   0.822054   0.857219    0.29483 0.00863394
overflow!
underflow!0.00205256
pos  0.154552   0.316413   0.243195   0.886566 0.00205256    0.64172
overflow!
overflow!
underflow!0.00453265
pos0.00453265   0.973392   0.508485   0.225499   0.602328   0.399191
overflow!
underflow!0.00181467
pos  0.913897   0.799012   0.377599 0.00181467  0.0996517   0.868225
underflow!0.000888547
pos   0.736941    0.544653 0.000888547    0.312766   0.0708554    0.612518
overflow!
overflow!
overflow!
overflow!
overflow!
underflow!0.00146616
pos  0.983564 0.00146616    0.62135   0.294685   0.646277   0.414986
overflow!
underflow!0.003164
pos0.796475  0.90847 0.003164 0.231402 0.499469 0.221509
underflow!0.00166006
pos0.00166006   0.177323   0.634002  0.0760964   0.687423   0.903533
overflow!
overflow!
underflow!0.00219163
pos0.00219163   0.715479  0.0568015   0.816832   0.249848   0.494127
underflow!0.00105571
pos  0.764411    0.13945 0.00105571   0.063511   0.879508   0.293574
underflow!0.000189719
pos   0.163044 0.000189719   0.0563508    0.680403    0.143604    0.137485
overflow!
underflow!0.00344434
pos  0.724442   0.584444   0.395765   0.422418   0.875003 0.00344434
overflow!
underflow!0.00465025
pos0.00465025   0.796663   0.855506   0.789531   0.434587   0.278985
overflow!
overflow!
overflow!
overflow!
overflow!
underflow!0.000880542
pos   0.181236    0.502368 0.000880542    0.839762    0.917959    0.483935
underflow!0.00450603
pos  0.406636 0.00450603   0.492225    0.33666   0.600466   0.154308
underflow!0.00327956
pos  0.477115   0.271198 0.00327956   0.893337   0.766287   0.714591
overflow!
underflow!0.00255796
pos 0.0353989   0.409664   0.204059   0.913805 0.00255796   0.445978
overflow!
overflow!
overflow!
overflow!
underflow!0.00480495
pos   0.34757   0.735417   0.396333  0.0466344    0.97919 0.00480495
underflow!0.000789313
pos0.000789313    0.553787    0.172706    0.147788    0.981377    0.731484
overflow!
overflow!
underflow!0.00482018
pos  0.448343   0.214021   0.221087   0.573515  0.0207064 0.00482018
underflow!0.00411025
pos  0.931452    0.44872  0.0630683   0.149191 0.00411025   0.403249
overflow!
overflow!
overflow!
underflow!0.00161192
pos  0.250218   0.445223   0.406891   0.501954 0.00161192   0.926545
overflow!
underflow!0.0013292
pos0.0013292  0.788748  0.657877 0.0631359  0.362758  0.956043
overflow!
underflow!0.00362403
pos  0.645097 0.00362403    0.95378   0.521119   0.359894   0.789649
overflow!
underflow!0.00376472
pos  0.416029 0.00376472  0.0889264  0.0384318   0.206187 0.00673783
underflow!0.00157829
pos0.00157829   0.997819   0.069482   0.865807   0.463397   0.461373
overflow!
underflow!0.00264196
pos  0.390782  0.0138044  0.0173645   0.645147   0.363703 0.00264196
underflow!0.00291987
pos  0.939027   0.925119 0.00291987   0.316673   0.653633   0.625727
underflow!0.00205696
pos  0.204439   0.993923 0.00205696   0.613565  0.0673568   0.182505
underflow!0.00479665
pos  0.734752 0.00479665   0.127986   0.586198   0.493196  0.0881717
overflow!
overflow!
overflow!
overflow!
underflow!0.00143613
pos   0.94063   0.794584 0.00143613   0.327429   0.571462   0.568943
overflow!
underflow!0.000460101
pos0.000460101    0.978751    0.565847    0.716024    0.501809    0.363536
underflow!0.00342829
pos0.00342829   0.394624   0.460303   0.158723     0.9348   0.974637
overflow!
overflow!
underflow!0.000700646
pos   0.495193    0.319533     0.67596    0.229975 0.000700646    0.712169
overflow!
overflow!
overflow!
underflow!0.00176574
pos  0.473567   0.747009 0.00176574   0.377704   0.964892   0.907756
underflow!0.00114992
pos  0.246727 0.00114992   0.512244   0.301757   0.709211   0.790841
overflow!
overflow!
overflow!
underflow!0.00442096
pos  0.989382 0.00442096   0.383602   0.933009    0.30219    0.39553
underflow!0.000515206
pos   0.806188    0.311627    0.982489 0.000515206   0.0953664    0.215029
overflow!
overflow!
overflow!
overflow!
underflow!0.00101038
pos0.00101038   0.328146     0.5479   0.763609   0.749953   0.315524
underflow!0.00478048
pos  0.273613   0.286058   0.900709   0.476138   0.215932 0.00478048
underflow!0.00298409
pos  0.115063   0.316525   0.889648 0.00298409   0.508127   0.546696
underflow!0.00055987
pos0.00055987   0.670686   0.180321   0.616774   0.447173   0.753356
overflow!
overflow!
overflow!
underflow!0.00231294
pos  0.827892 0.00231294    0.69666   0.374336   0.946519   0.395548
underflow!0.00136631
pos0.00136631 0.00128482   0.173697   0.101535   0.661318   0.999779
overflow!
overflow!
overflow!
overflow!
overflow!
underflow!0.00260769
pos  0.387394   0.448383   0.211486 0.00260769   0.404992   0.612042
underflow!0.00195137
pos  0.952549 0.00195137   0.673054   0.228583   0.681768   0.270274
underflow!0.00353305
pos   0.82209   0.389728 0.00353305   0.195916   0.450041   0.385624
overflow!
underflow!0.00351955
pos  0.862418   0.815347 0.00351955   0.292511   0.419517    0.30398
overflow!
overflow!
underflow!0.0027274
pos 0.106904  0.420109 0.0027274  0.727663  0.362278  0.326817
underflow!0.00173342
pos   0.56167  0.0814041  0.0870897 0.00173342   0.285487    0.36715
overflow!
overflow!
overflow!
overflow!
overflow!
overflow!
overflow!
overflow!
overflow!
underflow!0.000118477
pos   0.861316    0.620883    0.993841   0.0169353    0.508384 0.000118477
overflow!
underflow!0.00228996
pos0.00228996   0.754579   0.288461  0.0787685   0.365257   0.190049
underflow!0.00390972
pos  0.613594   0.963767    0.72078   0.819876     0.8337 0.00390972
overflow!
overflow!
underflow!0.00463301
pos  0.401973   0.948271   0.306902 0.00463301   0.189728   0.792194
overflow!
underflow!0.00282858
pos  0.280994 0.00282858  0.0615406   0.839787  0.0183512   0.137598
overflow!
underflow!0.00167672
pos  0.819043   0.967998  0.0693476   0.776524   0.571014 0.00167672
overflow!
underflow!0.000233912
pos   0.875283 0.000233912     0.64947    0.304267    0.785506    0.495705
overflow!
overflow!
overflow!
underflow!0.00116135
pos  0.358865  0.0132226 0.00116135 0.00734295   0.584473   0.389197
overflow!
underflow!0.00013985
pos  0.552682   0.914993   0.323126   0.178748   0.271563 0.00013985
underflow!0.00354471
pos  0.688389   0.478182   0.635252 0.00354471   0.378381   0.723676
underflow!0.00377672
pos  0.113509   0.359707   0.314724   0.781321 0.00377672   0.326444
overflow!
underflow!0.00361686
pos  0.523994   0.306939   0.252372 0.00361686   0.796865   0.645272
overflow!
underflow!0.000968294
pos   0.635856    0.751026     0.51649    0.261854 0.000968294    0.719417
underflow!0.000530416
pos    0.91749    0.547956    0.954084    0.794006 0.000530416    0.903597
underflow!0.000870585
pos   0.577553   0.0604858    0.036183 0.000870585    0.704655    0.211241
overflow!
overflow!
overflow!
underflow!0.00412405
pos  0.533854   0.444737 0.00412405    0.63282   0.821185   0.504365
underflow!0.00224055
pos  0.501632 0.00224055   0.895299    0.61887   0.872236   0.435456
underflow!0.00311115
pos  0.834717   0.636379   0.244918   0.340492 0.00311115   0.413275
underflow!0.00269066
pos  0.622959   0.263616   0.133797   0.289201 0.00269066   0.995528
overflow!
underflow!0.00439729
pos  0.447052   0.103274 0.00439729   0.259674   0.266427   0.166538
underflow!0.0025666
pos 0.297259 0.0616054  0.910457 0.0025666  0.837346  0.557877
overflow!
overflow!
underflow!0.00341288
pos  0.122595   0.728044   0.176605   0.274267   0.715431 0.00341288
underflow!0.00353649
pos  0.104744   0.267617   0.615439   0.501464  0.0553236 0.00353649
overflow!
overflow!
overflow!
underflow!0.00127493
pos  0.864083   0.853152 0.00127493   0.523837   0.813392   0.615595
overflow!
overflow!
underflow!0.00362041
pos  0.642605   0.778909   0.641415 0.00362041   0.219678   0.154951
overflow!
overflow!
underflow!0.000552634
pos  0.0113335    0.157354 0.000552634    0.636495    0.229535    0.825308
underflow!0.00313985
pos  0.405217   0.624178   0.857297   0.813552 0.00313985   0.187376
overflow!
underflow!0.00332779
pos0.00332779   0.881165   0.302601   0.404545   0.949924   0.347497
overflow!
overflow!
overflow!
overflow!
underflow!0.00160145
pos  0.270155   0.731421 0.00160145   0.794502    0.80713   0.292891
overflow!
overflow!
underflow!0.0030012
pos0.0030012  0.176441  0.866379  0.125054  0.689515 0.0992038
overflow!
overflow!
overflow!
underflow!0.00262964
pos   0.93284   0.085617   0.424333 0.00262964   0.665313   0.723732
overflow!
overflow!
overflow!
underflow!0.000499188
pos    0.01723    0.399948    0.647627    0.363992    0.597079 0.000499188
underflow!0.00289519
pos  0.595731 0.00289519   0.912147   0.527393   0.951556   0.400862
underflow!0.00479184
pos  0.354384   0.125906 0.00479184   0.585773   0.532285   0.741255
underflow!0.00211683
pos  0.100722   0.904803 0.00211683   0.161282   0.255566   0.681826
overflow!
underflow!0.00239961
pos  0.173879 0.00239961   0.909405   0.904438   0.593381   0.404228
underflow!0.000491911
pos   0.592105    0.776138    0.188484   0.0331165 0.000491911    0.721731
underflow!0.000101598
pos0.000101598    0.939414    0.191666    0.124641    0.288031    0.217684
overflow!
overflow!
overflow!
underflow!0.000398845
pos   0.834566 0.000398845    0.324733    0.628412    0.374417    0.669595
underflow!0.00159611
pos 0.0568764 0.00159611   0.569614   0.486636   0.698362   0.126224
overflow!
underflow!0.00267198
pos0.00267198  0.0776493   0.183776   0.991665   0.113868   0.226118
overflow!
overflow!
overflow!
underflow!0.00368696
pos  0.156728   0.916271 0.00368696   0.640131   0.807086  0.0258854
underflow!0.00212061
pos  0.370699  0.0774282   0.463343   0.317591 0.00212061   0.725933
overflow!
underflow!0.00297737
pos   0.65379   0.225536    0.87584 0.00297737   0.650052   0.893649
underflow!0.000965524
pos    0.73378    0.517156    0.653386 0.000965524    0.661646    0.935203
underflow!0.00231791
pos0.00231791   0.927868   0.806689   0.384425   0.763587   0.653145
overflow!
underflow!0.00209092
pos0.00209092   0.499002   0.346283   0.855499   0.596643   0.496551
underflow!0.00150949
pos  0.734581   0.698997   0.576969 0.00150949   0.502385   0.586333
overflow!
overflow!
overflow!
overflow!
overflow!
overflow!
overflow!
overflow!
overflow!
underflow!0.0032823
pos 0.692538  0.195447  0.742921 0.0032823  0.509656  0.228164
underflow!0.000902869
pos   0.954834    0.625779     0.16143    0.331916    0.457654 0.000902869
overflow!
overflow!
overflow!
overflow!
overflow!
underflow!0.0024951
pos 0.980869  0.788104 0.0024951  0.653605   0.69996  0.858688
overflow!
overflow!
overflow!
overflow!
overflow!
underflow!0.00128338
pos  0.146422   0.905388 0.00128338   0.584888   0.720944   0.132282
underflow!0.00254613
pos  0.327947 0.00254613   0.261015  0.0653561   0.985362   0.551722
underflow!0.00392414
pos  0.439535   0.676177 0.00392414   0.557899   0.203798   0.671236
overflow!
underflow!0.0019619
pos 0.591889 0.0019619  0.199337  0.528695  0.342519  0.652288
underflow!0.00373062
pos  0.453738   0.898396    0.74371   0.506044   0.375061 0.00373062
overflow!
underflow!0.00401968
pos  0.266504   0.286074   0.991866   0.407153 0.00401968  0.0628405
underflow!0.00295481
pos    0.4117   0.165468   0.920647    0.29686   0.952253 0.00295481
overflow!
overflow!
overflow!
overflow!
overflow!
overflow!
underflow!0.000602305
pos   0.372148 0.000602305    0.763117    0.544192    0.898551    0.430125
underflow!0.00309375
pos  0.914979   0.775156   0.677676   0.806254  0.0696053 0.00309375
underflow!0.00280881
pos  0.480071   0.410349 0.00280881   0.640476   0.976983   0.385205
underflow!0.00131716
pos  0.640017 0.00131716   0.371563   0.685811  0.0495427   0.340097
underflow!0.00214356
pos  0.593496  0.0269476   0.927337   0.451175   0.885968 0.00214356
underflow!0.00164604
pos  0.543201   0.567073   0.983903 0.00164604   0.534048   0.238114
overflow!
underflow!0.00465736
pos 0.0413164   0.892584   0.130217 0.00465736   0.789174   0.163413
overflow!
underflow!0.000359076
pos   0.927051 0.000359076    0.583409    0.540673    0.530981    0.241885
overflow!
overflow!
underflow!0.000578291
pos0.000578291   0.0800793   0.0697694    0.615189    0.444587    0.678229
overflow!
overflow!
underflow!0.00200604
pos  0.629451   0.619308   0.638341   0.184288 0.00200604   0.470143
underflow!0.000410587
pos   0.684012    0.588679    0.194978    0.491604    0.527828 0.000410587
overflow!
overflow!
overflow!
overflow!
underflow!0.000781668
pos0.000781668    0.308651    0.533229    0.386683    0.251446     0.90685
underflow!0.00193671
pos  0.990339   0.867891   0.130749 0.00193671    0.49841   0.432937
underflow!0.00051081
pos  0.341481 0.00051081   0.247482   0.807777   0.622074   0.457921
overflow!
underflow!0.0041372
pos0.0041372  0.785024  0.596056   0.55254  0.620491  0.990919
overflow!
overflow!
overflow!
underflow!0.00134331
pos  0.275755 0.00134331   0.236614   0.785895   0.847378    0.89676
overflow!
overflow!
underflow!0.000638124
pos0.000638124    0.633652    0.694949    0.477807      0.8069    0.960812
overflow!
underflow!0.00111842
pos0.00111842   0.725713   0.590847   0.826399  0.0430644   0.196014
overflow!
underflow!0.00102895
pos0.00102895   0.245371   0.156265  0.0231561     0.7832   0.405956
underflow!0.00340666
pos   0.81055 0.00340666   0.202801  0.0402247    0.25638   0.551207
overflow!
underflow!0.00252907
pos   0.29557   0.533441   0.688333 0.00252907   0.994492   0.216393
overflow!
underflow!0.00277425
pos  0.949075 0.00277425   0.741976   0.886117  0.0901339   0.689482
overflow!
overflow!
overflow!
underflow!0.00142394
pos  0.822247   0.721729 0.00142394   0.842358   0.242992   0.660338
overflow!
underflow!0.00220632
pos  0.140697 0.00220632   0.420491   0.737033   0.504206   0.708994
overflow!
underflow!0.00133579
pos  0.135621 0.00133579   0.582906   0.707193   0.733667   0.761519
overflow!
underflow!0.00164274
pos0.00164274  0.0233361   0.162974   0.835318   0.995719    0.81887
overflow!
underflow!0.00203291
pos0.00203291   0.948102   0.243943   0.406031   0.589286   0.450575
overflow!
overflow!
underflow!0.00301525
pos0.00301525   0.613644   0.909213   0.851619    0.86343   0.700728
overflow!
overflow!
underflow!0.00361889
pos  0.462489   0.472273 0.00361889   0.292523   0.369905   0.948038
underflow!0.00367188
pos0.00367188   0.925095   0.360744   0.203477   0.223656   0.701236
underflow!0.00228502
pos  0.262256 0.00228502   0.682996  0.0425965    0.52758    0.57026
overflow!
underflow!0.000420991
pos0.000420991    0.491115    0.891109     0.83793     0.42776     0.13293
underflow!0.00490938
pos   0.85497   0.528474   0.494834   0.854596   0.186555 0.00490938
overflow!
underflow!0.00366611
pos  0.741569 0.00366611   0.514502   0.284197   0.691865   0.779686
underflow!0.00373875
pos  0.580352 0.00373875   0.730671   0.160461   0.718715   0.091953
overflow!
underflow!0.00358774
pos  0.479875   0.806308   0.897936   0.928673 0.00358774   0.913187
underflow!0.000556934
pos   0.241682    0.858779    0.570814    0.350529 0.000556934    0.965403
underflow!0.00424117
pos  0.484493   0.734418 0.00424117  0.0693303   0.778823   0.238495
overflow!
underflow!0.000578666
pos   0.519868    0.903453    0.866877    0.914279    0.406871 0.000578666
underflow!0.0037512
pos 0.664993  0.290705  0.615517 0.0037512  0.394526  0.587476
underflow!0.00248579
pos  0.740278   0.553372   0.268541 0.00248579  0.0498514   0.209333
overflow!
underflow!0.00481166
pos  0.874043    0.72238 0.00481166   0.857572   0.761172   0.748094
overflow!
underflow!0.000462688
pos    0.95558 0.000462688     0.65135    0.885972    0.936433    0.299134
overflow!
overflow!
underflow!0.000943902
pos   0.325673   0.0175062    0.626175    0.895048 0.000943902    0.978772
overflow!
New GBMAT from blind pso!
 0.715241  0.184665 0.0722504  0.690877  0.590907  0.189845   3376.71
 0.715241  0.184665 0.0722504  0.690877  0.590907  0.189845   3376.71
 0.913827  0.640059 0.0760447  0.959733  0.189311 0.0482685    28.221


underflow!0.00359314
pos  0.900812   0.616907   0.449382   0.331652   0.666534 0.00359314
overflow!
underflow!0.00210209
pos  0.177281    0.24392   0.569623   0.830595   0.363465 0.00210209
underflow!0.00371721
pos 0.0991933 0.00371721   0.844059   0.911832     0.4438   0.771195
underflow!0.00343258
pos  0.419438   0.455095 0.00343258   0.916292   0.467705   0.305626
underflow!0.00466493
pos  0.848433   0.930041   0.192552   0.339979   0.831971 0.00466493
underflow!0.00439847
pos  0.529496    0.27244    0.58931   0.994611  0.0925216 0.00439847
overflow!
underflow!0.00239892
pos 0.0302733   0.621055 0.00239892   0.787321   0.755307   0.436194
underflow!0.00260044
pos  0.700843   0.612183 0.00260044   0.863377   0.789395   0.606125
overflow!
overflow!
overflow!
underflow!0.00447671
pos  0.461355   0.774944   0.162313   0.646784   0.755875 0.00447671
overflow!
underflow!0.00423597
pos  0.252312   0.485911  0.0509171   0.179889   0.674409 0.00423597
underflow!0.00493631
pos  0.112736  0.0616172    0.78549   0.926765 0.00493631   0.156517
underflow!0.00243519
pos  0.427754   0.627158   0.929779   0.934623 0.00243519   0.764352
underflow!0.00254951
pos  0.681749    0.59677   0.505561   0.875807   0.568071 0.00254951
overflow!
underflow!0.00383063
pos  0.168288   0.508699   0.346213   0.363814 0.00383063   0.193372
overflow!
overflow!
underflow!0.00340696
pos  0.597959   0.995987 0.00340696   0.817001   0.824023   0.440193
underflow!0.00495042
pos  0.453129   0.240241  0.0356865   0.264469 0.00495042   0.452582
overflow!
underflow!0.00331673
pos  0.778179   0.360949   0.720989   0.936905  0.0105789 0.00331673
underflow!0.00191375
pos  0.437219   0.076319 0.00191375    0.21639   0.670706   0.505711
underflow!0.00139393
pos  0.305953 0.00139393   0.569508   0.466689   0.575173   0.263071
overflow!
underflow!0.00396425
pos  0.679293 0.00396425   0.609994   0.669312   0.208456   0.253253
underflow!0.0024865
pos 0.188226  0.265428 0.0024865  0.255436  0.746573  0.876128
overflow!
underflow!0.00461239
pos  0.826408   0.964061 0.00461239   0.135678   0.766516   0.489623
overflow!
underflow!0.00373234
pos  0.192899  0.0407211 0.00373234   0.898775   0.776641    0.47354
overflow!
overflow!
underflow!0.00334825
pos  0.724903  0.0440554   0.457781   0.446896   0.565822 0.00334825
overflow!
underflow!0.00143349
pos 0.0889086   0.408448 0.00185478 0.00143349   0.989427   0.739541
underflow!0.00185478
pos 0.0889086   0.408448 0.00185478 0.00143349   0.989427   0.739541
overflow!
overflow!
underflow!0.00482347
pos  0.607776   0.262758  0.0772617   0.121289 0.00482347   0.811137
overflow!
underflow!0.00451857
pos  0.370096   0.644278   0.215628   0.747361   0.727328 0.00451857
underflow!0.00478415
pos  0.599894   0.908946   0.288347   0.990997 0.00478415   0.786699
overflow!
underflow!0.0038507
pos 0.739762  0.745389  0.851257 0.0938516 0.0038507  0.360571
overflow!
overflow!
overflow!
overflow!
overflow!
underflow!0.00215475
pos  0.876103  0.0736618   0.387012   0.109301    0.70091 0.00215475
underflow!0.00357729
pos  0.593979    0.63261   0.123171    0.99393   0.155435 0.00357729
overflow!
overflow!
underflow!0.00406826
pos  0.599094   0.380626   0.742872   0.698491   0.521923 0.00406826
overflow!
New GBMAT from blind pso!
 0.715241  0.184665 0.0722504  0.690877  0.590907  0.189845   3376.71
 0.715241  0.184665 0.0722504  0.690877  0.590907  0.189845   3376.71
 0.913827  0.640059 0.0760447  0.959733  0.189311 0.0482685    28.221
 0.913827  0.640059 0.0760447  0.959733  0.189311 0.0482685    28.221


underflow!0.0042652
pos 0.197159  0.269883   0.55173  0.816767  0.306598 0.0042652
overflow!
underflow!0.00383551
pos  0.139457   0.454808  0.0995898   0.589109  0.0300501 0.00383551
overflow!
overflow!
underflow!0.00291205
pos  0.766336   0.510905 0.00291205    0.89352   0.301925   0.231724
underflow!0.00214689
pos  0.814695   0.683177   0.325067   0.608475   0.779477 0.00214689
underflow!0.00348391
pos    0.4463   0.102347  0.0949143   0.788178     0.7543 0.00348391
underflow!0.00460615
pos  0.367275  0.0997806  0.0362159   0.693102   0.337119 0.00460615
underflow!0.00311717
pos   0.84699   0.174043   0.854725   0.525262   0.635528 0.00311717
overflow!
overflow!
New GBMAT from blind pso!
 0.715241  0.184665 0.0722504  0.690877  0.590907  0.189845   3376.71
 0.715241  0.184665 0.0722504  0.690877  0.590907  0.189845   3376.71
 0.913827  0.640059 0.0760447  0.959733  0.189311 0.0482685    28.221
 0.913827  0.640059 0.0760447  0.959733  0.189311 0.0482685    28.221
 0.704515      0.45 0.0649301  0.795993  0.198498 0.0297156   25.1606


underflow!0.00488881
pos  0.163033   0.950591 0.00488881   0.634317   0.356674   0.018553
New GBMAT from blind pso!
 0.715241  0.184665 0.0722504  0.690877  0.590907  0.189845   3376.71
 0.715241  0.184665 0.0722504  0.690877  0.590907  0.189845   3376.71
 0.913827  0.640059 0.0760447  0.959733  0.189311 0.0482685    28.221
 0.913827  0.640059 0.0760447  0.959733  0.189311 0.0482685    28.221
 0.704515      0.45 0.0649301  0.795993  0.198498 0.0297156   25.1606
 0.505203  0.368031 0.0716005  0.845492   0.11237 0.0391387   22.4926


underflow!0.0037498
pos 0.616379  0.596069  0.165576  0.640124  0.289301 0.0037498
underflow!0.0035702
pos 0.184918  0.222733  0.119316  0.413197  0.270409 0.0035702
underflow!0.00487791
pos  0.446923   0.621213   0.598695   0.631937    0.14834 0.00487791
underflow!0.00385804
pos  0.690657   0.695679   0.210493   0.936706   0.439123 0.00385804
New GBMAT from blind pso!
 0.715241  0.184665 0.0722504  0.690877  0.590907  0.189845   3376.71
 0.715241  0.184665 0.0722504  0.690877  0.590907  0.189845   3376.71
 0.913827  0.640059 0.0760447  0.959733  0.189311 0.0482685    28.221
 0.913827  0.640059 0.0760447  0.959733  0.189311 0.0482685    28.221
 0.704515      0.45 0.0649301  0.795993  0.198498 0.0297156   25.1606
 0.505203  0.368031 0.0716005  0.845492   0.11237 0.0391387   22.4926
  0.69984  0.463951 0.0606571  0.740635  0.112394 0.0229715   20.5639


