PSO_S_ODE_NonLinear
Using two part PSO Sample Size:5000 with:27 moments.
Using Record Time:50
Bounds for Uniform Distribution (0,1)
Blind PSO --> nParts:500 Nsteps:10
Targeted PSO --> nParts:50 Nsteps:10
sdbeta:0.1
wt:
1 0 0 0 0 0 0 0 0 0 0 0 0 0 0 0 0 0 0 0 0 0 0 0 0 0 0
0 1 0 0 0 0 0 0 0 0 0 0 0 0 0 0 0 0 0 0 0 0 0 0 0 0 0
0 0 1 0 0 0 0 0 0 0 0 0 0 0 0 0 0 0 0 0 0 0 0 0 0 0 0
0 0 0 1 0 0 0 0 0 0 0 0 0 0 0 0 0 0 0 0 0 0 0 0 0 0 0
0 0 0 0 1 0 0 0 0 0 0 0 0 0 0 0 0 0 0 0 0 0 0 0 0 0 0
0 0 0 0 0 1 0 0 0 0 0 0 0 0 0 0 0 0 0 0 0 0 0 0 0 0 0
0 0 0 0 0 0 1 0 0 0 0 0 0 0 0 0 0 0 0 0 0 0 0 0 0 0 0
0 0 0 0 0 0 0 1 0 0 0 0 0 0 0 0 0 0 0 0 0 0 0 0 0 0 0
0 0 0 0 0 0 0 0 1 0 0 0 0 0 0 0 0 0 0 0 0 0 0 0 0 0 0
0 0 0 0 0 0 0 0 0 1 0 0 0 0 0 0 0 0 0 0 0 0 0 0 0 0 0
0 0 0 0 0 0 0 0 0 0 1 0 0 0 0 0 0 0 0 0 0 0 0 0 0 0 0
0 0 0 0 0 0 0 0 0 0 0 1 0 0 0 0 0 0 0 0 0 0 0 0 0 0 0
0 0 0 0 0 0 0 0 0 0 0 0 1 0 0 0 0 0 0 0 0 0 0 0 0 0 0
0 0 0 0 0 0 0 0 0 0 0 0 0 1 0 0 0 0 0 0 0 0 0 0 0 0 0
0 0 0 0 0 0 0 0 0 0 0 0 0 0 1 0 0 0 0 0 0 0 0 0 0 0 0
0 0 0 0 0 0 0 0 0 0 0 0 0 0 0 1 0 0 0 0 0 0 0 0 0 0 0
0 0 0 0 0 0 0 0 0 0 0 0 0 0 0 0 1 0 0 0 0 0 0 0 0 0 0
0 0 0 0 0 0 0 0 0 0 0 0 0 0 0 0 0 1 0 0 0 0 0 0 0 0 0
0 0 0 0 0 0 0 0 0 0 0 0 0 0 0 0 0 0 1 0 0 0 0 0 0 0 0
0 0 0 0 0 0 0 0 0 0 0 0 0 0 0 0 0 0 0 1 0 0 0 0 0 0 0
0 0 0 0 0 0 0 0 0 0 0 0 0 0 0 0 0 0 0 0 1 0 0 0 0 0 0
0 0 0 0 0 0 0 0 0 0 0 0 0 0 0 0 0 0 0 0 0 1 0 0 0 0 0
0 0 0 0 0 0 0 0 0 0 0 0 0 0 0 0 0 0 0 0 0 0 1 0 0 0 0
0 0 0 0 0 0 0 0 0 0 0 0 0 0 0 0 0 0 0 0 0 0 0 1 0 0 0
0 0 0 0 0 0 0 0 0 0 0 0 0 0 0 0 0 0 0 0 0 0 0 0 1 0 0
0 0 0 0 0 0 0 0 0 0 0 0 0 0 0 0 0 0 0 0 0 0 0 0 0 1 0
0 0 0 0 0 0 0 0 0 0 0 0 0 0 0 0 0 0 0 0 0 0 0 0 0 0 1
mu: 80 120  85
covarMat:
 50   0   0
  0 100   0
  0   0  50

Yt:  11.1758   11.7845   7.49479  0.351489   19.6307   8.69427   153.659   341.531   35.6202 0.0498743   466.398   49.4188    2.2623   29.8646   1.80585   33.9327   36.7898   43.2544  0.440151   385.226   47.3354  0.903726   79.7783   40.6561   1.39375   1.09222   89.0838
seedk:0.685331  0.35694 0.625922 0.871019 0.536796 0.739971| cost:225480
Xt:  4.0035   4.4459  2.34858 0.514562  7.30904   1.9866  51.0995  117.266  11.4494 0.320003  168.228  8.19207  3.36819  10.4187  2.85816  16.6451  8.81292  17.0041   1.1894   135.46  14.3833  1.40262  29.8561  9.68476  2.91202  1.18644  25.2545
PSO begins!
New GBMAT from blind pso!
0.685331  0.35694 0.625922 0.871019 0.536796 0.739971   225480
0.685331  0.35694 0.625922 0.871019 0.536796 0.739971   225480


underflow!0.00320393
pos   0.20568   0.268855   0.431491   0.989384 0.00320393    0.79786
overflow!
underflow!0.00135828
pos  0.154714   0.828791   0.962531   0.553703  0.0532756 0.00135828
overflow!
underflow!0.000454294
pos   0.122419 0.000454294    0.226106    0.450554    0.453688    0.312658
overflow!
overflow!
underflow!0.00402544
pos  0.413396   0.785515 0.00402544   0.208703   0.200156   0.217068
underflow!0.00408883
pos  0.150882   0.735122  0.0465788 0.00408883   0.821751   0.570281
overflow!
underflow!0.00321067
pos  0.283708   0.304589   0.172272   0.581153 0.00321067   0.690524
underflow!0.000160008
pos   0.248327 0.000160008    0.667166    0.767192   0.0922132    0.703529
overflow!
underflow!0.00126022
pos  0.143395   0.516197     0.1267   0.575826 0.00126022   0.687691
overflow!
underflow!0.00370751
pos  0.184789   0.241685   0.451998 0.00370751   0.598001   0.579861
underflow!0.00498779
pos0.00498779   0.236814   0.602875   0.810571   0.505537    0.92076
overflow!
New GBMAT from blind pso!
0.685331  0.35694 0.625922 0.871019 0.536796 0.739971   225480
0.685331  0.35694 0.625922 0.871019 0.536796 0.739971   225480
0.855354 0.765122 0.356997 0.685948 0.732211 0.327375  1086.14


New GBMAT from blind pso!
0.685331  0.35694 0.625922 0.871019 0.536796 0.739971   225480
0.685331  0.35694 0.625922 0.871019 0.536796 0.739971   225480
0.855354 0.765122 0.356997 0.685948 0.732211 0.327375  1086.14
0.598839 0.349543 0.205562 0.461497 0.442456 0.191167  890.585


New GBMAT from blind pso!
0.685331  0.35694 0.625922 0.871019 0.536796 0.739971   225480
0.685331  0.35694 0.625922 0.871019 0.536796 0.739971   225480
0.855354 0.765122 0.356997 0.685948 0.732211 0.327375  1086.14
0.598839 0.349543 0.205562 0.461497 0.442456 0.191167  890.585
0.766372 0.367045 0.199262 0.597191 0.429629 0.190665  695.696


New GBMAT from blind pso!
0.685331  0.35694 0.625922 0.871019 0.536796 0.739971   225480
0.685331  0.35694 0.625922 0.871019 0.536796 0.739971   225480
0.855354 0.765122 0.356997 0.685948 0.732211 0.327375  1086.14
0.598839 0.349543 0.205562 0.461497 0.442456 0.191167  890.585
0.766372 0.367045 0.199262 0.597191 0.429629 0.190665  695.696
0.615653 0.494688 0.201941 0.652003 0.350691 0.176276  584.388


New GBMAT from blind pso!
0.685331  0.35694 0.625922 0.871019 0.536796 0.739971   225480
0.685331  0.35694 0.625922 0.871019 0.536796 0.739971   225480
0.855354 0.765122 0.356997 0.685948 0.732211 0.327375  1086.14
0.598839 0.349543 0.205562 0.461497 0.442456 0.191167  890.585
0.766372 0.367045 0.199262 0.597191 0.429629 0.190665  695.696
0.615653 0.494688 0.201941 0.652003 0.350691 0.176276  584.388
0.676787 0.364145 0.198724 0.684727 0.365371 0.183641   530.49


New GBMAT from blind pso!
0.685331  0.35694 0.625922 0.871019 0.536796 0.739971   225480
0.685331  0.35694 0.625922 0.871019 0.536796 0.739971   225480
0.855354 0.765122 0.356997 0.685948 0.732211 0.327375  1086.14
0.598839 0.349543 0.205562 0.461497 0.442456 0.191167  890.585
0.766372 0.367045 0.199262 0.597191 0.429629 0.190665  695.696
0.615653 0.494688 0.201941 0.652003 0.350691 0.176276  584.388
0.676787 0.364145 0.198724 0.684727 0.365371 0.183641   530.49
0.676787 0.364145 0.198724 0.684727 0.365371 0.183641   530.49


New GBMAT from blind pso!
0.685331  0.35694 0.625922 0.871019 0.536796 0.739971   225480
0.685331  0.35694 0.625922 0.871019 0.536796 0.739971   225480
0.855354 0.765122 0.356997 0.685948 0.732211 0.327375  1086.14
0.598839 0.349543 0.205562 0.461497 0.442456 0.191167  890.585
0.766372 0.367045 0.199262 0.597191 0.429629 0.190665  695.696
0.615653 0.494688 0.201941 0.652003 0.350691 0.176276  584.388
0.676787 0.364145 0.198724 0.684727 0.365371 0.183641   530.49
0.676787 0.364145 0.198724 0.684727 0.365371 0.183641   530.49
0.663644 0.393835 0.199456 0.678796 0.359864 0.182149  529.469


