PSO_S_ODE_NonLinear
Using two part PSO Sample Size:5000 with:27 moments.
Using Record Time:20.5
Bounds for Uniform Distribution (0,1)
Blind PSO --> nParts:50000 Nsteps:10
Targeted PSO --> nParts:100 Nsteps:200
sdbeta:0.1
wt:
1 0 0 0 0 0 0 0 0 0 0 0 0 0 0 0 0 0 0 0 0 0 0 0 0 0 0
0 1 0 0 0 0 0 0 0 0 0 0 0 0 0 0 0 0 0 0 0 0 0 0 0 0 0
0 0 1 0 0 0 0 0 0 0 0 0 0 0 0 0 0 0 0 0 0 0 0 0 0 0 0
0 0 0 1 0 0 0 0 0 0 0 0 0 0 0 0 0 0 0 0 0 0 0 0 0 0 0
0 0 0 0 1 0 0 0 0 0 0 0 0 0 0 0 0 0 0 0 0 0 0 0 0 0 0
0 0 0 0 0 1 0 0 0 0 0 0 0 0 0 0 0 0 0 0 0 0 0 0 0 0 0
0 0 0 0 0 0 1 0 0 0 0 0 0 0 0 0 0 0 0 0 0 0 0 0 0 0 0
0 0 0 0 0 0 0 1 0 0 0 0 0 0 0 0 0 0 0 0 0 0 0 0 0 0 0
0 0 0 0 0 0 0 0 1 0 0 0 0 0 0 0 0 0 0 0 0 0 0 0 0 0 0
0 0 0 0 0 0 0 0 0 1 0 0 0 0 0 0 0 0 0 0 0 0 0 0 0 0 0
0 0 0 0 0 0 0 0 0 0 1 0 0 0 0 0 0 0 0 0 0 0 0 0 0 0 0
0 0 0 0 0 0 0 0 0 0 0 1 0 0 0 0 0 0 0 0 0 0 0 0 0 0 0
0 0 0 0 0 0 0 0 0 0 0 0 1 0 0 0 0 0 0 0 0 0 0 0 0 0 0
0 0 0 0 0 0 0 0 0 0 0 0 0 1 0 0 0 0 0 0 0 0 0 0 0 0 0
0 0 0 0 0 0 0 0 0 0 0 0 0 0 1 0 0 0 0 0 0 0 0 0 0 0 0
0 0 0 0 0 0 0 0 0 0 0 0 0 0 0 1 0 0 0 0 0 0 0 0 0 0 0
0 0 0 0 0 0 0 0 0 0 0 0 0 0 0 0 1 0 0 0 0 0 0 0 0 0 0
0 0 0 0 0 0 0 0 0 0 0 0 0 0 0 0 0 1 0 0 0 0 0 0 0 0 0
0 0 0 0 0 0 0 0 0 0 0 0 0 0 0 0 0 0 1 0 0 0 0 0 0 0 0
0 0 0 0 0 0 0 0 0 0 0 0 0 0 0 0 0 0 0 1 0 0 0 0 0 0 0
0 0 0 0 0 0 0 0 0 0 0 0 0 0 0 0 0 0 0 0 1 0 0 0 0 0 0
0 0 0 0 0 0 0 0 0 0 0 0 0 0 0 0 0 0 0 0 0 1 0 0 0 0 0
0 0 0 0 0 0 0 0 0 0 0 0 0 0 0 0 0 0 0 0 0 0 1 0 0 0 0
0 0 0 0 0 0 0 0 0 0 0 0 0 0 0 0 0 0 0 0 0 0 0 1 0 0 0
0 0 0 0 0 0 0 0 0 0 0 0 0 0 0 0 0 0 0 0 0 0 0 0 1 0 0
0 0 0 0 0 0 0 0 0 0 0 0 0 0 0 0 0 0 0 0 0 0 0 0 0 1 0
0 0 0 0 0 0 0 0 0 0 0 0 0 0 0 0 0 0 0 0 0 0 0 0 0 0 1
mu: 80 120  85
covarMat:
 50   0   0
  0 100   0
  0   0  50

Yt:  3.77225   3.92426   2.45128  0.118689   6.49423   2.94745   51.9753   114.024   11.4275 0.0170197   155.035   16.4613  0.751217   9.79994   0.61992   11.1711     12.81   14.3383  0.146233   128.508   15.8713  0.299078   26.0648   13.6731  0.462331  0.371358   29.9157
seedk:0.787489 0.697491  0.77773 0.737252 0.460105 0.345709| cost:3599.73
Xt: 4.73989  3.22785  1.61219 0.829572  5.66962  3.62602  61.2768  86.5116  5.84753 0.821357  119.228  29.5803  3.02013  8.13104  5.03303  16.1842  18.2917  9.88127  1.49985  97.8927  22.2143   1.6424  17.3712  13.1519   3.9636  3.69443  39.0606
PSO begins!
New GBMAT from blind pso!
0.787489 0.697491  0.77773 0.737252 0.460105 0.345709  3599.73
0.787489 0.697491  0.77773 0.737252 0.460105 0.345709  3599.73


underflow!0.00476057
pos 0.0397566   0.353451 0.00476057   0.363007   0.550179   0.112791
overflow!
overflow!
overflow!
underflow!0.00101845
pos  0.433451 0.00101845   0.122729   0.819244   0.831516 0.00593996
overflow!
overflow!
underflow!0.00294282
pos0.00294282   0.278157   0.129444   0.818624   0.191946   0.603122
overflow!
underflow!0.0012419
pos0.0012419  0.873697    0.9311  0.289619  0.836169  0.933212
overflow!
overflow!
overflow!
underflow!0.00480789
pos  0.315464   0.319508   0.791289   0.660555   0.569031 0.00480789
underflow!0.00138032
pos  0.694768   0.458795     0.7134   0.238312   0.656893 0.00138032
underflow!0.00380211
pos  0.450267   0.804655 0.00380211   0.182842  0.0507168   0.837342
underflow!0.000418679
pos   0.689873    0.386209    0.232235    0.966485    0.896535 0.000418679
overflow!
overflow!
underflow!0.00462642
pos   0.33562    0.93787   0.135402    0.58271 0.00462642   0.709916
overflow!
underflow!0.00282711
pos 0.0312131   0.149257   0.242947   0.498269 0.00282711   0.128565
underflow!0.00469948
pos0.00469948    0.60286   0.972968   0.456111   0.482396   0.116653
underflow!0.000262872
pos   0.889383    0.471945    0.356955    0.528306    0.362287 0.000262872
underflow!0.00295701
pos    0.6803    0.85742   0.485098   0.458766   0.772733 0.00295701
underflow!0.00034357
pos  0.767652   0.773584   0.694386 0.00034357    0.99521    0.68614
overflow!
overflow!
underflow!0.00124775
pos  0.331916   0.460254   0.350486    0.15479   0.327151 0.00124775
overflow!
overflow!
overflow!
overflow!
overflow!
overflow!
overflow!
overflow!
overflow!
underflow!0.00460166
pos  0.789985    0.54055    0.91864 0.00460166   0.665593   0.507961
overflow!
underflow!0.00288006
pos0.00845135   0.811402 0.00288006   0.826814   0.421257   0.115583
underflow!0.000776081
pos    0.95921    0.587414    0.749441 0.000776081    0.414118    0.490052
overflow!
underflow!0.00187785
pos  0.856083 0.00187785  0.0907702     0.6784   0.222533   0.975635
underflow!0.000187683
pos   0.366371    0.014529    0.288563    0.103709    0.318382 0.000187683
overflow!
overflow!
overflow!
underflow!0.00276352
pos  0.428363   0.403398    0.48377    0.40402   0.996377 0.00276352
overflow!
overflow!
overflow!
overflow!
overflow!
underflow!0.00269242
pos0.00269242     0.4665   0.853534   0.109545   0.368939   0.412462
overflow!
underflow!0.00267106
pos0.00267106   0.410378  0.0664653  0.0862301    0.87648    0.54185
underflow!0.000929615
pos0.000929615    0.738591    0.471696    0.133998    0.182569    0.206481
overflow!
underflow!0.00209813
pos0.00209813   0.774774    0.66629   0.601148   0.949927  0.0477742
underflow!0.000285085
pos    0.34721 0.000285085    0.140234    0.126947    0.412883     0.89692
underflow!0.00495545
pos  0.563233   0.222879    0.85361 0.00495545   0.364656  0.0855267
overflow!
underflow!0.00256079
pos  0.742792   0.378033   0.876337 0.00256079   0.783729   0.558017
overflow!
underflow!0.00456588
pos  0.248106   0.949719   0.885209   0.167448 0.00456588  0.0730707
overflow!
overflow!
underflow!0.00475588
pos  0.822671   0.132269   0.357087   0.445318  0.0793046 0.00475588
underflow!0.0037604
pos  0.96379  0.935187 0.0037604  0.702365  0.366738  0.669212
overflow!
underflow!0.000621801
pos   0.704183    0.136002 0.000621801  0.00623829    0.952126    0.786279
underflow!0.00116494
pos 0.0768289   0.675938  0.0251745   0.800499    0.68618 0.00116494
underflow!0.000853348
pos   0.353205    0.454285 0.000853348    0.236377    0.302451    0.363967
overflow!
overflow!
overflow!
underflow!0.0032233
pos 0.331751  0.465909 0.0032233  0.644363   0.80786   0.74072
underflow!0.00148727
pos  0.678346   0.809232   0.151615   0.453459 0.00148727   0.653252
overflow!
overflow!
underflow!0.00366259
pos  0.993844    0.52489 0.00366259   0.763682   0.926718    0.15566
underflow!0.0011707
pos 0.437477  0.272893  0.984375 0.0011707  0.412266 0.0264674
underflow!0.00278454
pos   0.08358   0.827628 0.00278454   0.962323  0.0600046   0.709778
underflow!0.0015779
pos 0.207858  0.994082  0.131045  0.603366  0.513162 0.0015779
underflow!0.00325904
pos  0.105276   0.436054   0.828362 0.00325904   0.274423   0.519142
underflow!0.00043559
pos  0.760191   0.594175 0.00043559   0.618281   0.626085   0.991881
underflow!0.000232339
pos   0.345244    0.620952    0.915133 0.000232339    0.606135    0.768363
overflow!
underflow!0.00278605
pos  0.847978   0.509621   0.570566 0.00278605   0.342278    0.72781
overflow!
underflow!0.00406205
pos  0.603209   0.169237  0.0624421   0.423527   0.165051 0.00406205
underflow!0.00305701
pos  0.366819   0.135992 0.00305701   0.448466   0.713594   0.967088
underflow!0.000942768
pos   0.540573   0.0310351 0.000942768    0.340707    0.754086    0.663385
overflow!
underflow!9.07842e-05
pos   0.862455    0.630302 9.07842e-05    0.243586    0.994493    0.596472
overflow!
underflow!0.000788124
pos   0.251284 0.000788124    0.847588    0.932773    0.725139    0.173015
underflow!0.000248611
pos   0.855417    0.782135    0.608756    0.230064    0.834712 0.000248611
underflow!0.00124975
pos  0.579277   0.954256  0.0734847  0.0971111   0.671657 0.00124975
overflow!
underflow!0.00181874
pos  0.712685   0.864411   0.555701 0.00181874   0.156444   0.663932
underflow!0.0042653
pos 0.408511 0.0042653  0.651681   0.58038  0.183743  0.540539
overflow!
underflow!0.00303917
pos  0.187533   0.165552   0.140159 0.00303917  0.0777071   0.953855
overflow!
overflow!
underflow!0.00134678
pos  0.311598   0.400279   0.395289 0.00134678    0.47186   0.192117
overflow!
overflow!
underflow!0.00202436
pos  0.838078 0.00202436   0.141529   0.422147   0.184238   0.139384
overflow!
overflow!
overflow!
overflow!
underflow!0.0004895
pos 0.499194 0.0496293  0.420379  0.772988 0.0004895  0.730526
overflow!
underflow!0.00211816
pos  0.686723   0.629489   0.654534   0.867173   0.606861 0.00211816
underflow!0.0049279
pos 0.449296 0.0049279  0.855692  0.917829  0.889352  0.320364
underflow!0.00346935
pos  0.277763   0.294246 0.00346935   0.878302   0.673023   0.291568
underflow!0.00238233
pos0.00238233   0.157036   0.160238   0.856792   0.311687   0.809509
underflow!0.000397853
pos    0.83366    0.086541    0.158916    0.713037    0.436425 0.000397853
underflow!0.00144685
pos  0.571039   0.645746   0.190756   0.526349 0.00144685   0.933703
underflow!0.000541406
pos   0.641724 0.000541406    0.644601    0.190036   0.0351402    0.247833
overflow!
overflow!
underflow!0.00370952
pos   0.14935   0.565417   0.709021  0.0932618 0.00370952   0.752586
underflow!0.00162736
pos  0.991403   0.907119 0.00162736    0.30713   0.643229   0.250038
overflow!
overflow!
underflow!0.00243595
pos  0.111379    0.51578   0.165681   0.818126  0.0791154 0.00243595
underflow!0.00472726
pos0.00472726   0.767168   0.172405   0.465449   0.143998   0.589462
overflow!
underflow!0.000554349
pos  0.0144167 0.000554349    0.408774    0.145947    0.600666    0.163655
underflow!0.000238729
pos0.000238729   0.0439904    0.299057   0.0558712   0.0730938    0.785551
overflow!
overflow!
underflow!0.000208655
pos   0.857306    0.379092    0.312498 0.000208655   0.0605924   0.0866359
underflow!0.00137294
pos  0.107259 0.00137294   0.577073   0.872568   0.310546   0.513586
underflow!0.000795244
pos   0.778956      0.2831    0.836214    0.058158 0.000795244    0.377078
underflow!0.00268928
pos0.00268928     0.9368   0.842374   0.587303   0.234644  0.0697962
underflow!0.00320054
pos  0.182209   0.315242   0.826723   0.184905   0.594959 0.00320054
overflow!
underflow!0.00493895
pos 0.0373893   0.206237   0.677408   0.845027   0.153348 0.00493895
underflow!0.00157051
pos  0.161356    0.96088 0.00157051   0.315854   0.394375   0.359761
underflow!0.000443451
pos    0.62674 0.000443451    0.719294    0.952149    0.218046    0.806721
underflow!0.00159015
pos  0.975748 0.00159015   0.775191   0.449905   0.104136   0.612948
underflow!0.00300045
pos  0.260552 0.00300045   0.201257   0.349098   0.563034   0.411529
overflow!
overflow!
underflow!0.00062124
pos   0.75131   0.104495   0.570748   0.586924   0.338992 0.00062124
overflow!
overflow!
overflow!
underflow!0.00116504
pos  0.470223   0.844769 0.00116504   0.596116   0.476435   0.682654
underflow!0.00160233
pos  0.303033 0.00160233   0.556759   0.602975   0.354835   0.429801
overflow!
overflow!
underflow!0.00452238
pos  0.371022   0.479644 0.00452238  0.0122346   0.921496   0.648825
underflow!0.00443
pos0.208535  0.00443 0.426288 0.159783 0.193018 0.769115
overflow!
underflow!0.00258286
pos0.00258286   0.154419   0.376318   0.220267    0.40917   0.604997
overflow!
underflow!0.00387019
pos  0.925318   0.988254   0.926738 0.00387019   0.943638   0.337366
overflow!
overflow!
overflow!
underflow!0.00317109
pos0.00317109   0.658438   0.079967   0.567466   0.323846   0.432946
underflow!0.00112395
pos  0.138703   0.141294 0.00112395   0.174434   0.981927   0.948267
overflow!
underflow!0.00396932
pos  0.927406   0.204368 0.00396932  0.0970799   0.196899   0.407114
overflow!
overflow!
underflow!0.0016211
pos0.0016211  0.136119  0.417375  0.915877  0.323605  0.923425
overflow!
underflow!0.0018561
pos 0.771925  0.636757 0.0018561  0.492362  0.884066  0.396103
underflow!0.0014473
pos 0.958934 0.0014473  0.189423  0.220781  0.182875  0.427376
underflow!0.00499575
pos  0.627743   0.223432 0.00499575   0.618714   0.912327   0.599528
underflow!0.00412362
pos  0.220665 0.00412362   0.733023   0.979461   0.540038   0.153514
overflow!
overflow!
overflow!
underflow!0.00298928
pos  0.503128   0.215582 0.00298928   0.744925  0.0622532   0.838161
underflow!0.00260368
pos  0.856473   0.815408   0.884163   0.385113 0.00260368   0.421502
overflow!
overflow!
underflow!0.00434951
pos  0.198392 0.00434951    0.27807   0.343437   0.568607  0.0438039
underflow!0.00443322
pos0.00443322   0.166354   0.258445   0.645335   0.815895   0.937759
overflow!
underflow!0.00366851
pos  0.689772   0.991385   0.422299   0.311598   0.481539 0.00366851
underflow!0.00335056
pos  0.771427 0.00335056   0.139335   0.412783   0.683187    0.87287
overflow!
overflow!
underflow!0.0042976
pos 0.846193  0.634134   0.90689  0.369003  0.846364 0.0042976
underflow!0.00496694
pos  0.691461 0.00496694   0.521707   0.747993   0.839137 0.00269465
underflow!0.00057459
pos  0.442572   0.804563   0.213093   0.382141  0.0969019 0.00057459
underflow!0.00467647
pos  0.297614   0.886327   0.628087 0.00467647    0.31109  0.0309102
underflow!0.00478315
pos  0.877058   0.699374   0.214085   0.990163   0.869515 0.00478315
underflow!0.00207075
pos   0.14652   0.123664   0.409074    0.14821   0.707921 0.00207075
underflow!0.00472742
pos   0.18223   0.554899   0.714935 0.00472742    0.52757   0.304829
underflow!0.00248092
pos  0.411204    0.85185 0.00248092   0.405453   0.400809   0.420542
overflow!
underflow!0.00140256
pos  0.758167 0.00140256   0.783985   0.781282  0.0304919   0.356226
overflow!
underflow!0.00457922
pos  0.748806   0.540876 0.00457922   0.877646   0.977612    0.42099
overflow!
overflow!
overflow!
underflow!0.00423795
pos  0.787173   0.838324   0.657796 0.00423795   0.650382   0.554649
overflow!
underflow!0.00150305
pos0.00150305   0.897854   0.220103  0.0492694   0.886695  0.0954971
underflow!0.00228663
pos   0.24008   0.234632 0.00228663   0.636119   0.942541   0.560832
overflow!
underflow!0.000937652
pos   0.674817    0.673423    0.732557     0.53083    0.460853 0.000937652
underflow!0.00214435
pos0.00214435   0.550156   0.975494   0.274738   0.368335   0.407776
underflow!0.00226913
pos  0.323456   0.679438   0.796997 0.00226913   0.120431   0.365829
underflow!0.00454973
pos  0.184088  0.0336225    0.50382 0.00454973    0.93095   0.235443
overflow!
underflow!0.00321055
pos 0.0699321 0.00321055   0.418562   0.612076  0.0685914    0.61716
overflow!
underflow!0.00357187
pos   0.84687   0.978339   0.539749 0.00357187   0.928585   0.367366
underflow!0.00375783
pos  0.509459   0.667383   0.264978 0.00375783   0.270777    0.53691
underflow!0.00379943
pos  0.150917   0.990978 0.00379943   0.553801   0.569748   0.693024
underflow!0.00434258
pos  0.982054   0.175303  0.0439496 0.00434258   0.673952   0.528838
underflow!0.0011097
pos  0.388653   0.855168 0.00506844  0.0011097    0.65121   0.836481
overflow!
overflow!
overflow!
overflow!
overflow!
underflow!0.00421827
pos   0.61486   0.569962    0.96274 0.00421827   0.753402   0.980775
underflow!0.00273394
pos  0.317681 0.00273394   0.889275   0.688252    0.35489   0.348608
underflow!0.00458607
pos  0.821369   0.588887    0.80685  0.0358716 0.00458607   0.985377
underflow!0.00401801
pos  0.371671   0.199802    0.10892   0.786076   0.986772 0.00401801
underflow!0.00125958
pos   0.14805   0.362262 0.00125958   0.812732   0.571951   0.622331
overflow!
overflow!
underflow!0.00361095
pos  0.464343  0.0312261 0.00361095   0.528017   0.241773  0.0842197
underflow!0.00411365
pos0.00411365    0.69697   0.704477   0.737651   0.385519   0.579031
overflow!
overflow!
overflow!
underflow!0.00393766
pos  0.232602 0.00393766   0.391403   0.216683   0.356297   0.965461
overflow!
underflow!0.00043655
pos   0.76545   0.779051   0.467859 0.00043655  0.0577973    0.26073
underflow!0.00373598
pos  0.580754   0.620081   0.405375   0.371267 0.00373598   0.557557
overflow!
underflow!0.000483476
pos   0.558991 0.000483476    0.032295    0.254615    0.165843    0.419751
overflow!
underflow!0.00445142
pos  0.987666 0.00445142   0.218335   0.332187   0.559487   0.826421
underflow!0.00112511
pos  0.253579 0.00112511   0.764034   0.122922   0.258917   0.186697
overflow!
underflow!0.00215666
pos  0.422473   0.187186 0.00215666   0.724769   0.149198   0.805378
underflow!0.00221768
pos  0.473137 0.00221768   0.964247   0.243086   0.326399   0.982245
underflow!0.0035349
pos 0.481768  0.241016  0.758207 0.0035349  0.435365  0.928603
underflow!0.00282858
pos  0.634186   0.158604   0.192129 0.00282858   0.278251   0.625705
overflow!
underflow!0.0047261
pos 0.320417  0.231245 0.0047261  0.923394  0.755718  0.976416
overflow!
underflow!0.00346473
pos  0.103767 0.00346473   0.234495  0.0595389     0.8241   0.110164
overflow!
underflow!0.000761734
pos0.000761734    0.316877    0.138704    0.248713    0.956875    0.827444
overflow!
underflow!0.000852449
pos   0.855848    0.405861    0.862755    0.535106 0.000852449    0.611157
underflow!0.000415277
pos  0.0821421    0.409094   0.0634589    0.787281 0.000415277    0.465892
underflow!0.00185131
pos  0.652069 0.00185131   0.823603   0.312368   0.924654   0.608124
underflow!0.00242256
pos  0.873371   0.335271   0.310409 0.00242256   0.928123    0.81013
underflow!0.00389726
pos 0.0656781 0.00389726   0.645333   0.137162   0.202835   0.740661
overflow!
underflow!0.00402278
pos 0.0591484   0.914978     0.6243   0.369435 0.00402278  0.0371148
underflow!0.00210415
pos 0.0730235   0.421546   0.339712   0.470706 0.00210415   0.468125
overflow!
overflow!
overflow!
underflow!0.00163212
pos  0.671859   0.248598   0.168268    0.33591   0.588553 0.00163212
overflow!
underflow!0.00434478
pos  0.204698   0.157886   0.134764   0.880832     0.1539 0.00434478
underflow!0.00236494
pos  0.455333   0.440826   0.878749  0.0516828   0.188882 0.00236494
overflow!
overflow!
overflow!
underflow!0.00206494
pos  0.959312   0.435271   0.484131 0.00206494   0.254091  0.0500102
underflow!0.00386827
pos0.00386827   0.286792    0.73143   0.154149   0.279172   0.713767
underflow!0.00334155
pos0.00334155   0.104839   0.811385   0.429163   0.856316   0.661189
underflow!2.34919e-05
pos   0.518988 2.34919e-05    0.643766   0.0809272    0.286617    0.887183
overflow!
underflow!0.00306145
pos   0.91646 0.00306145  0.0238707   0.091544   0.254009   0.985571
overflow!
overflow!
underflow!0.00177482
pos  0.203011   0.393515 0.00177482   0.947495   0.322008   0.348229
overflow!
overflow!
overflow!
underflow!0.00121146
pos  0.249554   0.851425 0.00121146   0.773763   0.801289   0.965824
underflow!0.00112515
pos  0.827698   0.491564 0.00112515   0.517568   0.148661   0.990714
overflow!
underflow!0.00407433
pos  0.918756   0.373243 0.00407433   0.300052   0.207941   0.209633
underflow!0.000743392
pos0.000743392    0.794726    0.968381    0.729176    0.536442    0.432958
underflow!0.00461403
pos 0.0671059    0.12016   0.885623   0.222158 0.00461403   0.928138
overflow!
overflow!
overflow!
overflow!
overflow!
underflow!0.00126056
pos0.00126056   0.983673   0.104642   0.458006   0.451056   0.421834
underflow!0.00165445
pos  0.839269   0.248857  0.0511046   0.835604 0.00165445   0.954702
underflow!0.00146813
pos  0.735428   0.760666   0.140348   0.917068   0.403576 0.00146813
overflow!
underflow!0.0007246
pos 0.247342  0.995899  0.265526 0.0007246  0.652807  0.116285
underflow!0.00425663
pos  0.922711 0.00425663  0.0257255   0.247783   0.983021   0.443256
overflow!
overflow!
overflow!
overflow!
overflow!
overflow!
overflow!
underflow!0.00332105
pos  0.281048  0.0947112  0.0329799 0.00332105   0.283976   0.779501
underflow!0.00372714
pos  0.360018   0.151765   0.359401   0.967677 0.00372714    0.57846
underflow!0.00356224
pos  0.470595   0.487724 0.00356224   0.784268   0.802854   0.941611
overflow!
overflow!
overflow!
overflow!
underflow!0.00121733
pos  0.851586    0.74133   0.687783   0.453688 0.00121733   0.211994
underflow!0.00449645
pos0.00449645   0.810745     0.2489   0.524318   0.623592   0.789814
overflow!
overflow!
underflow!0.0024595
pos 0.852914   0.89804  0.560279  0.908718  0.870379 0.0024595
overflow!
underflow!0.000570317
pos   0.705451    0.419503 0.000570317    0.693331     0.59449    0.387444
underflow!0.000518578
pos  0.0640024    0.244658    0.591414    0.959327 0.000518578    0.826197
overflow!
overflow!
underflow!0.00473463
pos  0.975186   0.306908 0.00473463   0.449041   0.748703   0.702634
underflow!0.00256494
pos  0.331627   0.598281   0.853579 0.00256494   0.269137    0.52927
overflow!
underflow!0.000576585
pos      0.334 0.000576585    0.099052    0.600775    0.437401    0.799661
overflow!
underflow!0.004479
pos0.0321259  0.004479  0.813558   0.57933  0.773843  0.840192
underflow!0.00335657
pos  0.142245   0.204873 0.00335657   0.577346   0.935205   0.963675
underflow!0.000667555
pos   0.482674    0.915003    0.549161    0.372032    0.461717 0.000667555
underflow!0.00398889
pos  0.174257   0.562614   0.967024   0.210963   0.247451 0.00398889
underflow!0.00164041
pos  0.915078    0.60709   0.572232 0.00164041   0.779898   0.264196
underflow!0.00157086
pos   0.73725   0.075193   0.304766 0.00157086   0.908532   0.491681
overflow!
overflow!
underflow!0.00128553
pos 0.0602774   0.945936 0.00128553  0.0865473   0.945873   0.526305
overflow!
underflow!0.000781645
pos   0.829273 0.000781645    0.423724    0.681632     0.84008    0.712837
underflow!0.00190067
pos  0.662344   0.587766 0.00190067  0.0973545 0.00861364   0.317855
overflow!
underflow!0.00355502
pos  0.483501 0.00355502   0.590808   0.757584   0.648566   0.979273
overflow!
underflow!0.00277679
pos  0.498039    0.29595   0.768918   0.359258 0.00277679   0.718184
overflow!
underflow!0.00226737
pos  0.389661   0.398828   0.113858   0.604256 0.00226737   0.510142
underflow!0.000150053
pos   0.566239    0.160077    0.228243    0.805726 0.000150053    0.822605
overflow!
underflow!0.00335364
pos0.00335364   0.490919    0.85851    0.76298   0.274467   0.505416
underflow!0.00288604
pos  0.587425   0.260824   0.374081 0.00288604   0.623611     0.2651
underflow!0.00268306
pos  0.783256   0.874107   0.968471 0.00268306   0.529965  0.0942674
overflow!
overflow!
overflow!
underflow!0.000956241
pos   0.348188    0.726237    0.795872  0.00763034 0.000956241    0.720538
underflow!0.00282529
pos  0.944407 0.00282529   0.496574   0.566689   0.321222   0.324369
overflow!
overflow!
underflow!0.00309828
pos   0.13088   0.875122   0.482471   0.850776 0.00309828   0.225024
overflow!
overflow!
underflow!0.00324329
pos  0.203054    0.57973   0.323449 0.00324329    0.25932   0.968404
underflow!0.00447872
pos  0.362477  0.0984473   0.866351   0.101523   0.841334 0.00447872
underflow!3.48749e-05
pos   0.136498    0.004813    0.807913 3.48749e-05   0.0861107    0.858363
overflow!
overflow!
overflow!
overflow!
underflow!0.00321831
pos  0.221525    0.39074   0.752515 0.00321831   0.288871   0.641547
underflow!0.00160087
pos 0.0464862   0.863212   0.615336   0.035276 0.00160087   0.557968
underflow!0.00249327
pos  0.820836   0.384714   0.602864   0.518393 0.00249327   0.171553
overflow!
underflow!0.000662012
pos0.000662012    0.917269    0.566567    0.231501    0.995089    0.451741
overflow!
overflow!
underflow!0.00426608
pos  0.469121   0.854263  0.0217614   0.310722   0.740455 0.00426608
underflow!0.00384217
pos0.00384217   0.811522   0.346945   0.993674   0.214098   0.246288
overflow!
underflow!0.00121703
pos  0.792025    0.21442   0.320992   0.488407   0.897799 0.00121703
underflow!0.00318125
pos  0.742689   0.963408    0.32594 0.00318125   0.185707   0.316674
underflow!0.00143341
pos  0.257843 0.00143341   0.845039 0.00611564   0.679384   0.399623
underflow!0.00424189
pos  0.349768   0.967711   0.142617   0.224006 0.00424189   0.331936
underflow!0.00111236
pos  0.814611 0.00111236   0.178913   0.291181   0.730828   0.203257
overflow!
underflow!0.000238089
pos   0.507977    0.298614    0.213201    0.228027 0.000238089    0.365197
underflow!0.00430098
pos0.00430098   0.050159  0.0173936  0.0558596   0.693562   0.729586
underflow!0.00182812
pos  0.230148   0.879752   0.530218   0.473908   0.540361 0.00182812
underflow!0.00460399
pos  0.702657   0.892336 0.00460399   0.314887   0.292489   0.929709
overflow!
underflow!0.0045042
pos 0.236775  0.828805  0.935021  0.944709 0.0045042  0.383834
overflow!
overflow!
overflow!
overflow!
overflow!
overflow!
overflow!
overflow!
underflow!0.00256047
pos  0.768135   0.395617   0.570942   0.960251 0.00256047   0.816287
overflow!
underflow!1.78427e-05
pos  0.0847238    0.469018 1.78427e-05   0.0881076    0.775945    0.580909
underflow!0.0042056
pos 0.212581 0.0042056  0.318457  0.987803  0.321907  0.783281
underflow!0.00313226
pos  0.166846   0.487242   0.353956   0.285355 0.00313226   0.295772
underflow!0.00430928
pos  0.137923   0.679158 0.00430928  0.0940129   0.880968  0.0993492
underflow!0.00343021
pos  0.316915   0.252576   0.953599 0.00343021   0.953703   0.546761
underflow!0.000638825
pos0.000638825    0.785745    0.595194    0.236295     0.13335   0.0942229
overflow!
overflow!
overflow!
underflow!0.00183768
pos  0.729335   0.819725 0.00183768  0.0292316   0.839394    0.56289
overflow!
underflow!0.00135563
pos  0.490606   0.548661   0.578425 0.00135563   0.454879   0.306744
overflow!
overflow!
overflow!
underflow!0.00395513
pos  0.838975   0.632532   0.796094 0.00395513   0.358854   0.743187
overflow!
overflow!
overflow!
underflow!0.00324363
pos  0.926586  0.0576849 0.00324363   0.335995  0.0277907   0.561646
underflow!0.000154432
pos   0.551444 0.000154432     0.28979    0.129623    0.670584    0.592477
overflow!
overflow!
underflow!0.000871276
pos   0.201103 0.000871276    0.109438    0.158244    0.538736    0.501497
underflow!0.00372339
pos  0.471431   0.847681  0.0207037   0.614376   0.570543 0.00372339
overflow!
underflow!0.00498395
pos  0.935143   0.635042   0.473516 0.00498395   0.912547   0.474436
overflow!
underflow!0.000516559
pos    0.97314    0.491687    0.711436    0.986399     0.10801 0.000516559
underflow!0.00237321
pos   0.44771   0.974559   0.936887   0.753425 0.00237321   0.454966
underflow!0.00227221
pos  0.244087   0.734013   0.879407 0.00227221   0.132863  0.0375099
underflow!0.00334744
pos0.00334744   0.471586   0.345644   0.614276     0.6412   0.635582
overflow!
underflow!4.59888e-05
pos   0.870114    0.560659     0.75905 4.59888e-05    0.342674    0.501891
underflow!0.0044798
pos 0.835598  0.199787 0.0044798  0.310872  0.710665  0.761002
underflow!0.00379574
pos0.00379574   0.114369   0.703104   0.148178   0.488514   0.952558
overflow!
overflow!
underflow!0.00387924
pos  0.979614   0.403047   0.882517  0.0362482 0.00387924    0.67749
overflow!
overflow!
underflow!0.00223296
pos  0.756036   0.870696  0.0404436 0.00223296   0.523039   0.116729
overflow!
overflow!
overflow!
overflow!
underflow!0.00131239
pos  0.648024   0.918053 0.00131239   0.983221   0.610091   0.871097
underflow!0.00139793
pos0.00139793   0.890482   0.749186   0.364368    0.10454   0.666708
underflow!0.00256964
pos  0.916894   0.704857 0.00256964   0.539942   0.608568    0.42684
overflow!
overflow!
underflow!0.00460183
pos  0.931111  0.0745236   0.649017   0.565885 0.00460183   0.836967
underflow!0.00259523
pos  0.174291   0.556882 0.00259523   0.467654   0.290845 0.00530773
underflow!0.00361573
pos0.00361573   0.735639   0.989654   0.516435   0.418128   0.144714
underflow!0.00492687
pos0.00492687   0.207478   0.700236   0.705016    0.23846   0.954698
overflow!
overflow!
overflow!
underflow!0.00228304
pos 0.0789854   0.212691    0.91916 0.00228304     0.4816   0.528986
overflow!
underflow!0.00180394
pos  0.393467   0.885795 0.00180394   0.478513   0.989846   0.553414
overflow!
overflow!
overflow!
underflow!0.00113857
pos0.00113857   0.936787   0.795337   0.569676   0.725283    0.13254
overflow!
underflow!0.00487456
pos   0.40753  0.0390839   0.776869   0.810944 0.00487456   0.127883
overflow!
underflow!0.00155084
pos  0.179579   0.891481   0.828248   0.602876   0.679321 0.00155084
overflow!
overflow!
overflow!
overflow!
overflow!
underflow!0.00337226
pos0.00337226   0.227972    0.39806   0.164093   0.391266   0.357953
underflow!0.00420833
pos  0.515208   0.835777   0.603185   0.441436 0.00420833  0.0633188
overflow!
underflow!0.00152968
pos  0.955408 0.00152968   0.365443   0.995871   0.798828   0.457716
underflow!0.00322324
pos  0.965776   0.291166    0.72071 0.00322324   0.787796   0.817194
overflow!
overflow!
underflow!0.00157894
pos  0.132199   0.984572  0.0759923   0.466609   0.872378 0.00157894
overflow!
underflow!0.000869009
pos   0.672357    0.695245    0.344271    0.998625    0.575585 0.000869009
underflow!0.0022145
pos 0.404463  0.902395  0.337084 0.0022145  0.491425 0.0182719
overflow!
underflow!0.000940784
pos  0.0463147    0.130974 0.000940784    0.796877    0.518639    0.384909
overflow!
overflow!
overflow!
overflow!
underflow!0.00431478
pos0.00431478  0.0153957   0.304827   0.325246   0.114995   0.495114
underflow!1.85663e-05
pos   0.953739    0.466725 1.85663e-05    0.431446    0.984283     0.59027
overflow!
overflow!
overflow!
overflow!
underflow!0.0004733
pos0.0004733   0.55868  0.914469  0.479636  0.833544  0.124448
underflow!0.00188093
pos  0.101037   0.593456   0.549004   0.663789   0.322806 0.00188093
underflow!0.00372077
pos0.00372077   0.764697   0.847309  0.0238467   0.554908   0.505893
overflow!
underflow!0.00495128
pos  0.356235 0.00495128   0.328748   0.620336   0.508884  0.0984806
overflow!
overflow!
underflow!0.00441343
pos  0.725113 0.00943215   0.634466   0.497015   0.714256 0.00441343
underflow!0.00012937
pos0.00012937   0.736126   0.203923   0.412842    0.69406  0.0740743
overflow!
overflow!
underflow!9.6758e-05
pos  0.929304 9.6758e-05   0.970776   0.771542   0.908119  0.0773546
overflow!
overflow!
underflow!0.00337242
pos  0.891838    0.31442   0.568979   0.481024 0.00337242   0.661819
underflow!0.00122313
pos  0.506247  0.0565613 0.00122313   0.159665  0.0214706   0.450267
underflow!0.00435129
pos  0.295289   0.736309 0.00435129    0.80068  0.0569932   0.196732
overflow!
underflow!0.002037
pos0.399538 0.175324 0.300491 0.002037 0.837294 0.370449
overflow!
underflow!0.00418418
pos  0.992534   0.887599   0.384224   0.743546 0.00418418   0.851926
overflow!
overflow!
underflow!0.00248709
pos   0.23158 0.00248709   0.253227   0.721045   0.858305    0.25151
underflow!0.00189159
pos 0.0755873   0.256553 0.00189159   0.461479   0.245249   0.908897
underflow!0.00224995
pos  0.217234   0.811292   0.940342 0.00224995   0.557066   0.214589
overflow!
underflow!0.00166306
pos 0.0147266 0.00166306   0.836149   0.683724   0.802369  0.0982063
overflow!
underflow!0.00460958
pos  0.739766 0.00460958   0.508899   0.906696   0.379993   0.913008
underflow!0.00255479
pos  0.170954   0.414124   0.194156 0.00255479    0.66507   0.572034
overflow!
underflow!0.00142657
pos  0.893618 0.00142657   0.983946   0.242445   0.118024   0.588352
underflow!0.000992453
pos   0.375282 0.000992453    0.953595    0.760163     0.60484    0.192747
underflow!0.00168709
pos   0.76619 0.00168709   0.185425   0.695926   0.830811   0.960012
underflow!0.000508128
pos0.000508128    0.989243    0.910406     0.61157    0.918182  0.00942504
underflow!0.000941263
pos   0.746067    0.716927    0.783979    0.534703    0.779727 0.000941263
underflow!0.000635064
pos0.000635064    0.522104   0.0319415     0.18231    0.197401    0.832277
underflow!0.000207292
pos   0.255311    0.670611    0.895283 0.000207292    0.399787    0.194045
overflow!
overflow!
underflow!0.000466753
pos   0.352109    0.991315    0.964088    0.191044    0.406091 0.000466753
underflow!0.00359195
pos  0.718899   0.220216  0.0888174 0.00359195   0.666655   0.440388
overflow!
underflow!0.00137049
pos  0.402245   0.770674   0.835504   0.128685    0.52168 0.00137049
underflow!0.00369134
pos  0.307391   0.852271   0.178933 0.00369134   0.715778    0.62934
overflow!
overflow!
underflow!0.000401442
pos   0.502516    0.553465 0.000401442     0.68772    0.755928    0.258361
underflow!0.00342395
pos  0.457168   0.419279 0.00342395    0.75493   0.867449   0.918459
overflow!
overflow!
underflow!0.00163046
pos  0.367676   0.483231   0.866376  0.0539094 0.00163046   0.482546
overflow!
underflow!0.00269011
pos  0.286529   0.329178  0.0602123  0.0789657 0.00269011   0.583954
overflow!
overflow!
overflow!
overflow!
overflow!
underflow!0.00320139
pos  0.855731   0.106811  0.0769016   0.608328 0.00320139   0.023506
overflow!
overflow!
overflow!
underflow!0.000824208
pos   0.463186   0.0457038    0.183626    0.295722 0.000824208    0.771494
underflow!0.00443645
pos  0.577955 0.00443645  0.0857372   0.603771    0.51415   0.808688
underflow!0.00199208
pos 0.0595945   0.179587 0.00199208  0.0457054   0.568877   0.606779
underflow!0.00174482
pos  0.138664   0.416849 0.00174482   0.739839   0.598582   0.958363
overflow!
overflow!
overflow!
underflow!0.00448746
pos  0.847183   0.272606 0.00448746  0.0623359   0.137884   0.866515
underflow!0.000407891
pos   0.155489    0.139912 0.000407891   0.0976549    0.158825    0.431574
overflow!
underflow!0.00144225
pos  0.983107  0.0951352 0.00144225   0.810222   0.853287   0.569526
overflow!
underflow!0.00285292
pos  0.100608   0.174904   0.644174 0.00285292   0.778149   0.413349
overflow!
underflow!0.00125067
pos0.00125067   0.588564    0.72036   0.594794   0.810661   0.498477
underflow!0.00495094
pos  0.566116   0.804888   0.859636   0.771384 0.00495094   0.449726
underflow!0.00353017
pos  0.999495 0.00353017   0.918503   0.446528   0.152375  0.0588207
overflow!
underflow!0.000642801
pos  0.0483134 0.000642801    0.838633    0.860678   0.0207945    0.935428
overflow!
underflow!0.000132394
pos   0.335016    0.535212    0.266008 0.000132394    0.833299    0.403118
underflow!0.00468836
pos  0.104669 0.00468836   0.707816   0.151346  0.0556942   0.134947
overflow!
underflow!0.00191066
pos0.00191066   0.494916   0.110846   0.641263  0.0600085   0.980119
overflow!
overflow!
overflow!
underflow!0.00435291
pos  0.925777   0.804144   0.876192   0.666214   0.958093 0.00435291
overflow!
underflow!0.00447233
pos  0.455625   0.786075   0.830085 0.00447233   0.363222  0.0757658
overflow!
overflow!
underflow!0.000547224
pos   0.666766 0.000547224    0.123101    0.340315     0.68969     0.74598
overflow!
overflow!
overflow!
underflow!0.00417015
pos  0.744423   0.381086 0.00417015   0.799356   0.549283   0.763832
underflow!0.000715621
pos   0.444815    0.547526    0.420402 0.000715621    0.321382   0.0766314
overflow!
underflow!0.00208159
pos  0.866556 0.00208159  0.0148815  0.0339185   0.178665   0.284553
overflow!
overflow!
underflow!0.000811019
pos   0.117878    0.473623    0.805293    0.190902    0.719384 0.000811019
underflow!0.00286379
pos  0.315651   0.486792  0.0410615 0.00286379     0.6651   0.785621
overflow!
underflow!0.00238549
pos0.00238549  0.0218686     0.4359   0.365163   0.551994   0.669017
underflow!0.00429798
pos  0.400405 0.00429798  0.0713999   0.900123   0.709046   0.213886
underflow!0.00446377
pos0.00446377   0.223165   0.701251   0.985049   0.463423   0.286014
overflow!
underflow!0.000130492
pos   0.433968  0.00618728   0.0907188    0.921739    0.164506 0.000130492
underflow!0.00480275
pos  0.399358  0.0535875 0.00480275   0.279817   0.659193  0.0278152
overflow!
underflow!0.000261288
pos0.000261288    0.996619      0.4112    0.965342    0.346736   0.0886367
underflow!0.000459464
pos   0.538483    0.235246     0.85902    0.819851 0.000459464   0.0322374
overflow!
overflow!
underflow!1.87331e-05
pos   0.575224   0.0881586    0.786474   0.0408707 1.87331e-05    0.640974
overflow!
underflow!0.00197139
pos0.00197139  0.0582981   0.504152  0.0829227    0.19094   0.172265
underflow!0.00126916
pos 0.0564721   0.706505   0.763213 0.00126916   0.491887  0.0384256
underflow!0.00367633
pos  0.220521 0.00367633   0.173681   0.756661    0.87356   0.737917
underflow!0.00315478
pos  0.691879   0.875927    0.52362   0.770537 0.00315478   0.598862
overflow!
underflow!0.00240141
pos  0.959521   0.819797   0.529714   0.674486 0.00240141   0.107978
underflow!0.000303914
pos     0.3612    0.744707  0.00820875 0.000303914    0.305282     0.20095
underflow!0.0024075
pos 0.250307  0.279925  0.758921 0.0024075  0.314602  0.253346
overflow!
overflow!
underflow!0.00144371
pos0.00144371 0.00284692   0.927879   0.843878   0.160355   0.401076
overflow!
overflow!
overflow!
overflow!
overflow!
overflow!
overflow!
overflow!
underflow!0.00238562
pos 0.0150475   0.433951 0.00238562   0.017991   0.175724   0.318482
overflow!
underflow!0.00485202
pos  0.598693   0.638634   0.644069  0.0109225 0.00485202   0.230801
underflow!0.00101627
pos  0.376073 0.00101627   0.426707   0.456927   0.905431 0.00857054
overflow!
overflow!
underflow!0.00204586
pos  0.083984 0.00204586   0.859367   0.493655   0.877798   0.840998
overflow!
underflow!0.0047034
pos 0.956015  0.388999  0.475159 0.0047034  0.470359  0.882039
overflow!
overflow!
overflow!
underflow!0.000647618
pos  0.0868212    0.474317    0.199425 0.000647618    0.889665   0.0181474
overflow!
underflow!0.00185691
pos  0.668897   0.513092 0.00185691   0.634483   0.817254   0.431401
overflow!
underflow!0.00266944
pos  0.972706   0.433159   0.113793   0.195119 0.00266944    0.19179
underflow!4.228e-06
pos 0.714448 4.228e-06  0.294201  0.836448  0.239995  0.515596
overflow!
underflow!0.00207868
pos  0.369032   0.172896 0.00645486   0.282907 0.00207868   0.948227
overflow!
underflow!0.00135068
pos0.00135068   0.382223   0.743079   0.199078   0.478168   0.851857
overflow!
underflow!0.00110515
pos  0.126128   0.954971 0.00110515   0.858445   0.544813   0.610272
overflow!
overflow!
underflow!0.00165224
pos   0.72248   0.928423    0.50261   0.674662 0.00165224   0.870199
underflow!0.00457711
pos0.00457711   0.688519   0.247972   0.154304   0.156656   0.153008
overflow!
underflow!0.00430989
pos   0.09369   0.372254   0.271859   0.875631 0.00430989   0.813414
underflow!0.00336763
pos  0.823747   0.143606   0.247109   0.104257 0.00336763   0.319048
overflow!
underflow!0.00380868
pos  0.753409    0.23553   0.748077   0.102434   0.511542 0.00380868
underflow!0.000256
pos 0.000256  0.751667  0.349513 0.0638498  0.365367  0.792698
overflow!
overflow!
overflow!
underflow!0.000667822
pos   0.265327    0.754183    0.533948 0.000667822    0.298123    0.603265
overflow!
overflow!
overflow!
overflow!
underflow!0.000138263
pos   0.362583    0.598638 0.000138263    0.349009    0.427623    0.240746
underflow!0.000204253
pos0.000204253   0.0249215    0.821312    0.939134    0.196658    0.874913
underflow!0.00264337
pos  0.922544   0.711772 0.00264337   0.863701   0.556164   0.515597
underflow!0.00351907
pos  0.270768   0.230747  0.0858433   0.639396  0.0556366 0.00351907
overflow!
overflow!
overflow!
underflow!0.00254815
pos  0.310569  0.0696221 0.00254815   0.907394   0.384223   0.180432
overflow!
underflow!0.0049931
pos 0.676792 0.0049931 0.0176453  0.594343  0.267194   0.45335
overflow!
overflow!
underflow!0.000641054
pos   0.747137   0.0739732     0.19754    0.207402    0.801687 0.000641054
underflow!0.00313012
pos  0.301136   0.475717   0.746952 0.00313012   0.639654   0.396956
overflow!
underflow!0.0032888
pos 0.188821 0.0032888  0.721369  0.813929  0.539472  0.598834
underflow!0.00248072
pos  0.154778   0.801001   0.490687 0.00248072   0.159141    0.83089
underflow!0.00189392
pos   0.28182  0.0763855   0.124951   0.935996   0.920423 0.00189392
underflow!0.0049565
pos 0.508717  0.428087  0.839796  0.415558 0.0049565  0.892132
underflow!0.000707338
pos   0.952992    0.816104    0.132222 0.000707338    0.698123    0.390223
underflow!0.00438665
pos0.00438665   0.823599   0.312785   0.204503   0.214864   0.962122
underflow!0.000361855
pos   0.978605 0.000361855    0.527274    0.419936    0.848352    0.371502
underflow!4.79323e-05
pos   0.739477    0.983826    0.237151    0.210651    0.571753 4.79323e-05
underflow!0.004528
pos0.266301 0.730661 0.548817 0.673779 0.194205 0.004528
underflow!0.000629677
pos   0.819069    0.938198    0.705729    0.713671 0.000629677    0.229068
overflow!
overflow!
underflow!0.000737798
pos     0.1352    0.437669 0.000737798    0.590175    0.202258    0.405793
overflow!
overflow!
underflow!0.00325262
pos  0.279133   0.794112   0.536178 0.00325262   0.387551   0.447312
overflow!
underflow!0.00407358
pos  0.537136   0.672995   0.644085   0.086322 0.00407358   0.539747
underflow!0.00146229
pos  0.633677   0.586592   0.298977 0.00146229    0.38865   0.104438
underflow!0.00435805
pos  0.875817   0.189518   0.461546   0.446208   0.702484 0.00435805
overflow!
underflow!0.00491961
pos  0.450102 0.00491961   0.961028   0.753262   0.259532    0.97316
underflow!0.00321878
pos   0.64672   0.491486   0.243624   0.867153   0.627407 0.00321878
underflow!0.00289591
pos  0.566436 0.00289591   0.777373   0.704056   0.303656   0.368823
underflow!0.00403844
pos 0.0320547   0.772948   0.981695 0.00403844   0.403286   0.795719
underflow!0.00293416
pos  0.297524 0.00293416   0.779025   0.984702   0.757191   0.980918
underflow!0.00422367
pos   0.47446   0.209767   0.357321 0.00422367   0.920045   0.177299
underflow!0.00230686
pos   0.90471   0.716256 0.00230686   0.925879   0.308512   0.218911
overflow!
underflow!0.00139936
pos  0.513542   0.330063    0.74031   0.442166 0.00139936    0.71378
underflow!0.00211893
pos  0.564415   0.331642   0.161663   0.468354   0.726755 0.00211893
underflow!9.13898e-05
pos   0.175084 9.13898e-05    0.208835    0.463096    0.419591    0.480871
overflow!
overflow!
overflow!
underflow!0.00153177
pos  0.434641   0.683283   0.568797   0.985652 0.00153177   0.192234
overflow!
overflow!
overflow!
overflow!
overflow!
underflow!0.00108219
pos  0.301882   0.116792   0.193665    0.15869 0.00108219   0.292506
underflow!0.00249698
pos  0.389092   0.848669 0.00249698   0.960818   0.329157    0.42648
overflow!
underflow!0.00430277
pos  0.813544   0.320765 0.00430277   0.300603   0.405846  0.0982649
underflow!0.000617608
pos   0.284297    0.495737    0.603079 0.000617608    0.832651    0.723975
underflow!0.00238451
pos  0.346505 0.00238451   0.302365   0.489046   0.292469   0.720519
overflow!
overflow!
underflow!0.00217398
pos  0.692962   0.530085   0.632007 0.00217398   0.681794   0.808838
underflow!0.00139564
pos  0.424582   0.864018   0.587044   0.446564 0.00139564   0.224013
underflow!0.00235325
pos  0.573425   0.648095   0.532054   0.521391 0.00235325   0.510596
underflow!0.00444213
pos   0.84581   0.487499   0.186393 0.00444213   0.170895  0.0489278
underflow!6.42761e-05
pos   0.147843 6.42761e-05   0.0971965    0.264756    0.269837    0.377963
underflow!0.00104392
pos  0.682983  0.0118265 0.00104392    0.49968   0.300743   0.132182
underflow!0.00328459
pos0.00328459   0.280532  0.0584064   0.501352   0.871873   0.841594
overflow!
underflow!0.000346355
pos   0.381929 0.000346355    0.389583    0.716862    0.630174    0.587725
underflow!0.00281753
pos   0.30407   0.053562   0.738951    0.84971  0.0392925 0.00281753
underflow!0.00285878
pos  0.669389  0.0454024 0.00285878   0.222677   0.396062   0.509862
underflow!0.00220862
pos  0.985051   0.816959  0.0315472   0.695122 0.00220862  0.0196277
underflow!0.00081057
pos 0.0447579   0.925329 0.00081057   0.772319   0.828206   0.139035
underflow!0.00382225
pos  0.323783   0.776732   0.652969   0.921965 0.00382225   0.451264
underflow!0.00059864
pos0.00059864   0.114771   0.456848   0.254924   0.340029   0.611216
underflow!0.00209442
pos  0.532396   0.647411 0.00209442   0.844445   0.424494   0.773289
overflow!
underflow!0.00382372
pos  0.166655   0.123414   0.639841   0.976101   0.531222 0.00382372
underflow!0.00177746
pos  0.598212 0.00177746   0.541313   0.674209   0.143216   0.448375
overflow!
underflow!0.00484057
pos 0.0315723   0.630999   0.222127   0.349385 0.00484057   0.260764
underflow!0.00334706
pos  0.382533 0.00334706   0.494837   0.129204   0.428326   0.467745
overflow!
underflow!0.00358914
pos0.00358914   0.262247  0.0925146   0.590161   0.924533   0.147178
underflow!0.00367786
pos  0.631529   0.691212   0.576722   0.545497 0.00367786   0.755214
underflow!0.00260252
pos0.00260252   0.935914   0.756795   0.390577    0.80942   0.895608
underflow!0.00310871
pos0.00310871   0.593353   0.545722   0.176212   0.149996   0.329656
overflow!
underflow!0.00344903
pos   0.90338 0.00344903    0.96269   0.266199   0.402063   0.477696
overflow!
underflow!0.0047022
pos 0.606381  0.197588 0.0047022  0.211768  0.460631  0.575092
underflow!0.0035042
pos  0.23814   0.87695  0.506433   0.20183 0.0035042 0.0483837
underflow!0.00223634
pos  0.990872 0.00223634   0.929282   0.846856   0.215703   0.393796
overflow!
underflow!0.00377542
pos  0.702581   0.667539   0.153945    0.73301 0.00377542   0.152243
overflow!
overflow!
underflow!0.00185892
pos  0.563106    0.09071  0.0362879 0.00185892   0.368651   0.178898
overflow!
underflow!0.00239749
pos  0.549839  0.0722609   0.106836 0.00239749   0.742989   0.591211
underflow!0.00109111
pos0.00109111   0.934446   0.969939   0.589823   0.927121   0.633382
underflow!0.00468769
pos  0.502248   0.448626 0.00468769  0.0593217   0.727826   0.601297
overflow!
underflow!0.00377309
pos  0.964072   0.246084   0.602985   0.335899   0.871428 0.00377309
underflow!0.000609012
pos0.000609012    0.419826    0.271683    0.178737    0.886654    0.683991
underflow!0.000856523
pos0.000856523    0.569265    0.908566    0.389227    0.242927    0.881576
overflow!
underflow!0.00121747
pos  0.747154   0.889079   0.259253    0.77451 0.00121747   0.642067
underflow!0.000118983
pos   0.605354 0.000118983    0.556072    0.330589    0.759424   0.0619005
overflow!
underflow!0.000666797
pos   0.683133    0.438845    0.372333    0.431704 0.000666797    0.163754
underflow!0.00104825
pos  0.276879   0.384458   0.188993   0.926228 0.00104825   0.766796
overflow!
overflow!
underflow!0.00260166
pos0.00260166   0.760795   0.719058    0.29132   0.766477    0.27786
overflow!
overflow!
overflow!
overflow!
underflow!0.00317345
pos  0.950279   0.303951   0.207541   0.493184 0.00317345   0.596631
underflow!0.00121853
pos  0.592249   0.283495   0.512445   0.765939   0.612565 0.00121853
underflow!0.00302006
pos  0.652542    0.97468    0.94373 0.00302006    0.59607   0.187254
overflow!
overflow!
overflow!
overflow!
overflow!
overflow!
underflow!0.00264446
pos 0.0074748   0.683977   0.409361 0.00264446   0.740966   0.402857
overflow!
underflow!0.00253609
pos0.00253609   0.110566   0.246883   0.465558   0.408223   0.708716
overflow!
overflow!
underflow!0.00399637
pos  0.655227 0.00399637   0.213091     0.4453   0.222665   0.925043
underflow!0.00282962
pos  0.572243   0.851964   0.489173   0.227209 0.00282962   0.258098
underflow!0.0023194
pos  0.31941 0.0023194  0.787026  0.134569  0.584399  0.418046
underflow!0.00352989
pos  0.428121   0.457262   0.644717   0.235539  0.0380598 0.00352989
underflow!0.00302354
pos  0.414847   0.931432 0.00302354   0.451605   0.977575   0.794692
underflow!0.00154634
pos  0.128338   0.697334   0.247637  0.0461285   0.047138 0.00154634
overflow!
underflow!0.00240481
pos  0.332192   0.601411   0.046055   0.547173   0.367555 0.00240481
underflow!0.00126409
pos 0.0170454   0.507631   0.415774   0.503872 0.00126409   0.276141
underflow!0.00462154
pos0.00462154   0.313958   0.765803   0.461119  0.0743249    0.61198
overflow!
underflow!0.00151895
pos  0.396251    0.87596   0.674953   0.243561   0.152866 0.00151895
overflow!
underflow!0.00132709
pos  0.240631     0.3522   0.054953 0.00132709   0.409524   0.661814
underflow!0.0015952
pos 0.427641  0.777327  0.140159 0.0015952  0.650354  0.607304
underflow!0.00124687
pos  0.617929 0.00886844   0.636988  0.0797382 0.00124687   0.797526
underflow!0.00462157
pos  0.480559   0.976677   0.688804 0.00462157    0.26908   0.004568
overflow!
overflow!
underflow!0.00281743
pos  0.156384   0.155349   0.228667 0.00281743    0.65599   0.116722
overflow!
underflow!0.00334884
pos   0.48728 0.00334884   0.458861   0.916889   0.883018   0.272968
underflow!0.00324776
pos  0.486023 0.00324776   0.956992   0.865382   0.642942   0.715112
underflow!0.00483577
pos   0.90347   0.302865   0.730541   0.701457 0.00483577   0.164439
underflow!0.00436024
pos  0.767888   0.698011  0.0524994   0.563115   0.905638 0.00436024
overflow!
underflow!0.00181937
pos  0.736368   0.441492   0.865871  0.0882225 0.00181937    0.50413
overflow!
overflow!
overflow!
overflow!
underflow!9.56336e-05
pos9.56336e-05    0.489956    0.641202    0.500541    0.759631    0.993361
overflow!
underflow!0.00462619
pos   0.93117   0.730928 0.00462619   0.901549    0.52493   0.537291
underflow!0.000600693
pos0.000600693    0.282644    0.181966    0.641105   0.0216605    0.694979
underflow!0.00320416
pos   0.755171 0.000714374    0.142303    0.774771    0.588065  0.00320416
underflow!0.000714374
pos   0.755171 0.000714374    0.142303    0.774771    0.588065  0.00320416
overflow!
underflow!0.00121118
pos 0.0738056   0.333851   0.699249   0.581705  0.0755485 0.00121118
overflow!
overflow!
overflow!
underflow!0.000473893
pos   0.911136    0.548494    0.101009    0.315555    0.370189 0.000473893
overflow!
underflow!0.0016684
pos 0.281142 0.0579377  0.456068  0.433652  0.233363 0.0016684
overflow!
underflow!0.00407632
pos 0.0981251   0.995208  0.0532786 0.00407632   0.791592  0.0161373
underflow!0.0025208
pos 0.382735 0.0025208  0.587815  0.720268  0.123805   0.36381
overflow!
underflow!0.00157718
pos0.00157718   0.637055   0.493653  0.0188004   0.720132    0.53897
underflow!0.000277327
pos   0.727119    0.937108     0.76801 0.000277327    0.107211    0.214572
overflow!
overflow!
overflow!
underflow!0.00267607
pos  0.136264 0.00267607   0.440972   0.597317   0.164198   0.302215
overflow!
underflow!0.000986332
pos   0.447357    0.932903 0.000986332    0.862632    0.446055     0.28078
overflow!
overflow!
overflow!
overflow!
overflow!
overflow!
underflow!0.00428616
pos  0.738168   0.161555 0.00428616   0.806075   0.415239   0.826656
underflow!0.00455871
pos  0.455995   0.527699   0.529058   0.685992 0.00455871   0.663396
underflow!0.00213418
pos  0.522231  0.0690256   0.768241   0.369773   0.750064 0.00213418
underflow!0.00205058
pos  0.770526    0.57289   0.566339   0.104854   0.109296 0.00205058
overflow!
overflow!
overflow!
underflow!0.00399508
pos 0.0935228 0.00399508   0.556505   0.457219  0.0160235   0.459168
underflow!0.00473539
pos  0.705606   0.909438   0.587942 0.00473539   0.655628   0.365083
underflow!0.0041573
pos0.0371649  0.972752  0.386323  0.122543 0.0041573  0.498923
underflow!0.00411319
pos  0.207158 0.00411319   0.463732   0.569163   0.630025  0.0190362
underflow!0.00492337
pos  0.336185   0.447191   0.957839 0.00492337   0.365703   0.496453
underflow!0.00134648
pos  0.953349   0.499973 0.00134648   0.527788   0.178925   0.451839
underflow!0.00422423
pos  0.402324   0.536688   0.448927 0.00422423   0.912573   0.302979
underflow!0.0010575
pos 0.173126 0.0010575  0.470619  0.283251 0.0145736 0.0457047
overflow!
overflow!
overflow!
underflow!0.00426722
pos  0.836565   0.366564    0.99566  0.0352933   0.489959 0.00426722
underflow!0.00111342
pos 0.0672175   0.772814 0.00111342  0.0896055   0.222148  0.0156695
overflow!
overflow!
overflow!
overflow!
overflow!
underflow!0.0049445
pos 0.462316  0.269148  0.729427 0.0049445  0.163167  0.766633
underflow!0.00341322
pos0.00341322   0.618196   0.717203   0.599852   0.392173   0.895596
underflow!0.00121029
pos  0.866151   0.920688    0.78104 0.00121029   0.466036    0.12481
overflow!
underflow!0.00428734
pos  0.563495   0.124308   0.374559 0.00428734   0.317699   0.401489
underflow!0.00199634
pos  0.302116   0.222926 0.00199634   0.421926   0.296944   0.240589
underflow!0.00349621
pos  0.350008   0.119024    0.29467 0.00349621   0.284099   0.330512
overflow!
overflow!
underflow!0.0012798
pos 0.567265 0.0346506  0.975474   0.55654  0.119297 0.0012798
underflow!0.000715191
pos   0.682805     0.25037    0.458353 0.000715191    0.129265    0.626591
underflow!0.00360343
pos  0.670546 0.00360343   0.508574   0.514224   0.289861   0.267316
overflow!
overflow!
overflow!
overflow!
underflow!0.00290085
pos 0.0963137   0.304318   0.849807 0.00290085    0.35323   0.310075
overflow!
underflow!0.00361032
pos  0.884279   0.516055   0.744366 0.00361032   0.445051   0.818879
overflow!
underflow!0.00425202
pos  0.811014 0.00425202   0.796364   0.765282   0.784148   0.612339
overflow!
underflow!0.00485875
pos  0.938878   0.454116   0.274266 0.00485875   0.347357  0.0748853
overflow!
overflow!
overflow!
underflow!0.000130339
pos   0.915129    0.325459    0.351804    0.950142    0.989168 0.000130339
overflow!
underflow!0.00281197
pos  0.456835    0.21395   0.120267   0.722045   0.498603 0.00281197
underflow!0.004286
pos 0.343212  0.004286  0.574039  0.966083 0.0935679  0.946299
overflow!
underflow!0.0011788
pos 0.178569  0.874218  0.788788  0.540555  0.603976 0.0011788
underflow!0.0031361
pos 0.591087 0.0031361  0.425604  0.899343   0.40232 0.0258085
overflow!
overflow!
underflow!0.00186732
pos  0.624964   0.796839    0.39255   0.132179 0.00186732   0.363581
underflow!0.00143613
pos  0.861259   0.527176 0.00143613   0.108424   0.694409   0.479873
underflow!0.00334266
pos  0.552973   0.443567   0.816026 0.00334266   0.483863    0.88201
underflow!0.0048107
pos 0.591752  0.221593  0.454664  0.641242 0.0048107   0.70809
overflow!
underflow!0.00235891
pos  0.440001 0.00235891   0.688492   0.153618    0.19636   0.215382
underflow!0.00175829
pos  0.287808   0.494684 0.00175829   0.804094   0.535706   0.281004
overflow!
overflow!
underflow!0.00137146
pos  0.999482   0.778471   0.163373 0.00137146   0.571176   0.941733
underflow!0.00385757
pos  0.801732    0.59893    0.43684   0.156894 0.00385757   0.681076
overflow!
overflow!
underflow!3.58453e-05
pos   0.306273    0.846263     0.74106 3.58453e-05   0.0772485    0.311493
overflow!
underflow!0.0035986
pos 0.880123  0.872163  0.603838 0.0035986  0.696925  0.842283
overflow!
underflow!0.00154012
pos  0.527036   0.566382 0.00154012   0.102987   0.532818   0.597313
underflow!0.00380468
pos  0.567626   0.286709   0.732559   0.870003   0.713875 0.00380468
overflow!
overflow!
underflow!0.00328329
pos0.00328329   0.370222   0.858232  0.0635809    0.22687   0.148516
underflow!0.00296925
pos  0.305084   0.843188   0.757784 0.00296925   0.450682   0.554843
overflow!
underflow!0.00179911
pos  0.807707 0.00179911  0.0374205   0.407674   0.567504   0.933426
overflow!
underflow!0.000407149
pos   0.782203    0.969102    0.743853    0.128191    0.161083 0.000407149
overflow!
underflow!0.00363577
pos  0.364299   0.278143   0.595118 0.00363577    0.12445   0.482364
underflow!0.0017378
pos 0.318134  0.786132 0.0017378   0.99603  0.466521  0.877551
overflow!
overflow!
underflow!0.000928732
pos   0.952585    0.505743    0.907096    0.387048       0.719 0.000928732
underflow!0.00107996
pos  0.445968   0.756969   0.927719 0.00107996   0.281212    0.26638
underflow!0.00245182
pos  0.654003   0.830893   0.938316 0.00245182   0.818721   0.435469
underflow!0.00173698
pos0.00173698   0.393234   0.263848   0.328872   0.939418   0.706938
underflow!0.00479138
pos  0.537459   0.434739   0.687013   0.396056 0.00479138   0.364938
underflow!0.00277645
pos  0.825416 0.00277645   0.304462   0.198399   0.876173   0.768886
underflow!0.000321836
pos  0.0864478 0.000321836    0.683215    0.955083    0.539329    0.346464
underflow!0.00223192
pos0.00223192    0.87785   0.957651   0.466534   0.163603    0.62807
overflow!
overflow!
overflow!
overflow!
underflow!0.00495599
pos   0.91736   0.569297    0.28807    0.13302   0.177382 0.00495599
underflow!0.00208688
pos  0.592086   0.418088  0.0622399   0.315286  0.0985666 0.00208688
underflow!0.00443042
pos  0.158529   0.602881 0.00443042   0.897676   0.208255   0.352443
overflow!
overflow!
overflow!
overflow!
overflow!
overflow!
underflow!0.00268811
pos 0.0829891   0.521647   0.090018   0.113109 0.00268811   0.112235
underflow!0.00354747
pos 0.0313182   0.466909    0.37457   0.550522 0.00354747    0.56388
underflow!0.00318113
pos   0.95813   0.696697   0.932108   0.411109 0.00318113   0.266988
underflow!0.000772712
pos   0.646301 0.000772712    0.355618    0.146214    0.154348    0.441821
overflow!
underflow!0.000369401
pos   0.282496     0.15798    0.333403    0.560948     0.96844 0.000369401
underflow!0.00474766
pos  0.868549  0.0392794   0.042874   0.434585 0.00474766   0.380982
overflow!
underflow!0.00483495
pos  0.174863  0.0532395    0.21846   0.168787    0.17926 0.00483495
underflow!0.00186516
pos  0.880499 0.00186516   0.510884   0.437199   0.902562   0.172258
overflow!
underflow!0.000969149
pos   0.611447    0.410148    0.200892 0.000969149    0.519795    0.400743
underflow!0.00136524
pos  0.127939   0.696137 0.00136524   0.575932    0.95729   0.569038
overflow!
underflow!0.001087
pos0.963461 0.290479 0.001087 0.824981 0.889918 0.733742
overflow!
underflow!0.004142
pos 0.488276 0.0730348   0.81261  0.004142   0.17646  0.968276
underflow!0.00194976
pos  0.605655   0.262533  0.0887462 0.00194976   0.215641   0.373163
overflow!
underflow!0.00125229
pos  0.561178   0.125495   0.944486    0.83526 0.00125229  0.0447915
underflow!0.00351746
pos   0.17034 0.00351746   0.363614   0.672024   0.531418   0.283861
underflow!0.00435784
pos0.00435784   0.885746   0.781273   0.787447    0.23067   0.873165
overflow!
underflow!0.00323197
pos0.00323197   0.596601   0.398917   0.118336   0.699324   0.120734
overflow!
underflow!0.00141787
pos  0.890149   0.210501   0.167625   0.580788   0.696271 0.00141787
underflow!0.00310333
pos  0.444205   0.609144   0.804513   0.555345 0.00310333   0.549553
underflow!0.0047637
pos 0.596822   0.41384   0.60571  0.314196    0.2725 0.0047637
underflow!0.000288128
pos    0.71958    0.341661    0.467512 0.000288128    0.561264     0.31618
overflow!
overflow!
overflow!
overflow!
underflow!0.0039548
pos 0.243263 0.0369988 0.0039548  0.821909  0.180543  0.517937
overflow!
underflow!0.0024571
pos 0.234325  0.869133  0.966825 0.0897602  0.829475 0.0024571
underflow!0.000943618
pos   0.899435 0.000943618    0.463712    0.588247    0.724676    0.647669
overflow!
overflow!
overflow!
overflow!
underflow!0.0032117
pos 0.260251   0.82854 0.0032117  0.745101  0.458135  0.976595
overflow!
underflow!0.00322295
pos  0.437641   0.652144   0.691192   0.813536 0.00322295   0.770988
overflow!
underflow!0.00213304
pos  0.969609   0.820879   0.494471   0.798945   0.313991 0.00213304
underflow!0.0048337
pos 0.132706  0.849107 0.0048337   0.45422  0.607001  0.324209
overflow!
underflow!0.00238112
pos  0.840286   0.745369   0.549333   0.118517 0.00238112   0.776378
underflow!0.0015924
pos 0.589966   0.20508  0.841407 0.0015924  0.865868  0.994077
underflow!0.00162926
pos  0.977613   0.415983 0.00162926   0.397254    0.76937    0.96145
overflow!
overflow!
underflow!0.0014311
pos 0.416035  0.477287  0.927368  0.636806 0.0014311   0.62713
overflow!
underflow!0.00420173
pos   0.92903 0.00420173   0.638904   0.415987   0.846066   0.602785
underflow!0.00451687
pos  0.625735   0.459946 0.00451687   0.942688  0.0313628  0.0694964
underflow!0.000584008
pos   0.100337    0.408251       0.936    0.326016 0.000584008    0.869522
underflow!0.00101026
pos  0.340853    0.12102   0.698797 0.00101026   0.925801   0.780802
underflow!0.0019768
pos 0.759423  0.828833  0.100209  0.181501 0.0019768   0.92316
underflow!0.00459426
pos  0.868088    0.97516 0.00459426   0.540631    0.70686   0.181923
overflow!
underflow!0.00283394
pos  0.980384 0.00283394   0.886439   0.434312   0.498467  0.0627173
underflow!0.000231044
pos   0.786517    0.787446    0.832723    0.835203 0.000231044    0.866367
overflow!
underflow!0.0022169
pos 0.879448  0.596472   0.13823  0.144024 0.0022169   0.65267
overflow!
underflow!8.62349e-05
pos  0.0330796 8.62349e-05    0.714154    0.830541    0.393029    0.887237
overflow!
underflow!0.00261697
pos   0.76633   0.676594   0.626471 0.00261697  0.0957406   0.406699
underflow!0.00254468
pos   0.98799 0.00254468   0.102924  0.0916122  0.0162047   0.827037
underflow!0.00187153
pos  0.573924 0.00187153   0.103172   0.213759  0.0335299   0.295879
underflow!0.000788091
pos   0.647956    0.591356 0.000788091    0.801974    0.468126    0.221046
overflow!
underflow!0.00493261
pos  0.756075   0.264588   0.879271    0.28656 0.00493261   0.914291
underflow!0.00442813
pos  0.370613   0.724724   0.337874   0.725088   0.568168 0.00442813
underflow!0.00296891
pos0.00296891    0.17555   0.866634   0.798021   0.753385   0.812968
underflow!0.00265278
pos  0.577821 0.00265278   0.402926   0.799007   0.617042   0.430371
underflow!0.00330474
pos  0.709868   0.429633   0.851717   0.429417  0.0585987 0.00330474
overflow!
underflow!0.00228045
pos  0.918072   0.305949    0.36462 0.00228045    0.10561   0.900795
underflow!0.00454977
pos  0.913347   0.222463   0.930905   0.157755   0.325292 0.00454977
overflow!
underflow!0.00442372
pos0.00442372   0.325397   0.595577   0.137277   0.572331   0.955646
overflow!
overflow!
overflow!
underflow!0.00455935
pos0.00455935   0.258388   0.221667  0.0421896  0.0806808   0.032816
underflow!0.00174401
pos  0.134665   0.977161 0.00174401   0.629497   0.195697   0.233913
underflow!0.00367394
pos  0.410782   0.150149 0.00367394   0.448518   0.256934   0.380231
overflow!
underflow!0.000905159
pos   0.862024    0.437342    0.476645    0.237288 0.000905159    0.762437
overflow!
underflow!0.00213453
pos  0.307378   0.282153   0.235351 0.00213453   0.427124   0.500645
underflow!0.00375543
pos  0.195794   0.939568 0.00146189 0.00375543   0.981378   0.525783
underflow!0.00304933
pos0.00304933   0.307303  0.0723031   0.958969  0.0372539   0.726642
underflow!0.0015964
pos0.0015964  0.425612  0.383193 0.0267496  0.758207  0.319734
underflow!0.00497479
pos  0.280048   0.476898   0.775894 0.00497479   0.706157   0.400887
underflow!0.000117502
pos   0.787644    0.451485    0.672605    0.137459 0.000117502   0.0646167
overflow!
overflow!
overflow!
overflow!
underflow!0.00266865
pos  0.948367   0.455695    0.46907   0.886927 0.00266865   0.908768
underflow!0.00497668
pos  0.778923   0.389145 0.00497668   0.866968   0.758642   0.279891
underflow!0.000573306
pos0.000573306    0.735293    0.669053   0.0833415    0.297062    0.839646
overflow!
overflow!
overflow!
underflow!0.00247772
pos  0.864138   0.293742   0.131128   0.343388   0.381423 0.00247772
underflow!0.00283511
pos  0.690928 0.00283511   0.410792   0.257867   0.596746   0.960649
underflow!0.000986558
pos   0.533668    0.398809   0.0771251    0.304791    0.113155 0.000986558
underflow!0.002462
pos0.332939  0.15797 0.002462 0.707932 0.349098 0.784513
underflow!0.000809246
pos   0.278849    0.950713    0.710011    0.116967 0.000809246   0.0564633
underflow!0.0012264
pos 0.452957 0.0012264  0.233388  0.770224  0.121824  0.814846
underflow!0.00360021
pos  0.147112 0.00360021   0.712364   0.883529   0.223983   0.908826
overflow!
underflow!0.000665736
pos   0.706985    0.820105    0.425489    0.416449    0.270627 0.000665736
underflow!0.00368445
pos  0.877485   0.353819   0.849476   0.305639 0.00368445   0.135255
overflow!
underflow!0.00176247
pos0.00176247    0.57918   0.728578   0.163003   0.812081   0.789526
overflow!
overflow!
underflow!0.00495102
pos  0.452471   0.815672     0.6642 0.00495102  0.0945761   0.448341
overflow!
underflow!0.00381086
pos  0.415364   0.510272   0.327216 0.00381086   0.653177   0.982528
underflow!0.00352142
pos  0.902764  0.0309453   0.608773   0.985174   0.192097 0.00352142
overflow!
overflow!
overflow!
underflow!0.00112829
pos   0.91097   0.161837   0.320052 0.00112829   0.740694   0.532049
overflow!
overflow!
overflow!
underflow!0.00440464
pos0.00440464   0.637819   0.119979   0.848487   0.162988   0.340537
underflow!0.00478428
pos  0.709732   0.846906   0.476559   0.027809 0.00478428   0.783669
underflow!0.000605416
pos   0.482356 0.000605416    0.630393    0.833561    0.812329    0.248264
overflow!
overflow!
overflow!
overflow!
overflow!
underflow!0.00336172
pos  0.375927   0.712244 0.00336172   0.382435   0.819639   0.326844
underflow!0.00435878
pos  0.887179   0.872854   0.701885 0.00435878   0.584157   0.342258
underflow!0.00331122
pos0.00331122   0.900128  0.0687586    0.29915   0.942721  0.0425826
overflow!
overflow!
underflow!0.000271556
pos   0.952516    0.162452    0.533825    0.727564 0.000271556    0.340638
underflow!0.00216488
pos 0.0212524 0.00216488   0.757792   0.245584   0.523421    0.17034
underflow!0.00315914
pos0.00315914   0.318842   0.481356   0.116516    0.84828   0.886753
underflow!0.00358321
pos   0.74842 0.00358321   0.106444    0.57601   0.806434   0.544182
underflow!0.00345253
pos0.00345253   0.413159   0.625413   0.420683   0.773966   0.721979
underflow!0.00175843
pos  0.720773    0.32566   0.983253   0.964081   0.505792 0.00175843
underflow!0.00189029
pos  0.516765   0.138488   0.675978   0.303406   0.153848 0.00189029
underflow!0.00235296
pos 0.0474245   0.758507 0.00235296   0.248948   0.203622  0.0822875
overflow!
underflow!8.42451e-05
pos   0.219324    0.949165 8.42451e-05    0.771124   0.0500288    0.957006
overflow!
underflow!0.00405603
pos  0.967226 0.00405603   0.278952    0.43851    0.99156   0.830451
overflow!
underflow!0.00404608
pos 0.0918515   0.422369   0.495589 0.00404608   0.908129   0.950673
underflow!0.00346954
pos 0.0335969   0.853235   0.717607    0.59992 0.00346954   0.883918
underflow!0.00324058
pos  0.840035   0.778088   0.140486   0.419517   0.920041 0.00324058
underflow!0.00482826
pos  0.235848    0.22388 0.00482826   0.123381   0.714547   0.386949
underflow!0.00147464
pos  0.461405   0.608959   0.726599   0.746682 0.00147464   0.291455
underflow!0.0042724
pos 0.687183  0.956511  0.891973  0.632764   0.91985 0.0042724
overflow!
overflow!
overflow!
overflow!
overflow!
overflow!
underflow!0.00385787
pos  0.746073   0.527039   0.900498 0.00385787     0.5711   0.788736
overflow!
overflow!
underflow!0.00491859
pos0.00491859   0.587493   0.160368   0.509102   0.521519   0.614536
underflow!0.000754069
pos   0.159244    0.273796 0.000754069    0.163417    0.553515    0.592196
underflow!0.00230655
pos  0.830668   0.816098    0.66228 0.00230655   0.165617   0.520866
underflow!0.00434262
pos  0.653973   0.218847   0.835926   0.668389  0.0707309 0.00434262
underflow!0.00255308
pos  0.205921   0.851592 0.00255308   0.250154    0.95636  0.0572862
overflow!
underflow!0.00138874
pos  0.680673   0.286392  0.0902673 0.00138874   0.782636   0.363001
underflow!0.00333715
pos  0.835739 0.00333715  0.0483882   0.700834   0.166802   0.565247
overflow!
underflow!0.00367173
pos   0.41953   0.250874 0.00367173    0.17689  0.0662863   0.811952
underflow!0.00396258
pos0.00396258    0.71514   0.545942  0.0135318  0.0345752   0.512826
overflow!
underflow!0.00284523
pos  0.729024    0.46216   0.214046 0.00284523   0.273848   0.937797
underflow!0.00480911
pos  0.322925    0.44977 0.00480911   0.898784    0.85372   0.775491
underflow!0.00374449
pos  0.980211   0.647352   0.172303 0.00374449   0.289011   0.484732
underflow!0.00317154
pos  0.294055   0.331295   0.898977 0.00317154   0.116351   0.141409
underflow!0.000236699
pos   0.801475    0.477814 0.000236699    0.851742    0.800613    0.943644
overflow!
underflow!0.00112544
pos  0.629175  0.0813381 0.00112544   0.207283    0.70804    0.23724
overflow!
underflow!0.00404574
pos  0.903762 0.00404574   0.201937   0.787839   0.870849   0.881716
overflow!
overflow!
overflow!
overflow!
underflow!0.00335023
pos   0.80524   0.431952   0.232585 0.00335023  0.0236186   0.107766
overflow!
underflow!0.00207843
pos  0.512585   0.559587 0.00207843   0.930893   0.892944   0.887604
overflow!
underflow!0.00123679
pos  0.884932   0.365107 0.00123679   0.654524   0.832336   0.735468
underflow!0.00347573
pos 0.0982601   0.296589    0.58169   0.146328   0.693956 0.00347573
overflow!
overflow!
overflow!
underflow!0.00156009
pos0.00156009   0.904312   0.893438   0.827955   0.978199    0.84438
overflow!
overflow!
overflow!
underflow!0.000522617
pos   0.197328    0.172838    0.846246    0.476873 0.000522617    0.650574
underflow!0.00189889
pos  0.337274   0.408471   0.180399   0.903221 0.00189889   0.084437
overflow!
underflow!0.0022056
pos 0.779329    0.8249  0.176995  0.217531 0.0022056  0.371685
overflow!
overflow!
underflow!0.00152087
pos 0.0124639 0.00152087    0.85605   0.249423   0.110801   0.903088
underflow!0.00418956
pos  0.565069   0.939262 0.00418956  0.0669844    0.46008   0.550938
underflow!8.05471e-05
pos  0.0173306 8.05471e-05   0.0111855    0.232805    0.773803    0.625913
overflow!
underflow!0.00336688
pos0.00336688  0.0866112  0.0425041   0.622027   0.367796   0.244581
overflow!
underflow!0.00494192
pos  0.226323   0.857447   0.379236   0.170254   0.979371 0.00494192
overflow!
overflow!
underflow!0.000427721
pos0.000427721    0.936397    0.186096    0.316405   0.0173344    0.918116
underflow!0.0046849
pos 0.157237  0.962389  0.778592  0.706037 0.0046849  0.167322
overflow!
underflow!0.00152316
pos   0.59786   0.974209   0.526916 0.00152316   0.217147   0.401723
underflow!0.00391908
pos  0.424769 0.00618325   0.715188   0.571404 0.00391908   0.464038
underflow!0.00451642
pos 0.0802064   0.240727 0.00451642   0.690604   0.726799   0.451556
overflow!
overflow!
underflow!0.00390418
pos   0.39921   0.387178   0.979465  0.0265091 0.00390418   0.953678
overflow!
underflow!0.000826731
pos    0.31114     0.50753    0.648588    0.744026    0.879856 0.000826731
underflow!0.00372457
pos0.00372457   0.343643   0.263866   0.749357   0.137156    0.17309
overflow!
underflow!0.00144143
pos  0.833228   0.606504   0.203696   0.893347 0.00144143  0.0729865
underflow!0.00292607
pos  0.704175   0.527701   0.786917 0.00292607     0.2056   0.531749
New GBMAT from blind pso!
 0.787489  0.697491   0.77773  0.737252  0.460105  0.345709   3599.73
 0.787489  0.697491   0.77773  0.737252  0.460105  0.345709   3599.73
 0.686423  0.556409 0.0659058  0.752855 0.0824831 0.0305345   21.1462


overflow!
overflow!
underflow!0.00314521
pos  0.716195   0.892952   0.848474   0.785427   0.850075 0.00314521
underflow!0.00349026
pos  0.331283   0.975689   0.151925   0.525677   0.517797 0.00349026
underflow!0.00386453
pos  0.622946    0.78437 0.00386453   0.542857   0.824223   0.162191
underflow!0.0042474
pos 0.897307  0.535146  0.118776  0.613253  0.349769 0.0042474
overflow!
underflow!0.00194667
pos  0.515251   0.566709   0.323748 0.00194667  0.0788656  0.0923143
underflow!0.00275459
pos  0.790282   0.585088    0.88374  0.0876039 0.00275459   0.228838
underflow!0.00382681
pos  0.611482   0.856506   0.201153   0.841691    0.72851 0.00382681
overflow!
overflow!
underflow!0.0049234
pos  0.50252  0.653052  0.479835  0.238735  0.880457 0.0049234
underflow!0.00393112
pos  0.720604   0.220561   0.523253   0.719631   0.825983 0.00393112
overflow!
overflow!
underflow!0.00135695
pos  0.321944 0.00135695   0.581001   0.255216   0.479851   0.139305
underflow!0.00425949
pos  0.894593   0.276018   0.380131   0.629139   0.437411 0.00425949
underflow!0.00383923
pos 0.0822675   0.865461   0.274219   0.740263 0.00383923   0.291224
underflow!0.00404629
pos  0.933246   0.160121   0.630446   0.226087    0.26936 0.00404629
underflow!0.00338529
pos  0.457833   0.654075   0.154341   0.420711 0.00338529   0.226778
underflow!0.00143924
pos  0.335875   0.791325   0.644442  0.0111218 0.00143924   0.966143
underflow!0.0032534
pos 0.469618 0.0621846  0.170423  0.299371 0.0032534   0.74431
underflow!0.00437078
pos  0.545333   0.261641   0.797843   0.831629 0.00437078  0.0321585
underflow!0.00360517
pos  0.225356   0.219963    0.58036   0.548073 0.00360517   0.328228
underflow!0.00245188
pos  0.161982   0.911624   0.626697   0.732296   0.290553 0.00245188
underflow!0.00490928
pos 0.0478536 0.00490928   0.825053  0.0526349   0.671163   0.559809
underflow!0.00198285
pos  0.742715   0.975117   0.909897   0.102242   0.878183 0.00198285
underflow!0.00347232
pos  0.426249    0.73163   0.392789    0.17437     0.7484 0.00347232
underflow!0.00316882
pos  0.312498    0.11207   0.166295   0.166224 0.00316882   0.252329
underflow!0.00369106
pos  0.351643   0.146162   0.462862   0.155049   0.343361 0.00369106
overflow!
underflow!0.00341523
pos0.00341523   0.681525   0.675721   0.451903   0.278863   0.834049
overflow!
underflow!0.000772381
pos   0.657771    0.552399    0.393514    0.135908 0.000772381    0.126196
underflow!0.00489036
pos  0.098076   0.337565   0.688678   0.584562   0.067721 0.00489036
underflow!0.00420495
pos 0.0290792    0.25265   0.750011   0.373199 0.00420495   0.396551
underflow!0.00480931
pos  0.523255   0.269377   0.703024 0.00480931   0.202183   0.743965
underflow!0.00418198
pos  0.126343   0.923027 0.00418198   0.972666   0.739446   0.162827
underflow!0.00331361
pos  0.820557   0.522068   0.930002   0.517014    0.88971 0.00331361
overflow!
underflow!0.00313439
pos  0.278685   0.551563 0.00313439   0.572442   0.191657    0.08844
underflow!0.00326854
pos  0.263717   0.568807 0.00824302    0.42593   0.136614 0.00326854
overflow!
underflow!0.00405712
pos  0.979537    0.28849 0.00405712    0.81075   0.880515   0.750645
underflow!0.000568431
pos   0.357058    0.868952    0.684652    0.244137    0.584494 0.000568431
underflow!0.00362447
pos  0.699807   0.355798   0.282699    0.28098   0.413794 0.00362447
underflow!0.00270822
pos  0.638688  0.0405904 0.00270822   0.881739   0.379966   0.649836
underflow!0.00458232
pos  0.738332   0.501637   0.802567   0.449647  0.0482317 0.00458232
overflow!
underflow!0.00270567
pos  0.622142   0.112479 0.00270567   0.270514    0.55417   0.571541
underflow!0.00318751
pos  0.203791    0.23583   0.339671   0.252055 0.00318751   0.844682
underflow!0.00461619
pos  0.422204  0.0886823   0.131356   0.218405   0.313098 0.00461619
underflow!0.00344131
pos   0.60285   0.762443   0.578102   0.343704   0.636645 0.00344131
underflow!0.00308447
pos   0.72575   0.652219    0.65441   0.472091  0.0242539 0.00308447
underflow!0.00353356
pos  0.576608   0.634663 0.00353356   0.396422   0.300862   0.771634
underflow!0.00499947
pos   0.82522   0.756708   0.133293   0.451666   0.839263 0.00499947
underflow!0.00298811
pos  0.572817  0.0610561  0.0368124   0.586315 0.00298811   0.140737
underflow!0.00473363
pos  0.565139   0.939039 0.00473363  0.0341756    0.45986   0.550635
New GBMAT from blind pso!
 0.787489  0.697491   0.77773  0.737252  0.460105  0.345709   3599.73
 0.787489  0.697491   0.77773  0.737252  0.460105  0.345709   3599.73
 0.686423  0.556409 0.0659058  0.752855 0.0824831 0.0305345   21.1462
 0.438258  0.329773 0.0573348   0.89533 0.0562983 0.0163444   17.3926


underflow!0.00455047
pos  0.680748   0.879043  0.0871957   0.171885   0.613989 0.00455047
underflow!0.00376806
pos  0.787607   0.615729   0.863591    0.11115 0.00376806   0.232717
underflow!0.00432898
pos  0.322872   0.454586   0.701098   0.634325   0.832916 0.00432898
underflow!0.00444926
pos  0.544167   0.650652   0.407776   0.260126   0.899351 0.00444926
underflow!0.00482071
pos  0.879253   0.124598  0.0780965   0.520449   0.891836 0.00482071
underflow!0.00412516
pos  0.719807   0.278147 0.00412516    0.56122   0.665915   0.106387
underflow!0.00302009
pos  0.288659   0.347106   0.462392   0.691603   0.383388 0.00302009
underflow!0.00352537
pos  0.953577   0.442268 0.00352537   0.207266   0.842749   0.283443
underflow!0.00461568
pos  0.266235   0.523699   0.497147   0.825131   0.147515 0.00461568
underflow!0.00348333
pos  0.389528   0.335255   0.652396    0.69466   0.221898 0.00348333
underflow!0.00337572
pos  0.488971   0.324953   0.456487   0.768186   0.666098 0.00337572
underflow!0.00444354
pos  0.149608   0.829481 0.00444354   0.228645   0.396858   0.844371
underflow!0.00340115
pos  0.108219   0.345433   0.663871   0.591897  0.0750836 0.00340115
underflow!0.00395131
pos  0.554792   0.280231   0.130167   0.728844    0.40678 0.00395131
underflow!0.00329633
pos  0.784779   0.302063   0.689567   0.228137  0.0377593 0.00329633
underflow!0.00168896
pos  0.732182   0.423751   0.167094   0.254868   0.681379 0.00168896
underflow!0.00137844
pos  0.648681   0.026338   0.511493   0.997989 0.00137844   0.552845
underflow!0.00225305
pos  0.294788   0.339381   0.811919   0.866171   0.183594 0.00225305
New GBMAT from blind pso!
 0.787489  0.697491   0.77773  0.737252  0.460105  0.345709   3599.73
 0.787489  0.697491   0.77773  0.737252  0.460105  0.345709   3599.73
 0.686423  0.556409 0.0659058  0.752855 0.0824831 0.0305345   21.1462
 0.438258  0.329773 0.0573348   0.89533 0.0562983 0.0163444   17.3926
 0.438258  0.329773 0.0573348   0.89533 0.0562983 0.0163444   17.3926


underflow!0.00409001
pos  0.291683   0.770368  0.0465058   0.540869    0.17739 0.00409001
underflow!0.00462051
pos  0.302893   0.506324   0.607088   0.213153  0.0436626 0.00462051
underflow!0.00370856
pos  0.745332   0.206407   0.511932   0.751993   0.553913 0.00370856
underflow!0.00489275
pos  0.559243   0.216033    0.06376   0.529303   0.511419 0.00489275
underflow!0.00447954
pos  0.557349   0.493442   0.252311    0.90205   0.204364 0.00447954
underflow!0.00455215
pos  0.218353   0.236314   0.642058   0.342218   0.226343 0.00455215
New GBMAT from blind pso!
 0.787489  0.697491   0.77773  0.737252  0.460105  0.345709   3599.73
 0.787489  0.697491   0.77773  0.737252  0.460105  0.345709   3599.73
 0.686423  0.556409 0.0659058  0.752855 0.0824831 0.0305345   21.1462
 0.438258  0.329773 0.0573348   0.89533 0.0562983 0.0163444   17.3926
 0.438258  0.329773 0.0573348   0.89533 0.0562983 0.0163444   17.3926
 0.467206  0.352165 0.0573348  0.890687 0.0481427 0.0163444   17.1537


underflow!0.00375868
pos  0.418935   0.412653   0.332014   0.471135   0.360472 0.00375868
underflow!0.0030834
pos 0.579206  0.631064  0.201513  0.737024 0.0521641 0.0030834
underflow!0.00309058
pos   0.66576   0.338245   0.230408   0.534462    0.37488 0.00309058
underflow!0.00426193
pos  0.490539   0.415133   0.084224   0.811203   0.301506 0.00426193
underflow!0.00404998
pos  0.171304   0.338741    0.51813   0.708401  0.0714668 0.00404998
underflow!0.00428516
pos  0.452476   0.395254   0.313146   0.772453   0.239904 0.00428516
New GBMAT from blind pso!
 0.787489  0.697491   0.77773  0.737252  0.460105  0.345709   3599.73
 0.787489  0.697491   0.77773  0.737252  0.460105  0.345709   3599.73
 0.686423  0.556409 0.0659058  0.752855 0.0824831 0.0305345   21.1462
 0.438258  0.329773 0.0573348   0.89533 0.0562983 0.0163444   17.3926
 0.438258  0.329773 0.0573348   0.89533 0.0562983 0.0163444   17.3926
 0.467206  0.352165 0.0573348  0.890687 0.0481427 0.0163444   17.1537
 0.467206  0.352165 0.0573348  0.890687 0.0481427 0.0163444   17.1537


underflow!0.00422446
pos  0.440015   0.432633   0.429616   0.767785   0.107563 0.00422446
underflow!0.00315211
pos  0.630017   0.365158   0.199523    0.59087  0.0289231 0.00315211
underflow!0.00495948
pos  0.623931   0.578245  0.0947302   0.775608   0.215337 0.00495948
underflow!0.00493584
pos  0.504149   0.447076    0.30437   0.873252   0.351588 0.00493584
New GBMAT from blind pso!
 0.787489  0.697491   0.77773  0.737252  0.460105  0.345709   3599.73
 0.787489  0.697491   0.77773  0.737252  0.460105  0.345709   3599.73
 0.686423  0.556409 0.0659058  0.752855 0.0824831 0.0305345   21.1462
 0.438258  0.329773 0.0573348   0.89533 0.0562983 0.0163444   17.3926
 0.438258  0.329773 0.0573348   0.89533 0.0562983 0.0163444   17.3926
 0.467206  0.352165 0.0573348  0.890687 0.0481427 0.0163444   17.1537
 0.467206  0.352165 0.0573348  0.890687 0.0481427 0.0163444   17.1537
 0.463831  0.345263 0.0569644  0.856814 0.0349053 0.0161725   16.8364


underflow!0.00308463
pos  0.450097   0.429501   0.125031   0.877587   0.270068 0.00308463
underflow!0.00355893
pos   0.22924   0.327242   0.286971   0.747808   0.362622 0.00355893
