PSO_S_ODE_NonLinear
Using two part PSO Sample Size:5000 with:27 moments.
Using Times:10 20 30 40 50
Bounds for Uniform Distribution (0,1)
Blind PSO --> nParts:200 Nsteps:50
Targeted PSO --> nParts:20 Nsteps:250
sdbeta:0.1
wt:
1 0 0 0 0 0 0 0 0 0 0 0 0 0 0 0 0 0 0 0 0 0 0 0 0 0 0
0 1 0 0 0 0 0 0 0 0 0 0 0 0 0 0 0 0 0 0 0 0 0 0 0 0 0
0 0 1 0 0 0 0 0 0 0 0 0 0 0 0 0 0 0 0 0 0 0 0 0 0 0 0
0 0 0 1 0 0 0 0 0 0 0 0 0 0 0 0 0 0 0 0 0 0 0 0 0 0 0
0 0 0 0 1 0 0 0 0 0 0 0 0 0 0 0 0 0 0 0 0 0 0 0 0 0 0
0 0 0 0 0 1 0 0 0 0 0 0 0 0 0 0 0 0 0 0 0 0 0 0 0 0 0
0 0 0 0 0 0 1 0 0 0 0 0 0 0 0 0 0 0 0 0 0 0 0 0 0 0 0
0 0 0 0 0 0 0 1 0 0 0 0 0 0 0 0 0 0 0 0 0 0 0 0 0 0 0
0 0 0 0 0 0 0 0 1 0 0 0 0 0 0 0 0 0 0 0 0 0 0 0 0 0 0
0 0 0 0 0 0 0 0 0 1 0 0 0 0 0 0 0 0 0 0 0 0 0 0 0 0 0
0 0 0 0 0 0 0 0 0 0 1 0 0 0 0 0 0 0 0 0 0 0 0 0 0 0 0
0 0 0 0 0 0 0 0 0 0 0 1 0 0 0 0 0 0 0 0 0 0 0 0 0 0 0
0 0 0 0 0 0 0 0 0 0 0 0 1 0 0 0 0 0 0 0 0 0 0 0 0 0 0
0 0 0 0 0 0 0 0 0 0 0 0 0 1 0 0 0 0 0 0 0 0 0 0 0 0 0
0 0 0 0 0 0 0 0 0 0 0 0 0 0 1 0 0 0 0 0 0 0 0 0 0 0 0
0 0 0 0 0 0 0 0 0 0 0 0 0 0 0 1 0 0 0 0 0 0 0 0 0 0 0
0 0 0 0 0 0 0 0 0 0 0 0 0 0 0 0 1 0 0 0 0 0 0 0 0 0 0
0 0 0 0 0 0 0 0 0 0 0 0 0 0 0 0 0 1 0 0 0 0 0 0 0 0 0
0 0 0 0 0 0 0 0 0 0 0 0 0 0 0 0 0 0 1 0 0 0 0 0 0 0 0
0 0 0 0 0 0 0 0 0 0 0 0 0 0 0 0 0 0 0 1 0 0 0 0 0 0 0
0 0 0 0 0 0 0 0 0 0 0 0 0 0 0 0 0 0 0 0 1 0 0 0 0 0 0
0 0 0 0 0 0 0 0 0 0 0 0 0 0 0 0 0 0 0 0 0 1 0 0 0 0 0
0 0 0 0 0 0 0 0 0 0 0 0 0 0 0 0 0 0 0 0 0 0 1 0 0 0 0
0 0 0 0 0 0 0 0 0 0 0 0 0 0 0 0 0 0 0 0 0 0 0 1 0 0 0
0 0 0 0 0 0 0 0 0 0 0 0 0 0 0 0 0 0 0 0 0 0 0 0 1 0 0
0 0 0 0 0 0 0 0 0 0 0 0 0 0 0 0 0 0 0 0 0 0 0 0 0 1 0
0 0 0 0 0 0 0 0 0 0 0 0 0 0 0 0 0 0 0 0 0 0 0 0 0 0 1
Reading in data!
Loading in Truk!
Calculating Yt!
Yt: 3.46492  4.40161  2.75861 0.100572  7.26079  2.18088  48.0317  125.139   14.263 0.012484   174.25  9.09834 0.769002   10.354 0.502901  11.6259  9.21973  16.9818 0.146088  142.267   12.413 0.289942  31.5348  11.3386 0.448514 0.238046  23.9897
Xt:    3.518   4.11796   2.83408  0.102731   7.05477   2.24087   47.8572   117.969   14.9839 0.0128403   168.249   9.40059  0.789223   10.2727  0.512931   11.5748   9.12766   17.1938  0.145192   135.308   12.5755  0.302764   32.4804   11.8161  0.460796  0.248051   24.6396
truk cost:748.123
Xt at seedk: 5.07172  4.01149  1.28036 0.551298  5.84315  3.45248  65.4841  94.1538  3.80459 0.406867  123.016  28.5455  6.72361  7.04889  4.19473  17.9672  21.8802  10.1433  1.30554  105.603   24.816 0.876603  14.8245   10.327  2.58901  2.54075  37.6837
Xt at seedk:  5.2529  3.43382  1.09918 0.664729  5.19772  4.09791  67.6294  79.5904  2.88875  0.55858  103.441  40.1879  6.02322  6.43415  4.83328  17.2906  25.2965  7.85039  1.42986  88.8706  27.3624 0.921599  11.6607   10.751  2.91004  3.53645  41.6499
Xt at seedk: 5.28052  3.28409  1.07156 0.687607  5.04326  4.25238  67.8266  75.0517  2.75949 0.586502  97.8224  43.4089  5.90957  6.40015  4.91351  17.2232  25.8316  7.30624  1.46896  83.8269  28.1512 0.937192  11.0029  10.9412  2.99266  3.75643  42.8488
Xt at seedk: 5.28612  3.23864  1.06596 0.693194  4.99779  4.29784  67.8544  73.4463  2.73333   0.5925   95.917  44.4093  5.88543  6.39932  4.92759  17.2123  25.9469  7.14716  1.48306  82.0765  28.4719 0.942232  10.8227   11.017  3.01779  3.81252  43.3014
Xt at seedk: 5.28749  3.22361  1.06459  0.69476  4.98296  4.31268  67.8598  72.8483  2.72687 0.593998  95.2253  44.7413  5.87934  6.39986  4.93072  17.2099  25.9769  7.09595  1.48829  81.4325  28.6072 0.943842  10.7667  11.0454  3.02613  3.82854  43.4812
seedk: 0.122498   0.31811  0.358468  0.781223  0.459701 0.0882775| cost:34028.2
PSO begins!
New GBMAT from blind pso!
 0.122498   0.31811  0.358468  0.781223  0.459701 0.0882775   34028.2
 0.122498   0.31811  0.358468  0.781223  0.459701 0.0882775   34028.2


overflow!
overflow!
overflow!
underflow!0.00085729
pos  0.997626 0.00085729 0.00879651   0.464643   0.313635   0.250029
underflow!0.00333716
pos  0.769573   0.549536   0.196306 0.00333716    0.95446   0.827039
slurmstepd: error: *** JOB 2020473 ON r1pl-hpcf-n21 CANCELLED AT 2021-08-30T21:56:19 ***
Job Statistics for 2020473:
           JobID       User               Start                 End    Elapsed     MaxRSS   TotalCPU      State Exit        NodeList                                  ReqTRES 
---------------- ---------- ------------------- ------------------- ---------- ---------- ---------- ---------- ---- --------------- ---------------------------------------- 
         2020473   rsjxw007 2021-08-30T21:53:33 2021-08-30T21:56:19   00:02:46             02:29.039 CANCELLED+  0:0   r1pl-hpcf-n21        billing=2,cpu=2,mem=15624M,node=1 
   2020473.batch            2021-08-30T21:53:33 2021-08-30T21:56:20   00:02:47      3.23M  02:29.037  CANCELLED 0:15   r1pl-hpcf-n21                                          
  2020473.extern            2021-08-30T21:53:33 2021-08-30T21:56:19   00:02:46          0  00:00.001  COMPLETED  0:0   r1pl-hpcf-n21                                          
CPU Efficiency: 44.88% of 00:05:32 core-walltime
