PSO_S_ODE_NonLinear
first weight
1 0 0 0 0 0 0 0 0 0 0 0 0 0 0 0 0 0 0 0 0 0 0 0 0 0 0
0 1 0 0 0 0 0 0 0 0 0 0 0 0 0 0 0 0 0 0 0 0 0 0 0 0 0
0 0 1 0 0 0 0 0 0 0 0 0 0 0 0 0 0 0 0 0 0 0 0 0 0 0 0
0 0 0 1 0 0 0 0 0 0 0 0 0 0 0 0 0 0 0 0 0 0 0 0 0 0 0
0 0 0 0 1 0 0 0 0 0 0 0 0 0 0 0 0 0 0 0 0 0 0 0 0 0 0
0 0 0 0 0 1 0 0 0 0 0 0 0 0 0 0 0 0 0 0 0 0 0 0 0 0 0
0 0 0 0 0 0 1 0 0 0 0 0 0 0 0 0 0 0 0 0 0 0 0 0 0 0 0
0 0 0 0 0 0 0 1 0 0 0 0 0 0 0 0 0 0 0 0 0 0 0 0 0 0 0
0 0 0 0 0 0 0 0 1 0 0 0 0 0 0 0 0 0 0 0 0 0 0 0 0 0 0
0 0 0 0 0 0 0 0 0 1 0 0 0 0 0 0 0 0 0 0 0 0 0 0 0 0 0
0 0 0 0 0 0 0 0 0 0 1 0 0 0 0 0 0 0 0 0 0 0 0 0 0 0 0
0 0 0 0 0 0 0 0 0 0 0 1 0 0 0 0 0 0 0 0 0 0 0 0 0 0 0
0 0 0 0 0 0 0 0 0 0 0 0 1 0 0 0 0 0 0 0 0 0 0 0 0 0 0
0 0 0 0 0 0 0 0 0 0 0 0 0 1 0 0 0 0 0 0 0 0 0 0 0 0 0
0 0 0 0 0 0 0 0 0 0 0 0 0 0 1 0 0 0 0 0 0 0 0 0 0 0 0
0 0 0 0 0 0 0 0 0 0 0 0 0 0 0 1 0 0 0 0 0 0 0 0 0 0 0
0 0 0 0 0 0 0 0 0 0 0 0 0 0 0 0 1 0 0 0 0 0 0 0 0 0 0
0 0 0 0 0 0 0 0 0 0 0 0 0 0 0 0 0 1 0 0 0 0 0 0 0 0 0
0 0 0 0 0 0 0 0 0 0 0 0 0 0 0 0 0 0 1 0 0 0 0 0 0 0 0
0 0 0 0 0 0 0 0 0 0 0 0 0 0 0 0 0 0 0 1 0 0 0 0 0 0 0
0 0 0 0 0 0 0 0 0 0 0 0 0 0 0 0 0 0 0 0 1 0 0 0 0 0 0
0 0 0 0 0 0 0 0 0 0 0 0 0 0 0 0 0 0 0 0 0 1 0 0 0 0 0
0 0 0 0 0 0 0 0 0 0 0 0 0 0 0 0 0 0 0 0 0 0 1 0 0 0 0
0 0 0 0 0 0 0 0 0 0 0 0 0 0 0 0 0 0 0 0 0 0 0 1 0 0 0
0 0 0 0 0 0 0 0 0 0 0 0 0 0 0 0 0 0 0 0 0 0 0 0 1 0 0
0 0 0 0 0 0 0 0 0 0 0 0 0 0 0 0 0 0 0 0 0 0 0 0 0 1 0
0 0 0 0 0 0 0 0 0 0 0 0 0 0 0 0 0 0 0 0 0 0 0 0 0 0 1
Using two part PSO Sample Size:5000 with:27 moments.
Using Times:30
Bounds for Uniform Distribution (0,1)
Blind PSO --> nParts:25 Nsteps:50
Targeted PSO --> nParts:10 Nsteps:1000
sdbeta:0.1
Reading in data!
Using starting row of data:0 and 5000 data pts!
first row X0: 8.83545  7.57343 0.396305  8.83545  7.57343 0.396305
final row X0:1.63756  4.1577 4.69516 1.63756  4.1577 4.69516



Loading in Truk!
Calculating Yt!
truk cost:152.894
seedk: 0.967317  0.237969  0.103199  0.896801   0.05516 0.0722394| cost:144.579
PSO begins!
GBMAT from blind PSO:

 0.967317  0.237969  0.103199  0.896801   0.05516 0.0722394   144.579
 0.967317  0.237969  0.103199  0.896801   0.05516 0.0722394   144.579
 0.458616  0.572355  0.103199  0.896801   0.05516 0.0722394   40.9877
 0.458616  0.572355  0.103199  0.896801   0.05516 0.0722394   40.9877
 0.458616  0.572355  0.103199  0.896801   0.05516 0.0722394   40.9877
 0.355118  0.405432  0.103199  0.896801   0.05516 0.0722394   40.9792
 0.409095  0.489858  0.103199  0.896801   0.05516 0.0722394   40.9726
 0.409095  0.489858  0.103199  0.896801   0.05516 0.0722394   40.9726
 0.409095  0.489858  0.103199  0.896801   0.05516 0.0722394   40.9726
 0.374193  0.444021  0.103199  0.896801   0.05516 0.0722394   40.9222
 0.320203  0.375091  0.103199  0.896801   0.05516 0.0722394   40.8977
 0.320203  0.375091  0.103199  0.896801   0.05516 0.0722394   40.8977
 0.343439  0.398078  0.103199  0.896801   0.05516 0.0722394    40.892
 0.322055  0.375135  0.103199  0.896801   0.05516 0.0722394   40.8786
 0.322055  0.375135  0.103199  0.896801   0.05516 0.0722394   40.8786
 0.322437  0.371123  0.103199  0.896801   0.05516 0.0722394   40.8621
 0.322437  0.371123  0.103199  0.896801   0.05516 0.0722394   40.8621
 0.322437  0.371123  0.103199  0.896801   0.05516 0.0722394   40.8621
 0.322437  0.371123  0.103199  0.896801   0.05516 0.0722394   40.8621
 0.478379  0.488794 0.0997207  0.899073 0.0617995 0.0719722   31.2399
 0.478379  0.488794 0.0997207  0.899073 0.0617995 0.0719722   31.2399
 0.478379  0.488794 0.0997207  0.899073 0.0617995 0.0719722   31.2399
 0.491158  0.491565 0.0997207  0.899073 0.0617995 0.0719722   31.1893
 0.491158  0.491565 0.0997207  0.899073 0.0617995 0.0719722   31.1893
 0.491158  0.491565 0.0997207  0.899073 0.0617995 0.0719722   31.1893
 0.491158  0.491565 0.0997207  0.899073 0.0617995 0.0719722   31.1893
 0.489666  0.488431 0.0997207  0.899073 0.0617995 0.0719722   31.1881
 0.489666  0.488431 0.0997207  0.899073 0.0617995 0.0719722   31.1881
 0.489666  0.488431 0.0997207  0.899073 0.0617995 0.0719722   31.1881
 0.489666  0.488431 0.0997207  0.899073 0.0617995 0.0719722   31.1881
 0.489666  0.488431 0.0997207  0.899073 0.0617995 0.0719722   31.1881
 0.482309  0.441989 0.0911353  0.892332 0.0531771 0.0652434   26.1297
 0.482309  0.441989 0.0911353  0.892332 0.0531771 0.0652434   26.1297
 0.475126  0.395436 0.0911353  0.892332 0.0531771 0.0652434   25.9371
 0.475126  0.395436 0.0911353  0.892332 0.0531771 0.0652434   25.9371
 0.465041  0.390985 0.0911353  0.892332 0.0531771 0.0652434   25.8979
 0.465041  0.390985 0.0911353  0.892332 0.0531771 0.0652434   25.8979
 0.465041  0.390985 0.0911353  0.892332 0.0531771 0.0652434   25.8979
 0.452218  0.387536 0.0911469  0.892341 0.0531885 0.0652524   25.8944
 0.453587  0.385377 0.0911418  0.892337 0.0531835 0.0652484   25.8853
 0.453587  0.385377 0.0911418  0.892337 0.0531835 0.0652484   25.8853
 0.453587  0.385377 0.0911418  0.892337 0.0531835 0.0652484   25.8853
 0.429473  0.360543 0.0911511  0.892344  0.053192 0.0652555   25.8767
 0.419877  0.350151 0.0911519  0.892345 0.0531931 0.0652562   25.8704
 0.416806  0.346706 0.0911502  0.892343 0.0531915 0.0652549   25.8671
 0.416806  0.346706 0.0911502  0.892343 0.0531915 0.0652549   25.8671
 0.415541   0.34314 0.0911502  0.892343 0.0531915 0.0652549   25.8668
 0.415541   0.34314 0.0911502  0.892343 0.0531915 0.0652549   25.8668
 0.452917   0.32498  0.079811  0.859614 0.0444991 0.0548191   21.4361
 0.452917   0.32498  0.079811  0.859614 0.0444991 0.0548191   21.4361
 0.454554  0.329011  0.079811  0.859614 0.0444991 0.0548191    21.419

truk:  0.515996 0.0603199  0.103199  0.896801   0.05516 0.0722394
total difference b/w truk and final GBVEC0.0783171

blind PSO FINISHED RUNNING IN 173 s TIME!
targeted PSO has started!
Updating Weight Matrix!
GBVEC AND COST: 0.454554  0.329011  0.079811  0.859614 0.0444991 0.0548191    21.419
New PBMAT:
  0.500002   0.300376  0.0750216   0.878475 0.00633894  0.0323863    2.67423
  0.523301    0.36539   0.286931   0.823686  0.0174169  0.0688679    13.2576
  0.463611   0.357759   0.114032   0.831144 0.00193531  0.0242625    1.90314
  0.431309     0.2219  0.0432916   0.937007  0.0293746   0.019476    3.17806
  0.442809    0.29715   0.120432   0.874027  0.0475161    0.01417    14.1196
  0.478138   0.328844   0.159188   0.885246  0.0164496  0.0282896    2.33715
  0.479057   0.308366  0.0960316   0.805562   0.117887  0.0334894    19.3331
  0.492872   0.355434  0.0605899   0.836181  0.0444255  0.0321089    1.33639
  0.455609   0.371089  0.0422191   0.854709  0.0300843    0.12177    5.67427
  0.401129   0.456286  0.0960323   0.816977 0.00910282  0.0705817    2.97005

Updating Weight Matrix!
GBVEC AND COST: 0.561776  0.119547 0.0577589  0.885391 0.0595298 0.0172191  0.101393
Updating Weight Matrix!
GBVEC AND COST: 0.292599 0.0561588 0.0506228  0.895868 0.0794768 0.0158132 0.0233693
