PSO_S_ODE_NonLinear
Using two part PSO Sample Size:5000 with:27 moments.
Using Times:10 30 50
Bounds for Uniform Distribution (0,1)
Blind PSO --> nParts:1000 Nsteps:40
Targeted PSO --> nParts:50 Nsteps:10
sdbeta:0.1
wt:
1 0 0 0 0 0 0 0 0 0 0 0 0 0 0 0 0 0 0 0 0 0 0 0 0 0 0
0 1 0 0 0 0 0 0 0 0 0 0 0 0 0 0 0 0 0 0 0 0 0 0 0 0 0
0 0 1 0 0 0 0 0 0 0 0 0 0 0 0 0 0 0 0 0 0 0 0 0 0 0 0
0 0 0 1 0 0 0 0 0 0 0 0 0 0 0 0 0 0 0 0 0 0 0 0 0 0 0
0 0 0 0 1 0 0 0 0 0 0 0 0 0 0 0 0 0 0 0 0 0 0 0 0 0 0
0 0 0 0 0 1 0 0 0 0 0 0 0 0 0 0 0 0 0 0 0 0 0 0 0 0 0
0 0 0 0 0 0 1 0 0 0 0 0 0 0 0 0 0 0 0 0 0 0 0 0 0 0 0
0 0 0 0 0 0 0 1 0 0 0 0 0 0 0 0 0 0 0 0 0 0 0 0 0 0 0
0 0 0 0 0 0 0 0 1 0 0 0 0 0 0 0 0 0 0 0 0 0 0 0 0 0 0
0 0 0 0 0 0 0 0 0 1 0 0 0 0 0 0 0 0 0 0 0 0 0 0 0 0 0
0 0 0 0 0 0 0 0 0 0 1 0 0 0 0 0 0 0 0 0 0 0 0 0 0 0 0
0 0 0 0 0 0 0 0 0 0 0 1 0 0 0 0 0 0 0 0 0 0 0 0 0 0 0
0 0 0 0 0 0 0 0 0 0 0 0 1 0 0 0 0 0 0 0 0 0 0 0 0 0 0
0 0 0 0 0 0 0 0 0 0 0 0 0 1 0 0 0 0 0 0 0 0 0 0 0 0 0
0 0 0 0 0 0 0 0 0 0 0 0 0 0 1 0 0 0 0 0 0 0 0 0 0 0 0
0 0 0 0 0 0 0 0 0 0 0 0 0 0 0 1 0 0 0 0 0 0 0 0 0 0 0
0 0 0 0 0 0 0 0 0 0 0 0 0 0 0 0 1 0 0 0 0 0 0 0 0 0 0
0 0 0 0 0 0 0 0 0 0 0 0 0 0 0 0 0 1 0 0 0 0 0 0 0 0 0
0 0 0 0 0 0 0 0 0 0 0 0 0 0 0 0 0 0 1 0 0 0 0 0 0 0 0
0 0 0 0 0 0 0 0 0 0 0 0 0 0 0 0 0 0 0 1 0 0 0 0 0 0 0
0 0 0 0 0 0 0 0 0 0 0 0 0 0 0 0 0 0 0 0 1 0 0 0 0 0 0
0 0 0 0 0 0 0 0 0 0 0 0 0 0 0 0 0 0 0 0 0 1 0 0 0 0 0
0 0 0 0 0 0 0 0 0 0 0 0 0 0 0 0 0 0 0 0 0 0 1 0 0 0 0
0 0 0 0 0 0 0 0 0 0 0 0 0 0 0 0 0 0 0 0 0 0 0 1 0 0 0
0 0 0 0 0 0 0 0 0 0 0 0 0 0 0 0 0 0 0 0 0 0 0 0 1 0 0
0 0 0 0 0 0 0 0 0 0 0 0 0 0 0 0 0 0 0 0 0 0 0 0 0 1 0
0 0 0 0 0 0 0 0 0 0 0 0 0 0 0 0 0 0 0 0 0 0 0 0 0 0 1
mu: 80 120  85
covarMat:
 50   0   0
  0 100   0
  0   0  50

Yt:  11.1758   11.7845   7.49479  0.351489   19.6307   8.69427   153.659   341.531   35.6202 0.0498743   466.398   49.4188    2.2623   29.8646   1.80585   33.9327   36.7898   43.2544  0.440151   385.226   47.3354  0.903726   79.7783   40.6561   1.39375   1.09222   89.0838
seedk:0.753147 0.702116 0.896062 0.124507 0.529879 0.765262| cost:12831.7
Xt:14.3752 10.5614 4.68109 7.16976 22.4123 5.47463 185.046 302.236 19.4248 21.6312 486.316 26.6047 9.93206 22.8443 41.0104 73.7867 26.7425 36.1767 19.2021 357.615 42.3235 16.1329 71.7345  22.733 56.9662 18.8769 83.9335
PSO begins!
New GBMAT from blind pso!
0.753147 0.702116 0.896062 0.124507 0.529879 0.765262  12831.7
0.753147 0.702116 0.896062 0.124507 0.529879 0.765262  12831.7


underflow!0.00145855
pos  0.340421   0.504982   0.560394 0.00145855   0.314661   0.239189
overflow!
overflow!
underflow!0.000321104
pos   0.961783    0.586999   0.0798109    0.328026 0.000321104    0.862597
underflow!0.00330616
pos  0.679089 0.00330616   0.259519   0.347156   0.937008  0.0401184
underflow!0.000966649
pos   0.558663 0.000966649   0.0915104     0.91871    0.367026    0.276238
overflow!
overflow!
underflow!0.00469534
pos0.00469534  0.0386594   0.648234     0.6341   0.241053    0.52155
overflow!
overflow!
overflow!
overflow!
underflow!0.00308562
pos  0.430914 0.00308562   0.967538   0.956863   0.788822   0.945185
underflow!0.000399973
pos   0.702048    0.459906    0.465692    0.891856    0.707641 0.000399973
underflow!0.00117166
pos  0.413688 0.00117166   0.651977   0.958926   0.564133   0.230069
overflow!
underflow!0.00250939
pos  0.292388   0.190428   0.701048   0.525225   0.377215 0.00250939
underflow!0.00127817
pos  0.726541 0.00127817   0.492739   0.764784   0.560404   0.562375
overflow!
underflow!0.00416959
pos  0.907928   0.377112 0.00416959   0.419496   0.789027   0.146783
underflow!0.00168971
pos  0.400212   0.797316    0.11613 0.00168971   0.292767   0.516596
overflow!
underflow!0.00274582
pos  0.100677   0.998369   0.124196   0.393613 0.00274582   0.810035
New GBMAT from blind pso!
0.753147 0.702116 0.896062 0.124507 0.529879 0.765262  12831.7
0.753147 0.702116 0.896062 0.124507 0.529879 0.765262  12831.7
0.838752 0.663027 0.150782 0.657307 0.182815  0.13301  396.498


