PSO_S_ODE_NonLinear
first weight
  0.0132806           0           0           0           0           0           0           0           0           0           0           0           0           0           0           0           0           0           0           0           0           0           0           0           0           0           0
          0  0.00535845           0           0           0           0           0           0           0           0           0           0           0           0           0           0           0           0           0           0           0           0           0           0           0           0           0
          0           0   0.0947495           0           0           0           0           0           0           0           0           0           0           0           0           0           0           0           0           0           0           0           0           0           0           0           0
          0           0           0     173.388           0           0           0           0           0           0           0           0           0           0           0           0           0           0           0           0           0           0           0           0           0           0           0
          0           0           0           0  0.00464773           0           0           0           0           0           0           0           0           0           0           0           0           0           0           0           0           0           0           0           0           0           0
          0           0           0           0           0   0.0490414           0           0           0           0           0           0           0           0           0           0           0           0           0           0           0           0           0           0           0           0           0
          0           0           0           0           0           0 7.19843e-06           0           0           0           0           0           0           0           0           0           0           0           0           0           0           0           0           0           0           0           0
          0           0           0           0           0           0           0 5.66226e-07           0           0           0           0           0           0           0           0           0           0           0           0           0           0           0           0           0           0           0
          0           0           0           0           0           0           0           0 0.000497404           0           0           0           0           0           0           0           0           0           0           0           0           0           0           0           0           0           0
          0           0           0           0           0           0           0           0           0     3781.94           0           0           0           0           0           0           0           0           0           0           0           0           0           0           0           0           0
          0           0           0           0           0           0           0           0           0           0 4.85282e-07           0           0           0           0           0           0           0           0           0           0           0           0           0           0           0           0
          0           0           0           0           0           0           0           0           0           0           0 0.000135135           0           0           0           0           0           0           0           0           0           0           0           0           0           0           0
          0           0           0           0           0           0           0           0           0           0           0           0    0.965551           0           0           0           0           0           0           0           0           0           0           0           0           0           0
          0           0           0           0           0           0           0           0           0           0           0           0           0 0.000604135           0           0           0           0           0           0           0           0           0           0           0           0           0
          0           0           0           0           0           0           0           0           0           0           0           0           0           0    0.407301           0           0           0           0           0           0           0           0           0           0           0           0
          0           0           0           0           0           0           0           0           0           0           0           0           0           0           0 0.000560613           0           0           0           0           0           0           0           0           0           0           0
          0           0           0           0           0           0           0           0           0           0           0           0           0           0           0           0 0.000297539           0           0           0           0           0           0           0           0           0           0
          0           0           0           0           0           0           0           0           0           0           0           0           0           0           0           0           0 0.000182652           0           0           0           0           0           0           0           0           0
          0           0           0           0           0           0           0           0           0           0           0           0           0           0           0           0           0           0     9.77442           0           0           0           0           0           0           0           0
          0           0           0           0           0           0           0           0           0           0           0           0           0           0           0           0           0           0           0 5.26265e-07           0           0           0           0           0           0           0
          0           0           0           0           0           0           0           0           0           0           0           0           0           0           0           0           0           0           0           0 9.94073e-05           0           0           0           0           0           0
          0           0           0           0           0           0           0           0           0           0           0           0           0           0           0           0           0           0           0           0           0     3.59849           0           0           0           0           0
          0           0           0           0           0           0           0           0           0           0           0           0           0           0           0           0           0           0           0           0           0           0 9.88449e-05           0           0           0           0
          0           0           0           0           0           0           0           0           0           0           0           0           0           0           0           0           0           0           0           0           0           0           0 0.000259689           0           0           0
          0           0           0           0           0           0           0           0           0           0           0           0           0           0           0           0           0           0           0           0           0           0           0           0     2.39796           0           0
          0           0           0           0           0           0           0           0           0           0           0           0           0           0           0           0           0           0           0           0           0           0           0           0           0     1.80808           0
          0           0           0           0           0           0           0           0           0           0           0           0           0           0           0           0           0           0           0           0           0           0           0           0           0           0 5.34029e-05
Using two part PSO Sample Size:5000 with:27 moments.
Using Times:30
Bounds for Uniform Distribution (0,1)
Blind PSO --> nParts:5000 Nsteps:10
Targeted PSO --> nParts:10 Nsteps:400
sdbeta:0.1
Reading in data!
Using starting row of data:0 and 5000 data pts!
first row X0: 8.83545  7.57343 0.396305  8.83545  7.57343 0.396305
final row X0:1.63756  4.1577 4.69516 1.63756  4.1577 4.69516



Loading in Truk!
Calculating Yt!
truk cost:0.00715111
seedk: 0.833965  0.697503  0.103199  0.896801   0.05516 0.0722394| cost:2.10959
PSO begins!
overflow!
underflow!0.0044206
pos0.0044206  0.297556  0.103199  0.896801   0.05516 0.0722394
overflow!
overflow!
overflow!
overflow!
overflow!
underflow!0.00460721
pos0.00460721   0.241575   0.103199   0.896801    0.05516  0.0722394
overflow!
overflow!
overflow!
underflow!0.00162793
pos0.00162793 0.00965275   0.103199   0.896801    0.05516  0.0722394
overflow!
underflow!0.00150872
pos0.00150872   0.461066   0.103199   0.896801    0.05516  0.0722394
underflow!0.00401028
pos0.00401028   0.983077   0.103199   0.896801    0.05516  0.0722394
overflow!
underflow!0.00403449
pos0.00403449   0.299002   0.103199   0.896801    0.05516  0.0722394
overflow!
overflow!
underflow!0.00154001
pos  0.341256 0.00154001   0.103199   0.896801    0.05516  0.0722394
underflow!0.00321759
pos0.00321759   0.868177   0.103199   0.896801    0.05516  0.0722394
underflow!0.00334416
pos0.00334416   0.465924   0.103199   0.896801    0.05516  0.0722394
underflow!0.00129984
pos0.00129984   0.569913   0.103199   0.896801    0.05516  0.0722394
overflow!
underflow!0.00197804
pos  0.616387 0.00197804   0.103199   0.896801    0.05516  0.0722394
underflow!0.00173026
pos   0.21141 0.00173026   0.103199   0.896801    0.05516  0.0722394
overflow!
overflow!
overflow!
underflow!0.00108225
pos  0.619052 0.00108225   0.103199   0.896801    0.05516  0.0722394
overflow!
underflow!0.00413916
pos0.00413916   0.303945   0.103199   0.896801    0.05516  0.0722394
overflow!
overflow!
underflow!0.000857046
pos0.000857046    0.651824    0.103199    0.896801     0.05516   0.0722394
underflow!0.00130881
pos  0.350829 0.00130881   0.103199   0.896801    0.05516  0.0722394
underflow!0.00281229
pos0.00281229   0.702095   0.103199   0.896801    0.05516  0.0722394
underflow!0.00410343
pos   0.34939 0.00410343   0.103199   0.896801    0.05516  0.0722394
overflow!
overflow!
underflow!0.00464862
pos  0.916328 0.00464862   0.103199   0.896801    0.05516  0.0722394
underflow!0.00115717
pos  0.945898 0.00115717   0.103199   0.896801    0.05516  0.0722394
overflow!
underflow!0.00304412
pos     0.512 0.00304412   0.103199   0.896801    0.05516  0.0722394
overflow!
overflow!
overflow!
underflow!0.00163604
pos0.00163604    0.59748   0.103199   0.896801    0.05516  0.0722394
overflow!
overflow!
underflow!0.00225578
pos  0.704203 0.00225578   0.103199   0.896801    0.05516  0.0722394
underflow!0.00457751
pos0.00457751    0.16195   0.103199   0.896801    0.05516  0.0722394
overflow!
underflow!0.00424303
pos0.00424303    0.15881   0.103199   0.896801    0.05516  0.0722394
underflow!0.0027702
pos0.0027702  0.693464  0.103199  0.896801   0.05516 0.0722394
underflow!0.0047282
pos0.0676373 0.0047282  0.103199  0.896801   0.05516 0.0722394
underflow!0.00313502
pos  0.674477 0.00313502   0.103199   0.896801    0.05516  0.0722394
underflow!0.00256091
pos0.00256091   0.178878   0.103199   0.896801    0.05516  0.0722394
overflow!
overflow!
underflow!0.000570299
pos0.000570299    0.977195    0.103199    0.896801     0.05516   0.0722394
overflow!
overflow!
overflow!
underflow!0.0020651
pos 0.789585 0.0020651  0.103199  0.896801   0.05516 0.0722394
underflow!0.00131562
pos0.00131562   0.150226   0.103199   0.896801    0.05516  0.0722394
underflow!0.00376681
pos  0.878759 0.00376681   0.103199   0.896801    0.05516  0.0722394
underflow!0.00294276
pos  0.424374 0.00294276   0.103199   0.896801    0.05516  0.0722394
overflow!
overflow!
overflow!
underflow!0.00363563
pos  0.572333 0.00363563   0.103199   0.896801    0.05516  0.0722394
underflow!0.00204391
pos0.00204391   0.961288   0.103199   0.896801    0.05516  0.0722394
underflow!0.00229604
pos0.00229604   0.112748   0.103199   0.896801    0.05516  0.0722394
underflow!0.00255483
pos0.00255483   0.453782   0.103199   0.896801    0.05516  0.0722394
underflow!0.00483055
pos0.00483055   0.983052   0.103199   0.896801    0.05516  0.0722394
underflow!0.000716547
pos   0.811447 0.000716547    0.103199    0.896801     0.05516   0.0722394
underflow!0.00209418
pos  0.398126 0.00209418   0.103199   0.896801    0.05516  0.0722394
overflow!
overflow!
overflow!
overflow!
underflow!0.00273598
pos  0.685782 0.00273598   0.103199   0.896801    0.05516  0.0722394
underflow!0.00364066
pos  0.123278 0.00364066   0.103199   0.896801    0.05516  0.0722394
underflow!0.00497544
pos  0.844201 0.00497544   0.103199   0.896801    0.05516  0.0722394
overflow!
underflow!0.00170016
pos0.00170016   0.528776   0.103199   0.896801    0.05516  0.0722394
underflow!0.00329757
pos  0.879858 0.00329757   0.103199   0.896801    0.05516  0.0722394
overflow!
underflow!0.000850792
pos   0.276827 0.000850792    0.103199    0.896801     0.05516   0.0722394
underflow!0.00396935
pos  0.937246 0.00396935   0.103199   0.896801    0.05516  0.0722394
underflow!0.00040487
pos  0.641258 0.00040487   0.103199   0.896801    0.05516  0.0722394
underflow!0.00134734
pos0.00134734   0.984663   0.103199   0.896801    0.05516  0.0722394
overflow!
overflow!
overflow!
overflow!
overflow!
overflow!
overflow!
underflow!0.00156649
pos0.00156649     0.1009   0.103199   0.896801    0.05516  0.0722394
underflow!0.00308645
pos0.00308645   0.219539   0.103199   0.896801    0.05516  0.0722394
overflow!
overflow!
overflow!
overflow!
overflow!
overflow!
overflow!
overflow!
overflow!
overflow!
overflow!
GBMAT from blind PSO:

  0.833965   0.697503   0.103199   0.896801    0.05516  0.0722394    2.10959
  0.833965   0.697503   0.103199   0.896801    0.05516  0.0722394    2.10959
  0.896789   0.183637   0.103199   0.896801    0.05516  0.0722394 0.00694728
  0.957125   0.202754   0.103199   0.896801    0.05516  0.0722394 0.00693603
  0.974611   0.207136   0.103199   0.896801    0.05516  0.0722394 0.00692855
  0.900166   0.178369   0.102402   0.894369  0.0530634  0.0715803 0.00339393
  0.900166   0.178369   0.102402   0.894369  0.0530634  0.0715803 0.00339393
  0.899718   0.177853   0.102228   0.894739  0.0531135  0.0717248 0.00318644
  0.898981   0.176705   0.102171   0.895062  0.0530692  0.0717716 0.00313693
   0.88274   0.172384   0.101182   0.884696  0.0526167  0.0714386 0.00298407
  0.883027   0.172045     0.1012   0.884778  0.0526063   0.071454 0.00298377

truk:  0.515996 0.0603199  0.103199  0.896801   0.05516 0.0722394
total difference b/w truk and final GBVEC0.14735

blind PSO FINISHED RUNNING IN 7287 s TIME!
targeted PSO has started!
Updating Weight Matrix!
GBVEC AND COST:  0.883027   0.172045     0.1012   0.884778  0.0526063   0.071454 0.00298377
New PBMAT:
 0.889238  0.171777 0.0277974  0.912343  0.123445 0.0880806   3.32018
 0.862686  0.165378 0.0966713  0.889612 0.0409498 0.0963351  0.420223
 0.825534    0.1623 0.0540224  0.867666  0.124199 0.0242691   1.25273
 0.962764  0.158461  0.056991  0.783798  0.131923  0.160566   1.46881
 0.887492  0.128772 0.0591301  0.887479   0.10648 0.0526135  0.120593
  0.89784   0.18686 0.0446063  0.815913    0.1043 0.0526087  0.704129
 0.757843  0.135633 0.0829379  0.873748 0.0388177 0.0384868  0.157845
  0.86479  0.134757 0.0656795  0.846665  0.020545 0.0842013   1.90487
 0.931248   0.13578 0.0612528  0.919376  0.040589  0.058313   1.41602
 0.840492  0.239648  0.117983  0.835401  0.104875  0.026085   51.7134

Updating Weight Matrix!
GBVEC AND COST:  0.911269    0.18152  0.0996223   0.883454   0.054265  0.0710857 0.00288958
Updating Weight Matrix!
GBVEC AND COST:  0.916216   0.182696  0.0995592   0.883035  0.0541736  0.0708923 0.00287505
Updating Weight Matrix!
GBVEC AND COST:  0.857246   0.164927  0.0995489   0.883035  0.0541592  0.0708932 0.00287341
Updating Weight Matrix!
GBVEC AND COST:  0.851641   0.163275  0.0993952   0.883089  0.0541605  0.0706617 0.00286541
GBMAT after targeted PSO:
  0.833965   0.697503   0.103199   0.896801    0.05516  0.0722394    2.10959
  0.833965   0.697503   0.103199   0.896801    0.05516  0.0722394    2.10959
  0.896789   0.183637   0.103199   0.896801    0.05516  0.0722394 0.00694728
  0.957125   0.202754   0.103199   0.896801    0.05516  0.0722394 0.00693603
  0.974611   0.207136   0.103199   0.896801    0.05516  0.0722394 0.00692855
  0.900166   0.178369   0.102402   0.894369  0.0530634  0.0715803 0.00339393
  0.900166   0.178369   0.102402   0.894369  0.0530634  0.0715803 0.00339393
  0.899718   0.177853   0.102228   0.894739  0.0531135  0.0717248 0.00318644
  0.898981   0.176705   0.102171   0.895062  0.0530692  0.0717716 0.00313693
   0.88274   0.172384   0.101182   0.884696  0.0526167  0.0714386 0.00298407
  0.883027   0.172045     0.1012   0.884778  0.0526063   0.071454 0.00298377
  0.883027   0.172045     0.1012   0.884778  0.0526063   0.071454 0.00301677
  0.883027   0.172045     0.1012   0.884778  0.0526063   0.071454 0.00301677
  0.883027   0.172045     0.1012   0.884778  0.0526063   0.071454 0.00301677
  0.883027   0.172045     0.1012   0.884778  0.0526063   0.071454 0.00301677
  0.883027   0.172045     0.1012   0.884778  0.0526063   0.071454 0.00301677
  0.883027   0.172045     0.1012   0.884778  0.0526063   0.071454 0.00301677
  0.883027   0.172045     0.1012   0.884778  0.0526063   0.071454 0.00301677
  0.883027   0.172045     0.1012   0.884778  0.0526063   0.071454 0.00301677
  0.883027   0.172045     0.1012   0.884778  0.0526063   0.071454 0.00301677
  0.883027   0.172045     0.1012   0.884778  0.0526063   0.071454 0.00301677
  0.883027   0.172045     0.1012   0.884778  0.0526063   0.071454 0.00301677
  0.883027   0.172045     0.1012   0.884778  0.0526063   0.071454 0.00301677
  0.883027   0.172045     0.1012   0.884778  0.0526063   0.071454 0.00301677
  0.883027   0.172045     0.1012   0.884778  0.0526063   0.071454 0.00301677
  0.883027   0.172045     0.1012   0.884778  0.0526063   0.071454 0.00301677
  0.883027   0.172045     0.1012   0.884778  0.0526063   0.071454 0.00301677
  0.883027   0.172045     0.1012   0.884778  0.0526063   0.071454 0.00301677
  0.883027   0.172045     0.1012   0.884778  0.0526063   0.071454 0.00301677
  0.883027   0.172045     0.1012   0.884778  0.0526063   0.071454 0.00301677
  0.883027   0.172045     0.1012   0.884778  0.0526063   0.071454 0.00301677
  0.883027   0.172045     0.1012   0.884778  0.0526063   0.071454 0.00301677
  0.883027   0.172045     0.1012   0.884778  0.0526063   0.071454 0.00301677
  0.883027   0.172045     0.1012   0.884778  0.0526063   0.071454 0.00301677
  0.883027   0.172045     0.1012   0.884778  0.0526063   0.071454 0.00301677
  0.883027   0.172045     0.1012   0.884778  0.0526063   0.071454 0.00301677
  0.883027   0.172045     0.1012   0.884778  0.0526063   0.071454 0.00301677
  0.883027   0.172045     0.1012   0.884778  0.0526063   0.071454 0.00301677
  0.883027   0.172045     0.1012   0.884778  0.0526063   0.071454 0.00301677
  0.864057   0.165415   0.100583    0.88501  0.0532023  0.0715939 0.00296803
  0.864057   0.165415   0.100583    0.88501  0.0532023  0.0715939 0.00296803
  0.864057   0.165415   0.100583    0.88501  0.0532023  0.0715939 0.00296803
  0.864057   0.165415   0.100583    0.88501  0.0532023  0.0715939 0.00296803
  0.864057   0.165415   0.100583    0.88501  0.0532023  0.0715939 0.00296803
  0.864057   0.165415   0.100583    0.88501  0.0532023  0.0715939 0.00296803
  0.864057   0.165415   0.100583    0.88501  0.0532023  0.0715939 0.00296803
  0.864057   0.165415   0.100583    0.88501  0.0532023  0.0715939 0.00296803
  0.864057   0.165415   0.100583    0.88501  0.0532023  0.0715939 0.00296803
  0.864057   0.165415   0.100583    0.88501  0.0532023  0.0715939 0.00296803
  0.864057   0.165415   0.100583    0.88501  0.0532023  0.0715939 0.00296803
  0.864057   0.165415   0.100583    0.88501  0.0532023  0.0715939 0.00296803
  0.864057   0.165415   0.100583    0.88501  0.0532023  0.0715939 0.00296803
  0.893794    0.17588  0.0988859   0.882749  0.0547458  0.0709599 0.00296172
  0.893794    0.17588  0.0988859   0.882749  0.0547458  0.0709599 0.00296172
  0.893794    0.17588  0.0988859   0.882749  0.0547458  0.0709599 0.00296172
  0.893794    0.17588  0.0988859   0.882749  0.0547458  0.0709599 0.00296172
  0.893794    0.17588  0.0988859   0.882749  0.0547458  0.0709599 0.00296172
  0.893794    0.17588  0.0988859   0.882749  0.0547458  0.0709599 0.00296172
  0.893794    0.17588  0.0988859   0.882749  0.0547458  0.0709599 0.00296172
  0.911269    0.18152  0.0996223   0.883454   0.054265  0.0710857 0.00288958
  0.911269    0.18152  0.0996223   0.883454   0.054265  0.0710857 0.00288958
  0.911269    0.18152  0.0996223   0.883454   0.054265  0.0710857 0.00288958
  0.911269    0.18152  0.0996223   0.883454   0.054265  0.0710857 0.00288958
  0.911269    0.18152  0.0996223   0.883454   0.054265  0.0710857 0.00288958
  0.911269    0.18152  0.0996223   0.883454   0.054265  0.0710857 0.00288958
  0.911269    0.18152  0.0996223   0.883454   0.054265  0.0710857 0.00288958
  0.911269    0.18152  0.0996223   0.883454   0.054265  0.0710857 0.00288958
  0.911269    0.18152  0.0996223   0.883454   0.054265  0.0710857 0.00288958
  0.911269    0.18152  0.0996223   0.883454   0.054265  0.0710857 0.00288958
  0.911269    0.18152  0.0996223   0.883454   0.054265  0.0710857 0.00288958
  0.911269    0.18152  0.0996223   0.883454   0.054265  0.0710857 0.00288958
  0.911269    0.18152  0.0996223   0.883454   0.054265  0.0710857 0.00288958
  0.911269    0.18152  0.0996223   0.883454   0.054265  0.0710857 0.00288463
  0.911269    0.18152  0.0996223   0.883454   0.054265  0.0710857 0.00288463
  0.911269    0.18152  0.0996223   0.883454   0.054265  0.0710857 0.00288463
  0.911269    0.18152  0.0996223   0.883454   0.054265  0.0710857 0.00288463
  0.911269    0.18152  0.0996223   0.883454   0.054265  0.0710857 0.00288463
  0.911269    0.18152  0.0996223   0.883454   0.054265  0.0710857 0.00288463
  0.911269    0.18152  0.0996223   0.883454   0.054265  0.0710857 0.00288463
  0.911269    0.18152  0.0996223   0.883454   0.054265  0.0710857 0.00288463
  0.911269    0.18152  0.0996223   0.883454   0.054265  0.0710857 0.00288463
  0.911269    0.18152  0.0996223   0.883454   0.054265  0.0710857 0.00288463
  0.911269    0.18152  0.0996223   0.883454   0.054265  0.0710857 0.00288463
  0.911269    0.18152  0.0996223   0.883454   0.054265  0.0710857 0.00288463
  0.911269    0.18152  0.0996223   0.883454   0.054265  0.0710857 0.00288463
  0.911269    0.18152  0.0996223   0.883454   0.054265  0.0710857 0.00288463
  0.911269    0.18152  0.0996223   0.883454   0.054265  0.0710857 0.00288463
  0.911269    0.18152  0.0996223   0.883454   0.054265  0.0710857 0.00288463
  0.911269    0.18152  0.0996223   0.883454   0.054265  0.0710857 0.00288463
  0.911269    0.18152  0.0996223   0.883454   0.054265  0.0710857 0.00288463
  0.911269    0.18152  0.0996223   0.883454   0.054265  0.0710857 0.00288463
  0.911269    0.18152  0.0996223   0.883454   0.054265  0.0710857 0.00288463
  0.911269    0.18152  0.0996223   0.883454   0.054265  0.0710857 0.00288463
  0.911269    0.18152  0.0996223   0.883454   0.054265  0.0710857 0.00288463
  0.911269    0.18152  0.0996223   0.883454   0.054265  0.0710857 0.00288463
  0.911269    0.18152  0.0996223   0.883454   0.054265  0.0710857 0.00288463
  0.911269    0.18152  0.0996223   0.883454   0.054265  0.0710857 0.00288463
  0.911269    0.18152  0.0996223   0.883454   0.054265  0.0710857 0.00288463
  0.911269    0.18152  0.0996223   0.883454   0.054265  0.0710857 0.00288463
  0.911269    0.18152  0.0996223   0.883454   0.054265  0.0710857 0.00288463
  0.911269    0.18152  0.0996223   0.883454   0.054265  0.0710857 0.00288463
  0.911269    0.18152  0.0996223   0.883454   0.054265  0.0710857 0.00288463
  0.911269    0.18152  0.0996223   0.883454   0.054265  0.0710857 0.00288463
  0.911269    0.18152  0.0996223   0.883454   0.054265  0.0710857 0.00288463
  0.911269    0.18152  0.0996223   0.883454   0.054265  0.0710857 0.00288463
  0.911269    0.18152  0.0996223   0.883454   0.054265  0.0710857 0.00288463
  0.911269    0.18152  0.0996223   0.883454   0.054265  0.0710857 0.00288463
  0.911269    0.18152  0.0996223   0.883454   0.054265  0.0710857 0.00288463
  0.911269    0.18152  0.0996223   0.883454   0.054265  0.0710857 0.00288463
  0.911269    0.18152  0.0996223   0.883454   0.054265  0.0710857 0.00288463
  0.911269    0.18152  0.0996223   0.883454   0.054265  0.0710857 0.00288463
  0.911269    0.18152  0.0996223   0.883454   0.054265  0.0710857 0.00288463
  0.911269    0.18152  0.0996223   0.883454   0.054265  0.0710857 0.00288463
  0.911269    0.18152  0.0996223   0.883454   0.054265  0.0710857 0.00288463
  0.911269    0.18152  0.0996223   0.883454   0.054265  0.0710857 0.00288463
  0.911269    0.18152  0.0996223   0.883454   0.054265  0.0710857 0.00288463
  0.911269    0.18152  0.0996223   0.883454   0.054265  0.0710857 0.00288463
  0.911269    0.18152  0.0996223   0.883454   0.054265  0.0710857 0.00288463
  0.911269    0.18152  0.0996223   0.883454   0.054265  0.0710857 0.00288463
  0.917074   0.183803   0.099562   0.882983  0.0541651  0.0708656 0.00287747
  0.917074   0.183803   0.099562   0.882983  0.0541651  0.0708656 0.00287747
  0.917074   0.183803   0.099562   0.882983  0.0541651  0.0708656 0.00287747
  0.917074   0.183803   0.099562   0.882983  0.0541651  0.0708656 0.00287747
  0.917074   0.183803   0.099562   0.882983  0.0541651  0.0708656 0.00287747
  0.917074   0.183803   0.099562   0.882983  0.0541651  0.0708656 0.00287747
  0.917074   0.183803   0.099562   0.882983  0.0541651  0.0708656 0.00287747
  0.917074   0.183803   0.099562   0.882983  0.0541651  0.0708656 0.00287747
  0.917074   0.183803   0.099562   0.882983  0.0541651  0.0708656 0.00287747
  0.917074   0.183803   0.099562   0.882983  0.0541651  0.0708656 0.00287747
  0.917074   0.183803   0.099562   0.882983  0.0541651  0.0708656 0.00287747
  0.917074   0.183803   0.099562   0.882983  0.0541651  0.0708656 0.00287747
   0.89367   0.175583  0.0995539   0.883173  0.0542015   0.070957 0.00287592
   0.89367   0.175583  0.0995539   0.883173  0.0542015   0.070957 0.00287592
   0.89367   0.175583  0.0995539   0.883173  0.0542015   0.070957 0.00287592
   0.89367   0.175583  0.0995539   0.883173  0.0542015   0.070957 0.00287592
   0.89367   0.175583  0.0995539   0.883173  0.0542015   0.070957 0.00287592
   0.89367   0.175583  0.0995539   0.883173  0.0542015   0.070957 0.00287592
   0.89367   0.175583  0.0995539   0.883173  0.0542015   0.070957 0.00287592
   0.89367   0.175583  0.0995539   0.883173  0.0542015   0.070957 0.00287592
   0.89367   0.175583  0.0995539   0.883173  0.0542015   0.070957 0.00287592
   0.89367   0.175583  0.0995539   0.883173  0.0542015   0.070957 0.00287592
   0.89367   0.175583  0.0995539   0.883173  0.0542015   0.070957 0.00287592
   0.89367   0.175583  0.0995539   0.883173  0.0542015   0.070957 0.00287592
   0.89367   0.175583  0.0995539   0.883173  0.0542015   0.070957 0.00287592
   0.89367   0.175583  0.0995539   0.883173  0.0542015   0.070957 0.00287592
  0.911377   0.180977  0.0995553   0.883104  0.0541849  0.0709277 0.00287564
  0.911377   0.180977  0.0995553   0.883104  0.0541849  0.0709277 0.00287564
  0.911377   0.180977  0.0995553   0.883104  0.0541849  0.0709277 0.00287564
  0.916216   0.182696  0.0995592   0.883035  0.0541736  0.0708923 0.00287505
  0.916216   0.182696  0.0995592   0.883035  0.0541736  0.0708923 0.00287505
  0.916216   0.182696  0.0995592   0.883035  0.0541736  0.0708923 0.00287505
  0.916216   0.182696  0.0995592   0.883035  0.0541736  0.0708923 0.00287505
  0.916216   0.182696  0.0995592   0.883035  0.0541736  0.0708923 0.00287505
  0.916216   0.182696  0.0995592   0.883035  0.0541736  0.0708923 0.00287553
  0.916216   0.182696  0.0995592   0.883035  0.0541736  0.0708923 0.00287553
  0.916216   0.182696  0.0995592   0.883035  0.0541736  0.0708923 0.00287553
  0.916216   0.182696  0.0995592   0.883035  0.0541736  0.0708923 0.00287553
  0.916216   0.182696  0.0995592   0.883035  0.0541736  0.0708923 0.00287553
  0.916216   0.182696  0.0995592   0.883035  0.0541736  0.0708923 0.00287553
  0.916216   0.182696  0.0995592   0.883035  0.0541736  0.0708923 0.00287553
  0.916216   0.182696  0.0995592   0.883035  0.0541736  0.0708923 0.00287553
  0.916216   0.182696  0.0995592   0.883035  0.0541736  0.0708923 0.00287553
  0.916216   0.182696  0.0995592   0.883035  0.0541736  0.0708923 0.00287553
  0.916216   0.182696  0.0995592   0.883035  0.0541736  0.0708923 0.00287553
  0.916216   0.182696  0.0995592   0.883035  0.0541736  0.0708923 0.00287553
  0.916216   0.182696  0.0995592   0.883035  0.0541736  0.0708923 0.00287553
  0.916216   0.182696  0.0995592   0.883035  0.0541736  0.0708923 0.00287553
  0.916216   0.182696  0.0995592   0.883035  0.0541736  0.0708923 0.00287553
  0.916216   0.182696  0.0995592   0.883035  0.0541736  0.0708923 0.00287553
  0.916216   0.182696  0.0995592   0.883035  0.0541736  0.0708923 0.00287553
  0.916216   0.182696  0.0995592   0.883035  0.0541736  0.0708923 0.00287553
  0.916216   0.182696  0.0995592   0.883035  0.0541736  0.0708923 0.00287553
  0.916216   0.182696  0.0995592   0.883035  0.0541736  0.0708923 0.00287553
  0.916216   0.182696  0.0995592   0.883035  0.0541736  0.0708923 0.00287553
  0.916216   0.182696  0.0995592   0.883035  0.0541736  0.0708923 0.00287553
  0.916216   0.182696  0.0995592   0.883035  0.0541736  0.0708923 0.00287553
  0.916216   0.182696  0.0995592   0.883035  0.0541736  0.0708923 0.00287553
  0.916216   0.182696  0.0995592   0.883035  0.0541736  0.0708923 0.00287553
  0.916216   0.182696  0.0995592   0.883035  0.0541736  0.0708923 0.00287553
  0.916216   0.182696  0.0995592   0.883035  0.0541736  0.0708923 0.00287553
  0.916216   0.182696  0.0995592   0.883035  0.0541736  0.0708923 0.00287553
  0.916216   0.182696  0.0995592   0.883035  0.0541736  0.0708923 0.00287553
   0.91924    0.18361  0.0995551   0.882991  0.0541651  0.0709164  0.0028753
  0.916863   0.182777  0.0995523   0.883031  0.0541682  0.0708944 0.00287518
  0.916863   0.182777  0.0995523   0.883031  0.0541682  0.0708944 0.00287518
  0.916863   0.182777  0.0995523   0.883031  0.0541682  0.0708944 0.00287518
  0.916863   0.182777  0.0995523   0.883031  0.0541682  0.0708944 0.00287518
  0.916863   0.182777  0.0995523   0.883031  0.0541682  0.0708944 0.00287518
  0.916863   0.182777  0.0995523   0.883031  0.0541682  0.0708944 0.00287518
  0.916863   0.182777  0.0995523   0.883031  0.0541682  0.0708944 0.00287518
  0.916863   0.182777  0.0995523   0.883031  0.0541682  0.0708944 0.00287518
  0.916863   0.182777  0.0995523   0.883031  0.0541682  0.0708944 0.00287518
  0.916863   0.182777  0.0995523   0.883031  0.0541682  0.0708944 0.00287518
  0.916863   0.182777  0.0995523   0.883031  0.0541682  0.0708944 0.00287518
  0.916863   0.182777  0.0995523   0.883031  0.0541682  0.0708944 0.00287518
  0.916863   0.182777  0.0995523   0.883031  0.0541682  0.0708944 0.00287518
  0.916863   0.182777  0.0995523   0.883031  0.0541682  0.0708944 0.00287518
  0.916863   0.182777  0.0995523   0.883031  0.0541682  0.0708944 0.00287518
  0.889192   0.174441  0.0995546   0.883025  0.0541654  0.0708927 0.00287442
  0.889192   0.174441  0.0995546   0.883025  0.0541654  0.0708927 0.00287442
  0.889192   0.174441  0.0995546   0.883025  0.0541654  0.0708927 0.00287442
  0.891368   0.175158  0.0995546   0.883025  0.0541654  0.0708927 0.00287436
  0.891175   0.175169  0.0995546   0.883025  0.0541656  0.0708928 0.00287431
  0.891175   0.175169  0.0995546   0.883025  0.0541656  0.0708928 0.00287431
  0.891175   0.175169  0.0995546   0.883025  0.0541656  0.0708928 0.00287431
  0.891175   0.175169  0.0995546   0.883025  0.0541656  0.0708928 0.00287431
  0.891175   0.175169  0.0995546   0.883025  0.0541656  0.0708928 0.00287431
  0.891175   0.175169  0.0995546   0.883025  0.0541656  0.0708928 0.00287431
  0.891175   0.175169  0.0995546   0.883025  0.0541656  0.0708928 0.00287431
  0.891175   0.175169  0.0995546   0.883025  0.0541656  0.0708928 0.00287431
  0.891175   0.175169  0.0995546   0.883025  0.0541656  0.0708928 0.00287431
  0.891175   0.175169  0.0995546   0.883025  0.0541656  0.0708928 0.00287431
  0.891175   0.175169  0.0995546   0.883025  0.0541656  0.0708928 0.00287431
  0.891175   0.175169  0.0995546   0.883025  0.0541656  0.0708928 0.00287431
  0.891175   0.175169  0.0995546   0.883025  0.0541656  0.0708928 0.00287431
  0.891175   0.175169  0.0995546   0.883025  0.0541656  0.0708928 0.00287431
  0.885125   0.173424  0.0995499   0.883026  0.0541595  0.0708907 0.00287384
  0.885125   0.173424  0.0995499   0.883026  0.0541595  0.0708907 0.00287384
  0.885125   0.173424  0.0995499   0.883026  0.0541595  0.0708907 0.00287384
  0.885125   0.173424  0.0995499   0.883026  0.0541595  0.0708907 0.00287384
  0.885125   0.173424  0.0995499   0.883026  0.0541595  0.0708907 0.00287384
  0.885125   0.173424  0.0995499   0.883026  0.0541595  0.0708907 0.00287384
  0.885125   0.173424  0.0995499   0.883026  0.0541595  0.0708907 0.00287384
  0.885125   0.173424  0.0995499   0.883026  0.0541595  0.0708907 0.00287384
  0.885125   0.173424  0.0995499   0.883026  0.0541595  0.0708907 0.00287384
  0.885125   0.173424  0.0995499   0.883026  0.0541595  0.0708907 0.00287384
  0.885125   0.173424  0.0995499   0.883026  0.0541595  0.0708907 0.00287384
  0.889407   0.174604  0.0995482   0.883038  0.0541585  0.0708941 0.00287375
  0.889407   0.174604  0.0995482   0.883038  0.0541585  0.0708941 0.00287375
  0.889407   0.174604  0.0995482   0.883038  0.0541585  0.0708941 0.00287375
  0.889407   0.174604  0.0995482   0.883038  0.0541585  0.0708941 0.00287375
  0.889407   0.174604  0.0995482   0.883038  0.0541585  0.0708941 0.00287375
  0.889407   0.174604  0.0995482   0.883038  0.0541585  0.0708941 0.00287375
  0.889407   0.174604  0.0995482   0.883038  0.0541585  0.0708941 0.00287375
  0.889407   0.174604  0.0995482   0.883038  0.0541585  0.0708941 0.00287375
  0.889407   0.174604  0.0995482   0.883038  0.0541585  0.0708941 0.00287375
  0.889407   0.174604  0.0995482   0.883038  0.0541585  0.0708941 0.00287375
  0.889407   0.174604  0.0995482   0.883038  0.0541585  0.0708941 0.00287375
  0.889407   0.174604  0.0995482   0.883038  0.0541585  0.0708941 0.00287375
  0.889407   0.174604  0.0995482   0.883038  0.0541585  0.0708941 0.00287375
  0.889407   0.174604  0.0995482   0.883038  0.0541585  0.0708941 0.00287375
  0.889407   0.174604  0.0995482   0.883038  0.0541585  0.0708941 0.00287375
  0.889407   0.174604  0.0995482   0.883038  0.0541585  0.0708941 0.00287375
  0.889407   0.174604  0.0995482   0.883038  0.0541585  0.0708941 0.00287375
  0.889407   0.174604  0.0995482   0.883038  0.0541585  0.0708941 0.00287375
  0.889407   0.174604  0.0995482   0.883038  0.0541585  0.0708941 0.00287375
  0.889407   0.174604  0.0995482   0.883038  0.0541585  0.0708941 0.00287375
  0.889407   0.174604  0.0995482   0.883038  0.0541585  0.0708941 0.00287375
  0.889407   0.174604  0.0995482   0.883038  0.0541585  0.0708941 0.00287375
  0.889407   0.174604  0.0995482   0.883038  0.0541585  0.0708941 0.00287375
  0.889407   0.174604  0.0995482   0.883038  0.0541585  0.0708941 0.00287375
  0.857246   0.164927  0.0995489   0.883035  0.0541592  0.0708932 0.00287341
  0.857246   0.164927  0.0995489   0.883035  0.0541592  0.0708932 0.00287341
  0.857246   0.164927  0.0995489   0.883035  0.0541592  0.0708932 0.00287341
  0.857246   0.164927  0.0995489   0.883035  0.0541592  0.0708932 0.00287363
  0.857246   0.164927  0.0995489   0.883035  0.0541592  0.0708932 0.00287363
  0.857246   0.164927  0.0995489   0.883035  0.0541592  0.0708932 0.00287363
  0.857246   0.164927  0.0995489   0.883035  0.0541592  0.0708932 0.00287363
  0.857246   0.164927  0.0995489   0.883035  0.0541592  0.0708932 0.00287363
  0.857246   0.164927  0.0995489   0.883035  0.0541592  0.0708932 0.00287363
  0.857246   0.164927  0.0995489   0.883035  0.0541592  0.0708932 0.00287363
  0.847255   0.161909  0.0994425   0.883121  0.0541581  0.0706684 0.00286714
  0.847255   0.161909  0.0994425   0.883121  0.0541581  0.0706684 0.00286714
  0.847255   0.161909  0.0994425   0.883121  0.0541581  0.0706684 0.00286714
  0.847255   0.161909  0.0994425   0.883121  0.0541581  0.0706684 0.00286714
  0.847255   0.161909  0.0994425   0.883121  0.0541581  0.0706684 0.00286714
  0.847255   0.161909  0.0994425   0.883121  0.0541581  0.0706684 0.00286714
  0.847255   0.161909  0.0994425   0.883121  0.0541581  0.0706684 0.00286714
  0.847255   0.161909  0.0994425   0.883121  0.0541581  0.0706684 0.00286714
  0.847255   0.161909  0.0994425   0.883121  0.0541581  0.0706684 0.00286714
  0.847255   0.161909  0.0994425   0.883121  0.0541581  0.0706684 0.00286714
  0.847255   0.161909  0.0994425   0.883121  0.0541581  0.0706684 0.00286714
  0.847255   0.161909  0.0994425   0.883121  0.0541581  0.0706684 0.00286714
  0.847255   0.161909  0.0994425   0.883121  0.0541581  0.0706684 0.00286714
  0.847255   0.161909  0.0994425   0.883121  0.0541581  0.0706684 0.00286714
  0.847255   0.161909  0.0994425   0.883121  0.0541581  0.0706684 0.00286714
  0.866124   0.167949  0.0993555   0.883106  0.0541621  0.0706391 0.00286685
  0.866124   0.167949  0.0993555   0.883106  0.0541621  0.0706391 0.00286685
  0.860711   0.166175  0.0993904   0.883088  0.0541614    0.07066 0.00286577
  0.860711   0.166175  0.0993904   0.883088  0.0541614    0.07066 0.00286577
  0.860711   0.166175  0.0993904   0.883088  0.0541614    0.07066 0.00286577
  0.860711   0.166175  0.0993904   0.883088  0.0541614    0.07066 0.00286577
  0.860711   0.166175  0.0993904   0.883088  0.0541614    0.07066 0.00286577
  0.860711   0.166175  0.0993904   0.883088  0.0541614    0.07066 0.00286577
  0.860711   0.166175  0.0993904   0.883088  0.0541614    0.07066 0.00286577
  0.860711   0.166175  0.0993904   0.883088  0.0541614    0.07066 0.00286577
  0.860711   0.166175  0.0993904   0.883088  0.0541614    0.07066 0.00286577
  0.860711   0.166175  0.0993904   0.883088  0.0541614    0.07066 0.00286577
  0.860711   0.166175  0.0993904   0.883088  0.0541614    0.07066 0.00286577
  0.860711   0.166175  0.0993904   0.883088  0.0541614    0.07066 0.00286577
  0.860711   0.166175  0.0993904   0.883088  0.0541614    0.07066 0.00286577
  0.860711   0.166175  0.0993904   0.883088  0.0541614    0.07066 0.00286577
  0.860711   0.166175  0.0993904   0.883088  0.0541614    0.07066 0.00286577
  0.861364   0.166164  0.0993955   0.883091  0.0541618  0.0706609 0.00286557
  0.861364   0.166164  0.0993955   0.883091  0.0541618  0.0706609 0.00286557
  0.861364   0.166164  0.0993955   0.883091  0.0541618  0.0706609 0.00286557
  0.861364   0.166164  0.0993955   0.883091  0.0541618  0.0706609 0.00286557
  0.861364   0.166164  0.0993955   0.883091  0.0541618  0.0706609 0.00286557
  0.861364   0.166164  0.0993955   0.883091  0.0541618  0.0706609 0.00286557
  0.861364   0.166164  0.0993955   0.883091  0.0541618  0.0706609 0.00286557
  0.861364   0.166164  0.0993955   0.883091  0.0541618  0.0706609 0.00286557
  0.861364   0.166164  0.0993955   0.883091  0.0541618  0.0706609 0.00286557
  0.861364   0.166164  0.0993955   0.883091  0.0541618  0.0706609 0.00286557
  0.861364   0.166164  0.0993955   0.883091  0.0541618  0.0706609 0.00286557
  0.861364   0.166164  0.0993955   0.883091  0.0541618  0.0706609 0.00286557
  0.861364   0.166164  0.0993955   0.883091  0.0541618  0.0706609 0.00286557
  0.858788   0.165474  0.0993943   0.883091  0.0541618  0.0706603 0.00286551
  0.858788   0.165474  0.0993943   0.883091  0.0541618  0.0706603 0.00286551
  0.858788   0.165474  0.0993943   0.883091  0.0541618  0.0706603 0.00286551
  0.858788   0.165474  0.0993943   0.883091  0.0541618  0.0706603 0.00286551
  0.858788   0.165474  0.0993943   0.883091  0.0541618  0.0706603 0.00286551
  0.858788   0.165474  0.0993943   0.883091  0.0541618  0.0706603 0.00286551
  0.858788   0.165474  0.0993943   0.883091  0.0541618  0.0706603 0.00286551
  0.858788   0.165474  0.0993943   0.883091  0.0541618  0.0706603 0.00286551
  0.858788   0.165474  0.0993943   0.883091  0.0541618  0.0706603 0.00286551
  0.858858   0.165493  0.0993944   0.883091  0.0541618  0.0706604 0.00286551
  0.858858   0.165493  0.0993944   0.883091  0.0541618  0.0706604 0.00286551
  0.858858   0.165493  0.0993944   0.883091  0.0541618  0.0706604 0.00286551
  0.858858   0.165493  0.0993944   0.883091  0.0541618  0.0706604 0.00286551
  0.858858   0.165493  0.0993944   0.883091  0.0541618  0.0706604 0.00286551
  0.858858   0.165493  0.0993944   0.883091  0.0541618  0.0706604 0.00286551
  0.858858   0.165493  0.0993944   0.883091  0.0541618  0.0706604 0.00286551
  0.851597    0.16312  0.0993952   0.883089  0.0541605  0.0706617 0.00286548
  0.851597    0.16312  0.0993952   0.883089  0.0541605  0.0706617 0.00286548
  0.851597    0.16312  0.0993952   0.883089  0.0541605  0.0706617 0.00286548
  0.851639   0.163291  0.0993952   0.883089  0.0541605  0.0706617 0.00286542
  0.851639   0.163291  0.0993952   0.883089  0.0541605  0.0706617 0.00286542
  0.851639   0.163291  0.0993952   0.883089  0.0541605  0.0706617 0.00286542
  0.851639   0.163291  0.0993952   0.883089  0.0541605  0.0706617 0.00286542
  0.851639   0.163291  0.0993952   0.883089  0.0541605  0.0706617 0.00286542
  0.851639   0.163291  0.0993952   0.883089  0.0541605  0.0706617 0.00286542
  0.851639   0.163291  0.0993952   0.883089  0.0541605  0.0706617 0.00286542
  0.851639   0.163291  0.0993952   0.883089  0.0541605  0.0706617 0.00286542
  0.851639   0.163291  0.0993952   0.883089  0.0541605  0.0706617 0.00286542
  0.851639   0.163291  0.0993952   0.883089  0.0541605  0.0706617 0.00286542
  0.851639   0.163291  0.0993952   0.883089  0.0541605  0.0706617 0.00286542
  0.851639   0.163291  0.0993952   0.883089  0.0541605  0.0706617 0.00286542
  0.851639   0.163291  0.0993952   0.883089  0.0541605  0.0706617 0.00286542
  0.851639   0.163291  0.0993952   0.883089  0.0541605  0.0706617 0.00286542
  0.851639   0.163291  0.0993952   0.883089  0.0541605  0.0706617 0.00286542
  0.851639   0.163291  0.0993952   0.883089  0.0541605  0.0706617 0.00286542
  0.851639   0.163291  0.0993952   0.883089  0.0541605  0.0706617 0.00286542
  0.851639   0.163291  0.0993952   0.883089  0.0541605  0.0706617 0.00286542
  0.851639   0.163291  0.0993952   0.883089  0.0541605  0.0706617 0.00286542
  0.851639   0.163291  0.0993952   0.883089  0.0541605  0.0706617 0.00286542
  0.851639   0.163291  0.0993952   0.883089  0.0541605  0.0706617 0.00286542
  0.851639   0.163291  0.0993952   0.883089  0.0541605  0.0706617 0.00286542
  0.851639   0.163291  0.0993952   0.883089  0.0541605  0.0706617 0.00286542
  0.851639   0.163291  0.0993952   0.883089  0.0541605  0.0706617 0.00286542
  0.851639   0.163291  0.0993952   0.883089  0.0541605  0.0706617 0.00286542
  0.851639   0.163291  0.0993952   0.883089  0.0541605  0.0706617 0.00286542
  0.851639   0.163291  0.0993952   0.883089  0.0541605  0.0706617 0.00286542
  0.851639   0.163291  0.0993952   0.883089  0.0541605  0.0706617 0.00286542
  0.851639   0.163291  0.0993952   0.883089  0.0541605  0.0706617 0.00286542
  0.851639   0.163291  0.0993952   0.883089  0.0541605  0.0706617 0.00286542
  0.851639   0.163291  0.0993952   0.883089  0.0541605  0.0706617 0.00286542
  0.851639   0.163291  0.0993952   0.883089  0.0541605  0.0706617 0.00286542
  0.851639   0.163291  0.0993952   0.883089  0.0541605  0.0706617 0.00286542
  0.851639   0.163291  0.0993952   0.883089  0.0541605  0.0706617 0.00286542
  0.851639   0.163291  0.0993952   0.883089  0.0541605  0.0706617 0.00286542
  0.851641   0.163275  0.0993952   0.883089  0.0541605  0.0706617 0.00286541
  0.851641   0.163275  0.0993952   0.883089  0.0541605  0.0706617 0.00286541
  0.851641   0.163275  0.0993952   0.883089  0.0541605  0.0706617 0.00286541
  0.851641   0.163275  0.0993952   0.883089  0.0541605  0.0706617 0.00286541
  0.851641   0.163275  0.0993952   0.883089  0.0541605  0.0706617 0.00286541
  0.851641   0.163275  0.0993952   0.883089  0.0541605  0.0706617 0.00286541
  0.851641   0.163275  0.0993952   0.883089  0.0541605  0.0706617 0.00286541
  0.851641   0.163275  0.0993952   0.883089  0.0541605  0.0706617 0.00286541
  0.851641   0.163275  0.0993952   0.883089  0.0541605  0.0706617 0.00286541
  0.851641   0.163275  0.0993952   0.883089  0.0541605  0.0706617 0.00286541
  0.851641   0.163275  0.0993952   0.883089  0.0541605  0.0706617 0.00286541
  0.851641   0.163275  0.0993952   0.883089  0.0541605  0.0706617 0.00286541
  0.851641   0.163275  0.0993952   0.883089  0.0541605  0.0706617 0.00286541
  0.851641   0.163275  0.0993952   0.883089  0.0541605  0.0706617 0.00286541
  0.851641   0.163275  0.0993952   0.883089  0.0541605  0.0706617 0.00286541
  0.851641   0.163275  0.0993952   0.883089  0.0541605  0.0706617  0.0028663
  0.851641   0.163275  0.0993952   0.883089  0.0541605  0.0706617  0.0028663
  0.851641   0.163275  0.0993952   0.883089  0.0541605  0.0706617  0.0028663
  0.851641   0.163275  0.0993952   0.883089  0.0541605  0.0706617  0.0028663
  0.851641   0.163275  0.0993952   0.883089  0.0541605  0.0706617  0.0028663
  0.851641   0.163275  0.0993952   0.883089  0.0541605  0.0706617  0.0028663
  0.851641   0.163275  0.0993952   0.883089  0.0541605  0.0706617  0.0028663
  0.851641   0.163275  0.0993952   0.883089  0.0541605  0.0706617  0.0028663
  0.851641   0.163275  0.0993952   0.883089  0.0541605  0.0706617  0.0028663
  0.851641   0.163275  0.0993952   0.883089  0.0541605  0.0706617  0.0028663
  0.851641   0.163275  0.0993952   0.883089  0.0541605  0.0706617  0.0028663
  0.851641   0.163275  0.0993952   0.883089  0.0541605  0.0706617  0.0028663
  0.850394   0.163034  0.0993602   0.883119  0.0541515  0.0705538 0.00286498
  0.850394   0.163034  0.0993602   0.883119  0.0541515  0.0705538 0.00286498
  0.850394   0.163034  0.0993602   0.883119  0.0541515  0.0705538 0.00286498
  0.850394   0.163034  0.0993602   0.883119  0.0541515  0.0705538 0.00286498
  0.850394   0.163034  0.0993602   0.883119  0.0541515  0.0705538 0.00286498
   0.85041   0.163036  0.0993576   0.883131  0.0541512  0.0705507 0.00286496
  0.847349   0.162024  0.0993571   0.883127  0.0541498  0.0705557 0.00286492
  0.847349   0.162024  0.0993571   0.883127  0.0541498  0.0705557 0.00286492
  0.847349   0.162024  0.0993571   0.883127  0.0541498  0.0705557 0.00286492
  0.847349   0.162024  0.0993571   0.883127  0.0541498  0.0705557 0.00286492
  0.847349   0.162024  0.0993571   0.883127  0.0541498  0.0705557 0.00286492
  0.847349   0.162024  0.0993571   0.883127  0.0541498  0.0705557 0.00286492
  0.847349   0.162024  0.0993571   0.883127  0.0541498  0.0705557 0.00286492
  0.847349   0.162024  0.0993571   0.883127  0.0541498  0.0705557 0.00286492
  0.847349   0.162024  0.0993571   0.883127  0.0541498  0.0705557 0.00286492
  0.847349   0.162024  0.0993571   0.883127  0.0541498  0.0705557 0.00286492
  0.847349   0.162024  0.0993571   0.883127  0.0541498  0.0705557 0.00286492
  0.847349   0.162024  0.0993571   0.883127  0.0541498  0.0705557 0.00286492
  0.847349   0.162024  0.0993571   0.883127  0.0541498  0.0705557 0.00286492
  0.847349   0.162024  0.0993571   0.883127  0.0541498  0.0705557 0.00286492
  0.847349   0.162024  0.0993571   0.883127  0.0541498  0.0705557 0.00286492
  0.847349   0.162024  0.0993571   0.883127  0.0541498  0.0705557 0.00286492
  0.847349   0.162024  0.0993571   0.883127  0.0541498  0.0705557 0.00286492
  0.846663   0.161894  0.0993582   0.883125  0.0541499  0.0705573  0.0028649
  0.846663   0.161894  0.0993582   0.883125  0.0541499  0.0705573  0.0028649
  0.846663   0.161894  0.0993582   0.883125  0.0541499  0.0705573  0.0028649
  0.846663   0.161894  0.0993582   0.883125  0.0541499  0.0705573  0.0028649
  0.846663   0.161894  0.0993582   0.883125  0.0541499  0.0705573  0.0028649
  0.846663   0.161894  0.0993582   0.883125  0.0541499  0.0705573  0.0028649
truk:  0.515996 0.0603199  0.103199  0.896801   0.05516 0.0722394 with trukCost with new weights:0.00730609
total difference b/w truk and final GBVEC:0.119864
for Ks: 0.79719 0.138687 0.104211  0.97094 0.064014 0.075424 has cost:0.00318206
for Ks:0.781196 0.140816 0.097871  0.82296 0.046377 0.069316 has cost:0.00285225
for Ks: 0.789193  0.139752  0.101041   0.89695 0.0551955 0.0723701 has cost:0.00300047
Weight Matrix for time step:0
  0.0132919           0           0           0           0           0           0           0           0           0           0           0           0           0           0           0           0           0           0           0           0           0           0           0           0           0           0
          0  0.00524642           0           0           0           0           0           0           0           0           0           0           0           0           0           0           0           0           0           0           0           0           0           0           0           0           0
          0           0   0.0925371           0           0           0           0           0           0           0           0           0           0           0           0           0           0           0           0           0           0           0           0           0           0           0           0
          0           0           0     172.288           0           0           0           0           0           0           0           0           0           0           0           0           0           0           0           0           0           0           0           0           0           0           0
          0           0           0           0  0.00454141           0           0           0           0           0           0           0           0           0           0           0           0           0           0           0           0           0           0           0           0           0           0
          0           0           0           0           0   0.0535886           0           0           0           0           0           0           0           0           0           0           0           0           0           0           0           0           0           0           0           0           0
          0           0           0           0           0           0 7.21969e-06           0           0           0           0           0           0           0           0           0           0           0           0           0           0           0           0           0           0           0           0
          0           0           0           0           0           0           0 5.57482e-07           0           0           0           0           0           0           0           0           0           0           0           0           0           0           0           0           0           0           0
          0           0           0           0           0           0           0           0 0.000473678           0           0           0           0           0           0           0           0           0           0           0           0           0           0           0           0           0           0
          0           0           0           0           0           0           0           0           0        3853           0           0           0           0           0           0           0           0           0           0           0           0           0           0           0           0           0
          0           0           0           0           0           0           0           0           0           0 4.76757e-07           0           0           0           0           0           0           0           0           0           0           0           0           0           0           0           0
          0           0           0           0           0           0           0           0           0           0           0 0.000160835           0           0           0           0           0           0           0           0           0           0           0           0           0           0           0
          0           0           0           0           0           0           0           0           0           0           0           0    0.962035           0           0           0           0           0           0           0           0           0           0           0           0           0           0
          0           0           0           0           0           0           0           0           0           0           0           0           0 0.000597767           0           0           0           0           0           0           0           0           0           0           0           0           0
          0           0           0           0           0           0           0           0           0           0           0           0           0           0     0.41459           0           0           0           0           0           0           0           0           0           0           0           0
          0           0           0           0           0           0           0           0           0           0           0           0           0           0           0  0.00055535           0           0           0           0           0           0           0           0           0           0           0
          0           0           0           0           0           0           0           0           0           0           0           0           0           0           0           0 0.000305121           0           0           0           0           0           0           0           0           0           0
          0           0           0           0           0           0           0           0           0           0           0           0           0           0           0           0           0 0.000173316           0           0           0           0           0           0           0           0           0
          0           0           0           0           0           0           0           0           0           0           0           0           0           0           0           0           0           0     9.91735           0           0           0           0           0           0           0           0
          0           0           0           0           0           0           0           0           0           0           0           0           0           0           0           0           0           0           0 5.17688e-07           0           0           0           0           0           0           0
          0           0           0           0           0           0           0           0           0           0           0           0           0           0           0           0           0           0           0           0 0.000111098           0           0           0           0           0           0
          0           0           0           0           0           0           0           0           0           0           0           0           0           0           0           0           0           0           0           0           0     3.68048           0           0           0           0           0
          0           0           0           0           0           0           0           0           0           0           0           0           0           0           0           0           0           0           0           0           0           0 9.31392e-05           0           0           0           0
          0           0           0           0           0           0           0           0           0           0           0           0           0           0           0           0           0           0           0           0           0           0           0 0.000277397           0           0           0
          0           0           0           0           0           0           0           0           0           0           0           0           0           0           0           0           0           0           0           0           0           0           0           0     2.45068           0           0
          0           0           0           0           0           0           0           0           0           0           0           0           0           0           0           0           0           0           0           0           0           0           0           0           0      1.9904           0
          0           0           0           0           0           0           0           0           0           0           0           0           0           0           0           0           0           0           0           0           0           0           0           0           0           0 5.86485e-05

CODE FINISHED RUNNING IN 7855 s TIME!
Job Statistics for 2103989:
           JobID       User               Start                 End    Elapsed     MaxRSS   TotalCPU      State Exit        NodeList                                  ReqTRES 
---------------- ---------- ------------------- ------------------- ---------- ---------- ---------- ---------- ---- --------------- ---------------------------------------- 
         2103989   rsjxw007 2021-09-14T13:26:36 2021-09-14T15:37:32   02:10:56              02:10:39  COMPLETED  0:0   r1pl-hpcf-n21         billing=1,cpu=1,mem=7812M,node=1 
   2103989.batch            2021-09-14T13:26:36 2021-09-14T15:37:32   02:10:56      6.55M   02:10:39  COMPLETED  0:0   r1pl-hpcf-n21                                          
  2103989.extern            2021-09-14T13:26:36 2021-09-14T15:37:32   02:10:56          0  00:00.001  COMPLETED  0:0   r1pl-hpcf-n21                                          
CPU Efficiency: 99.80% of 02:10:56 core-walltime
