PSO_S_ODE_NonLinear
Using two part PSO Sample Size:5000 with:27 moments.
Using Times:10 30 50
Bounds for Uniform Distribution (0,1)
Blind PSO --> nParts:500 Nsteps:20
Targeted PSO --> nParts:100 Nsteps:400
sdbeta:0.1
wt:
1 0 0 0 0 0 0 0 0 0 0 0 0 0 0 0 0 0 0 0 0 0 0 0 0 0 0
0 1 0 0 0 0 0 0 0 0 0 0 0 0 0 0 0 0 0 0 0 0 0 0 0 0 0
0 0 1 0 0 0 0 0 0 0 0 0 0 0 0 0 0 0 0 0 0 0 0 0 0 0 0
0 0 0 1 0 0 0 0 0 0 0 0 0 0 0 0 0 0 0 0 0 0 0 0 0 0 0
0 0 0 0 1 0 0 0 0 0 0 0 0 0 0 0 0 0 0 0 0 0 0 0 0 0 0
0 0 0 0 0 1 0 0 0 0 0 0 0 0 0 0 0 0 0 0 0 0 0 0 0 0 0
0 0 0 0 0 0 1 0 0 0 0 0 0 0 0 0 0 0 0 0 0 0 0 0 0 0 0
0 0 0 0 0 0 0 1 0 0 0 0 0 0 0 0 0 0 0 0 0 0 0 0 0 0 0
0 0 0 0 0 0 0 0 1 0 0 0 0 0 0 0 0 0 0 0 0 0 0 0 0 0 0
0 0 0 0 0 0 0 0 0 1 0 0 0 0 0 0 0 0 0 0 0 0 0 0 0 0 0
0 0 0 0 0 0 0 0 0 0 1 0 0 0 0 0 0 0 0 0 0 0 0 0 0 0 0
0 0 0 0 0 0 0 0 0 0 0 1 0 0 0 0 0 0 0 0 0 0 0 0 0 0 0
0 0 0 0 0 0 0 0 0 0 0 0 1 0 0 0 0 0 0 0 0 0 0 0 0 0 0
0 0 0 0 0 0 0 0 0 0 0 0 0 1 0 0 0 0 0 0 0 0 0 0 0 0 0
0 0 0 0 0 0 0 0 0 0 0 0 0 0 1 0 0 0 0 0 0 0 0 0 0 0 0
0 0 0 0 0 0 0 0 0 0 0 0 0 0 0 1 0 0 0 0 0 0 0 0 0 0 0
0 0 0 0 0 0 0 0 0 0 0 0 0 0 0 0 1 0 0 0 0 0 0 0 0 0 0
0 0 0 0 0 0 0 0 0 0 0 0 0 0 0 0 0 1 0 0 0 0 0 0 0 0 0
0 0 0 0 0 0 0 0 0 0 0 0 0 0 0 0 0 0 1 0 0 0 0 0 0 0 0
0 0 0 0 0 0 0 0 0 0 0 0 0 0 0 0 0 0 0 1 0 0 0 0 0 0 0
0 0 0 0 0 0 0 0 0 0 0 0 0 0 0 0 0 0 0 0 1 0 0 0 0 0 0
0 0 0 0 0 0 0 0 0 0 0 0 0 0 0 0 0 0 0 0 0 1 0 0 0 0 0
0 0 0 0 0 0 0 0 0 0 0 0 0 0 0 0 0 0 0 0 0 0 1 0 0 0 0
0 0 0 0 0 0 0 0 0 0 0 0 0 0 0 0 0 0 0 0 0 0 0 1 0 0 0
0 0 0 0 0 0 0 0 0 0 0 0 0 0 0 0 0 0 0 0 0 0 0 0 1 0 0
0 0 0 0 0 0 0 0 0 0 0 0 0 0 0 0 0 0 0 0 0 0 0 0 0 1 0
0 0 0 0 0 0 0 0 0 0 0 0 0 0 0 0 0 0 0 0 0 0 0 0 0 0 1
Reading in data!
Loading in Truk!
Calculating Yt!
Yt: 3.46492  4.40161  2.75861 0.100572  7.26079  2.18088  48.0317  125.139   14.263 0.012484   174.25  9.09834 0.769002   10.354 0.502901  11.6259  9.21973  16.9818 0.146088  142.267   12.413 0.289942  31.5348  11.3386 0.448514 0.238046  23.9897
Xt:    3.518   4.11796   2.83408  0.102731   7.05477   2.24087   47.8572   117.969   14.9839 0.0128403   168.249   9.40059  0.789223   10.2727  0.512931   11.5748   9.12766   17.1938  0.145192   135.308   12.5755  0.302764   32.4804   11.8161  0.460796  0.248051   24.6396
truk cost:444.539
Xt at seedk:  4.2009  4.43333  2.15118  0.51267  7.09719  2.19845  53.2572  114.072  9.82887 0.320087  161.286  10.2829  4.23888  10.1502  3.01331  17.4024  10.4193  15.9994  1.23737  131.309  16.3001  1.29569   27.124  10.0532  2.85314  1.32693  27.6803
Xt at seedk: 4.20361  4.42253  2.14847 0.514545  7.08555  2.21009  53.2724  113.777  9.81257 0.321629  160.882  10.3835   4.2386  10.1507  3.01793  17.4072  10.4418  15.9449  1.24234  130.964  16.4022   1.2984  27.0558   10.094  2.86237  1.33563  27.8318
Xt at seedk: 4.20361  4.42253  2.14847 0.514545  7.08554  2.21009  53.2724  113.776  9.81257  0.32163  160.882  10.3835   4.2386  10.1507  3.01793  17.4072  10.4418  15.9449  1.24234  130.964  16.4022   1.2984  27.0558   10.094  2.86237  1.33563  27.8318
seedk:0.313658 0.137108 0.481691 0.988522 0.812008 0.468261| cost:1753.58
PSO begins!
New GBMAT from blind pso!
0.313658 0.137108 0.481691 0.988522 0.812008 0.468261  1753.58
0.313658 0.137108 0.481691 0.988522 0.812008 0.468261  1753.58


underflow!0.00379239
pos  0.316627   0.924724   0.494433   0.068942 0.00379239  0.0665951
overflow!
underflow!0.00151602
pos0.00151602   0.862561   0.841161   0.373179   0.170337   0.728585
overflow!
overflow!
overflow!
underflow!0.00250377
pos  0.363594   0.704183   0.739922 0.00250377  0.0747868   0.578608
overflow!
overflow!
overflow!
underflow!0.0012516
pos 0.279095  0.354303  0.930342 0.0012516  0.771582   0.32961
New GBMAT from blind pso!
 0.313658  0.137108  0.481691  0.988522  0.812008  0.468261   1753.58
 0.313658  0.137108  0.481691  0.988522  0.812008  0.468261   1753.58
 0.909082  0.744077 0.0869894  0.546932  0.125704  0.080337   624.814


New GBMAT from blind pso!
 0.313658  0.137108  0.481691  0.988522  0.812008  0.468261   1753.58
 0.313658  0.137108  0.481691  0.988522  0.812008  0.468261   1753.58
 0.909082  0.744077 0.0869894  0.546932  0.125704  0.080337   624.814
 0.903283  0.744174 0.0920827  0.555055  0.130867 0.0760333   215.977


New GBMAT from blind pso!
 0.313658  0.137108  0.481691  0.988522  0.812008  0.468261   1753.58
 0.313658  0.137108  0.481691  0.988522  0.812008  0.468261   1753.58
 0.909082  0.744077 0.0869894  0.546932  0.125704  0.080337   624.814
 0.903283  0.744174 0.0920827  0.555055  0.130867 0.0760333   215.977
 0.903283  0.744174 0.0920827  0.555055  0.130867 0.0760333   215.977


New GBMAT from blind pso!
 0.313658  0.137108  0.481691  0.988522  0.812008  0.468261   1753.58
 0.313658  0.137108  0.481691  0.988522  0.812008  0.468261   1753.58
 0.909082  0.744077 0.0869894  0.546932  0.125704  0.080337   624.814
 0.903283  0.744174 0.0920827  0.555055  0.130867 0.0760333   215.977
 0.903283  0.744174 0.0920827  0.555055  0.130867 0.0760333   215.977
 0.900066  0.745112  0.104555  0.553471  0.138606   0.07833   127.013


New GBMAT from blind pso!
 0.313658  0.137108  0.481691  0.988522  0.812008  0.468261   1753.58
 0.313658  0.137108  0.481691  0.988522  0.812008  0.468261   1753.58
 0.909082  0.744077 0.0869894  0.546932  0.125704  0.080337   624.814
 0.903283  0.744174 0.0920827  0.555055  0.130867 0.0760333   215.977
 0.903283  0.744174 0.0920827  0.555055  0.130867 0.0760333   215.977
 0.900066  0.745112  0.104555  0.553471  0.138606   0.07833   127.013
 0.900066  0.745112  0.104555  0.553471  0.138606   0.07833   127.013


New GBMAT from blind pso!
 0.313658  0.137108  0.481691  0.988522  0.812008  0.468261   1753.58
 0.313658  0.137108  0.481691  0.988522  0.812008  0.468261   1753.58
 0.909082  0.744077 0.0869894  0.546932  0.125704  0.080337   624.814
 0.903283  0.744174 0.0920827  0.555055  0.130867 0.0760333   215.977
 0.903283  0.744174 0.0920827  0.555055  0.130867 0.0760333   215.977
 0.900066  0.745112  0.104555  0.553471  0.138606   0.07833   127.013
 0.900066  0.745112  0.104555  0.553471  0.138606   0.07833   127.013
 0.849488  0.768271 0.0865894  0.516192  0.100549 0.0603754   119.524


New GBMAT from blind pso!
 0.313658  0.137108  0.481691  0.988522  0.812008  0.468261   1753.58
 0.313658  0.137108  0.481691  0.988522  0.812008  0.468261   1753.58
 0.909082  0.744077 0.0869894  0.546932  0.125704  0.080337   624.814
 0.903283  0.744174 0.0920827  0.555055  0.130867 0.0760333   215.977
 0.903283  0.744174 0.0920827  0.555055  0.130867 0.0760333   215.977
 0.900066  0.745112  0.104555  0.553471  0.138606   0.07833   127.013
 0.900066  0.745112  0.104555  0.553471  0.138606   0.07833   127.013
 0.849488  0.768271 0.0865894  0.516192  0.100549 0.0603754   119.524
 0.858087  0.791062 0.0995439  0.560099  0.107023 0.0741407   103.627


New GBMAT from blind pso!
 0.313658  0.137108  0.481691  0.988522  0.812008  0.468261   1753.58
 0.313658  0.137108  0.481691  0.988522  0.812008  0.468261   1753.58
 0.909082  0.744077 0.0869894  0.546932  0.125704  0.080337   624.814
 0.903283  0.744174 0.0920827  0.555055  0.130867 0.0760333   215.977
 0.903283  0.744174 0.0920827  0.555055  0.130867 0.0760333   215.977
 0.900066  0.745112  0.104555  0.553471  0.138606   0.07833   127.013
 0.900066  0.745112  0.104555  0.553471  0.138606   0.07833   127.013
 0.849488  0.768271 0.0865894  0.516192  0.100549 0.0603754   119.524
 0.858087  0.791062 0.0995439  0.560099  0.107023 0.0741407   103.627
 0.879803  0.769613 0.0907246  0.567162 0.0889637 0.0656904   94.9811


New GBMAT from blind pso!
 0.313658  0.137108  0.481691  0.988522  0.812008  0.468261   1753.58
 0.313658  0.137108  0.481691  0.988522  0.812008  0.468261   1753.58
 0.909082  0.744077 0.0869894  0.546932  0.125704  0.080337   624.814
 0.903283  0.744174 0.0920827  0.555055  0.130867 0.0760333   215.977
 0.903283  0.744174 0.0920827  0.555055  0.130867 0.0760333   215.977
 0.900066  0.745112  0.104555  0.553471  0.138606   0.07833   127.013
 0.900066  0.745112  0.104555  0.553471  0.138606   0.07833   127.013
 0.849488  0.768271 0.0865894  0.516192  0.100549 0.0603754   119.524
 0.858087  0.791062 0.0995439  0.560099  0.107023 0.0741407   103.627
 0.879803  0.769613 0.0907246  0.567162 0.0889637 0.0656904   94.9811
 0.879803  0.769613 0.0907246  0.567162 0.0889637 0.0656904   94.9811


New GBMAT from blind pso!
 0.313658  0.137108  0.481691  0.988522  0.812008  0.468261   1753.58
 0.313658  0.137108  0.481691  0.988522  0.812008  0.468261   1753.58
 0.909082  0.744077 0.0869894  0.546932  0.125704  0.080337   624.814
 0.903283  0.744174 0.0920827  0.555055  0.130867 0.0760333   215.977
 0.903283  0.744174 0.0920827  0.555055  0.130867 0.0760333   215.977
 0.900066  0.745112  0.104555  0.553471  0.138606   0.07833   127.013
 0.900066  0.745112  0.104555  0.553471  0.138606   0.07833   127.013
 0.849488  0.768271 0.0865894  0.516192  0.100549 0.0603754   119.524
 0.858087  0.791062 0.0995439  0.560099  0.107023 0.0741407   103.627
 0.879803  0.769613 0.0907246  0.567162 0.0889637 0.0656904   94.9811
 0.879803  0.769613 0.0907246  0.567162 0.0889637 0.0656904   94.9811
 0.879369    0.7693  0.090643  0.567158 0.0892383 0.0665908   93.6537


New GBMAT from blind pso!
 0.313658  0.137108  0.481691  0.988522  0.812008  0.468261   1753.58
 0.313658  0.137108  0.481691  0.988522  0.812008  0.468261   1753.58
 0.909082  0.744077 0.0869894  0.546932  0.125704  0.080337   624.814
 0.903283  0.744174 0.0920827  0.555055  0.130867 0.0760333   215.977
 0.903283  0.744174 0.0920827  0.555055  0.130867 0.0760333   215.977
 0.900066  0.745112  0.104555  0.553471  0.138606   0.07833   127.013
 0.900066  0.745112  0.104555  0.553471  0.138606   0.07833   127.013
 0.849488  0.768271 0.0865894  0.516192  0.100549 0.0603754   119.524
 0.858087  0.791062 0.0995439  0.560099  0.107023 0.0741407   103.627
 0.879803  0.769613 0.0907246  0.567162 0.0889637 0.0656904   94.9811
 0.879803  0.769613 0.0907246  0.567162 0.0889637 0.0656904   94.9811
 0.879369    0.7693  0.090643  0.567158 0.0892383 0.0665908   93.6537
 0.904953  0.786294 0.0914235  0.561436 0.0886431 0.0672314   92.7575


New GBMAT from blind pso!
 0.313658  0.137108  0.481691  0.988522  0.812008  0.468261   1753.58
 0.313658  0.137108  0.481691  0.988522  0.812008  0.468261   1753.58
 0.909082  0.744077 0.0869894  0.546932  0.125704  0.080337   624.814
 0.903283  0.744174 0.0920827  0.555055  0.130867 0.0760333   215.977
 0.903283  0.744174 0.0920827  0.555055  0.130867 0.0760333   215.977
 0.900066  0.745112  0.104555  0.553471  0.138606   0.07833   127.013
 0.900066  0.745112  0.104555  0.553471  0.138606   0.07833   127.013
 0.849488  0.768271 0.0865894  0.516192  0.100549 0.0603754   119.524
 0.858087  0.791062 0.0995439  0.560099  0.107023 0.0741407   103.627
 0.879803  0.769613 0.0907246  0.567162 0.0889637 0.0656904   94.9811
 0.879803  0.769613 0.0907246  0.567162 0.0889637 0.0656904   94.9811
 0.879369    0.7693  0.090643  0.567158 0.0892383 0.0665908   93.6537
 0.904953  0.786294 0.0914235  0.561436 0.0886431 0.0672314   92.7575
 0.906492  0.796779 0.0945292   0.57546 0.0891528 0.0698253   92.0517


New GBMAT from blind pso!
 0.313658  0.137108  0.481691  0.988522  0.812008  0.468261   1753.58
 0.313658  0.137108  0.481691  0.988522  0.812008  0.468261   1753.58
 0.909082  0.744077 0.0869894  0.546932  0.125704  0.080337   624.814
 0.903283  0.744174 0.0920827  0.555055  0.130867 0.0760333   215.977
 0.903283  0.744174 0.0920827  0.555055  0.130867 0.0760333   215.977
 0.900066  0.745112  0.104555  0.553471  0.138606   0.07833   127.013
 0.900066  0.745112  0.104555  0.553471  0.138606   0.07833   127.013
 0.849488  0.768271 0.0865894  0.516192  0.100549 0.0603754   119.524
 0.858087  0.791062 0.0995439  0.560099  0.107023 0.0741407   103.627
 0.879803  0.769613 0.0907246  0.567162 0.0889637 0.0656904   94.9811
 0.879803  0.769613 0.0907246  0.567162 0.0889637 0.0656904   94.9811
 0.879369    0.7693  0.090643  0.567158 0.0892383 0.0665908   93.6537
 0.904953  0.786294 0.0914235  0.561436 0.0886431 0.0672314   92.7575
 0.906492  0.796779 0.0945292   0.57546 0.0891528 0.0698253   92.0517
 0.881208  0.770094 0.0953289   0.54771 0.0467715 0.0706093    86.274


New GBMAT from blind pso!
 0.313658  0.137108  0.481691  0.988522  0.812008  0.468261   1753.58
 0.313658  0.137108  0.481691  0.988522  0.812008  0.468261   1753.58
 0.909082  0.744077 0.0869894  0.546932  0.125704  0.080337   624.814
 0.903283  0.744174 0.0920827  0.555055  0.130867 0.0760333   215.977
 0.903283  0.744174 0.0920827  0.555055  0.130867 0.0760333   215.977
 0.900066  0.745112  0.104555  0.553471  0.138606   0.07833   127.013
 0.900066  0.745112  0.104555  0.553471  0.138606   0.07833   127.013
 0.849488  0.768271 0.0865894  0.516192  0.100549 0.0603754   119.524
 0.858087  0.791062 0.0995439  0.560099  0.107023 0.0741407   103.627
 0.879803  0.769613 0.0907246  0.567162 0.0889637 0.0656904   94.9811
 0.879803  0.769613 0.0907246  0.567162 0.0889637 0.0656904   94.9811
 0.879369    0.7693  0.090643  0.567158 0.0892383 0.0665908   93.6537
 0.904953  0.786294 0.0914235  0.561436 0.0886431 0.0672314   92.7575
 0.906492  0.796779 0.0945292   0.57546 0.0891528 0.0698253   92.0517
 0.881208  0.770094 0.0953289   0.54771 0.0467715 0.0706093    86.274
 0.881448  0.767027 0.0949169  0.553004 0.0499065 0.0702632   86.1722


New GBMAT from blind pso!
 0.313658  0.137108  0.481691  0.988522  0.812008  0.468261   1753.58
 0.313658  0.137108  0.481691  0.988522  0.812008  0.468261   1753.58
 0.909082  0.744077 0.0869894  0.546932  0.125704  0.080337   624.814
 0.903283  0.744174 0.0920827  0.555055  0.130867 0.0760333   215.977
 0.903283  0.744174 0.0920827  0.555055  0.130867 0.0760333   215.977
 0.900066  0.745112  0.104555  0.553471  0.138606   0.07833   127.013
 0.900066  0.745112  0.104555  0.553471  0.138606   0.07833   127.013
 0.849488  0.768271 0.0865894  0.516192  0.100549 0.0603754   119.524
 0.858087  0.791062 0.0995439  0.560099  0.107023 0.0741407   103.627
 0.879803  0.769613 0.0907246  0.567162 0.0889637 0.0656904   94.9811
 0.879803  0.769613 0.0907246  0.567162 0.0889637 0.0656904   94.9811
 0.879369    0.7693  0.090643  0.567158 0.0892383 0.0665908   93.6537
 0.904953  0.786294 0.0914235  0.561436 0.0886431 0.0672314   92.7575
 0.906492  0.796779 0.0945292   0.57546 0.0891528 0.0698253   92.0517
 0.881208  0.770094 0.0953289   0.54771 0.0467715 0.0706093    86.274
 0.881448  0.767027 0.0949169  0.553004 0.0499065 0.0702632   86.1722
 0.880025  0.763659 0.0947731  0.551437 0.0381858  0.070427   83.9257


New GBMAT from blind pso!
 0.313658  0.137108  0.481691  0.988522  0.812008  0.468261   1753.58
 0.313658  0.137108  0.481691  0.988522  0.812008  0.468261   1753.58
 0.909082  0.744077 0.0869894  0.546932  0.125704  0.080337   624.814
 0.903283  0.744174 0.0920827  0.555055  0.130867 0.0760333   215.977
 0.903283  0.744174 0.0920827  0.555055  0.130867 0.0760333   215.977
 0.900066  0.745112  0.104555  0.553471  0.138606   0.07833   127.013
 0.900066  0.745112  0.104555  0.553471  0.138606   0.07833   127.013
 0.849488  0.768271 0.0865894  0.516192  0.100549 0.0603754   119.524
 0.858087  0.791062 0.0995439  0.560099  0.107023 0.0741407   103.627
 0.879803  0.769613 0.0907246  0.567162 0.0889637 0.0656904   94.9811
 0.879803  0.769613 0.0907246  0.567162 0.0889637 0.0656904   94.9811
 0.879369    0.7693  0.090643  0.567158 0.0892383 0.0665908   93.6537
 0.904953  0.786294 0.0914235  0.561436 0.0886431 0.0672314   92.7575
 0.906492  0.796779 0.0945292   0.57546 0.0891528 0.0698253   92.0517
 0.881208  0.770094 0.0953289   0.54771 0.0467715 0.0706093    86.274
 0.881448  0.767027 0.0949169  0.553004 0.0499065 0.0702632   86.1722
 0.880025  0.763659 0.0947731  0.551437 0.0381858  0.070427   83.9257
 0.880199  0.684149 0.0941854  0.569478 0.0441749 0.0708203   82.6448


New GBMAT from blind pso!
 0.313658  0.137108  0.481691  0.988522  0.812008  0.468261   1753.58
 0.313658  0.137108  0.481691  0.988522  0.812008  0.468261   1753.58
 0.909082  0.744077 0.0869894  0.546932  0.125704  0.080337   624.814
 0.903283  0.744174 0.0920827  0.555055  0.130867 0.0760333   215.977
 0.903283  0.744174 0.0920827  0.555055  0.130867 0.0760333   215.977
 0.900066  0.745112  0.104555  0.553471  0.138606   0.07833   127.013
 0.900066  0.745112  0.104555  0.553471  0.138606   0.07833   127.013
 0.849488  0.768271 0.0865894  0.516192  0.100549 0.0603754   119.524
 0.858087  0.791062 0.0995439  0.560099  0.107023 0.0741407   103.627
 0.879803  0.769613 0.0907246  0.567162 0.0889637 0.0656904   94.9811
 0.879803  0.769613 0.0907246  0.567162 0.0889637 0.0656904   94.9811
 0.879369    0.7693  0.090643  0.567158 0.0892383 0.0665908   93.6537
 0.904953  0.786294 0.0914235  0.561436 0.0886431 0.0672314   92.7575
 0.906492  0.796779 0.0945292   0.57546 0.0891528 0.0698253   92.0517
 0.881208  0.770094 0.0953289   0.54771 0.0467715 0.0706093    86.274
 0.881448  0.767027 0.0949169  0.553004 0.0499065 0.0702632   86.1722
 0.880025  0.763659 0.0947731  0.551437 0.0381858  0.070427   83.9257
 0.880199  0.684149 0.0941854  0.569478 0.0441749 0.0708203   82.6448
 0.885284   0.71146 0.0937427   0.57004 0.0408637 0.0703728   82.2278


New GBMAT from blind pso!
 0.313658  0.137108  0.481691  0.988522  0.812008  0.468261   1753.58
 0.313658  0.137108  0.481691  0.988522  0.812008  0.468261   1753.58
 0.909082  0.744077 0.0869894  0.546932  0.125704  0.080337   624.814
 0.903283  0.744174 0.0920827  0.555055  0.130867 0.0760333   215.977
 0.903283  0.744174 0.0920827  0.555055  0.130867 0.0760333   215.977
 0.900066  0.745112  0.104555  0.553471  0.138606   0.07833   127.013
 0.900066  0.745112  0.104555  0.553471  0.138606   0.07833   127.013
 0.849488  0.768271 0.0865894  0.516192  0.100549 0.0603754   119.524
 0.858087  0.791062 0.0995439  0.560099  0.107023 0.0741407   103.627
 0.879803  0.769613 0.0907246  0.567162 0.0889637 0.0656904   94.9811
 0.879803  0.769613 0.0907246  0.567162 0.0889637 0.0656904   94.9811
 0.879369    0.7693  0.090643  0.567158 0.0892383 0.0665908   93.6537
 0.904953  0.786294 0.0914235  0.561436 0.0886431 0.0672314   92.7575
 0.906492  0.796779 0.0945292   0.57546 0.0891528 0.0698253   92.0517
 0.881208  0.770094 0.0953289   0.54771 0.0467715 0.0706093    86.274
 0.881448  0.767027 0.0949169  0.553004 0.0499065 0.0702632   86.1722
 0.880025  0.763659 0.0947731  0.551437 0.0381858  0.070427   83.9257
 0.880199  0.684149 0.0941854  0.569478 0.0441749 0.0708203   82.6448
 0.885284   0.71146 0.0937427   0.57004 0.0408637 0.0703728   82.2278
 0.902759  0.706185 0.0936117  0.567325 0.0383535 0.0700951   81.4142


New GBMAT from blind pso!
 0.313658  0.137108  0.481691  0.988522  0.812008  0.468261   1753.58
 0.313658  0.137108  0.481691  0.988522  0.812008  0.468261   1753.58
 0.909082  0.744077 0.0869894  0.546932  0.125704  0.080337   624.814
 0.903283  0.744174 0.0920827  0.555055  0.130867 0.0760333   215.977
 0.903283  0.744174 0.0920827  0.555055  0.130867 0.0760333   215.977
 0.900066  0.745112  0.104555  0.553471  0.138606   0.07833   127.013
 0.900066  0.745112  0.104555  0.553471  0.138606   0.07833   127.013
 0.849488  0.768271 0.0865894  0.516192  0.100549 0.0603754   119.524
 0.858087  0.791062 0.0995439  0.560099  0.107023 0.0741407   103.627
 0.879803  0.769613 0.0907246  0.567162 0.0889637 0.0656904   94.9811
 0.879803  0.769613 0.0907246  0.567162 0.0889637 0.0656904   94.9811
 0.879369    0.7693  0.090643  0.567158 0.0892383 0.0665908   93.6537
 0.904953  0.786294 0.0914235  0.561436 0.0886431 0.0672314   92.7575
 0.906492  0.796779 0.0945292   0.57546 0.0891528 0.0698253   92.0517
 0.881208  0.770094 0.0953289   0.54771 0.0467715 0.0706093    86.274
 0.881448  0.767027 0.0949169  0.553004 0.0499065 0.0702632   86.1722
 0.880025  0.763659 0.0947731  0.551437 0.0381858  0.070427   83.9257
 0.880199  0.684149 0.0941854  0.569478 0.0441749 0.0708203   82.6448
 0.885284   0.71146 0.0937427   0.57004 0.0408637 0.0703728   82.2278
 0.902759  0.706185 0.0936117  0.567325 0.0383535 0.0700951   81.4142
 0.879733  0.694415 0.0922772  0.570406 0.0308317 0.0685517    79.984


GBMAT from blind PSO:

 0.313658  0.137108  0.481691  0.988522  0.812008  0.468261   1753.58
 0.313658  0.137108  0.481691  0.988522  0.812008  0.468261   1753.58
 0.909082  0.744077 0.0869894  0.546932  0.125704  0.080337   624.814
 0.903283  0.744174 0.0920827  0.555055  0.130867 0.0760333   215.977
 0.903283  0.744174 0.0920827  0.555055  0.130867 0.0760333   215.977
 0.900066  0.745112  0.104555  0.553471  0.138606   0.07833   127.013
 0.900066  0.745112  0.104555  0.553471  0.138606   0.07833   127.013
 0.849488  0.768271 0.0865894  0.516192  0.100549 0.0603754   119.524
 0.858087  0.791062 0.0995439  0.560099  0.107023 0.0741407   103.627
 0.879803  0.769613 0.0907246  0.567162 0.0889637 0.0656904   94.9811
 0.879803  0.769613 0.0907246  0.567162 0.0889637 0.0656904   94.9811
 0.879369    0.7693  0.090643  0.567158 0.0892383 0.0665908   93.6537
 0.904953  0.786294 0.0914235  0.561436 0.0886431 0.0672314   92.7575
 0.906492  0.796779 0.0945292   0.57546 0.0891528 0.0698253   92.0517
 0.881208  0.770094 0.0953289   0.54771 0.0467715 0.0706093    86.274
 0.881448  0.767027 0.0949169  0.553004 0.0499065 0.0702632   86.1722
 0.880025  0.763659 0.0947731  0.551437 0.0381858  0.070427   83.9257
 0.880199  0.684149 0.0941854  0.569478 0.0441749 0.0708203   82.6448
 0.885284   0.71146 0.0937427   0.57004 0.0408637 0.0703728   82.2278
 0.902759  0.706185 0.0936117  0.567325 0.0383535 0.0700951   81.4142
 0.879733  0.694415 0.0922772  0.570406 0.0308317 0.0685517    79.984

truk:  0.515996 0.0603199  0.103199  0.896801   0.05516 0.0722394
total difference b/w truk and final GBVEC0.64164

blind PSO FINISHED RUNNING IN 4849 s TIME!
targeted PSO has started!
Updating Weight Matrix!
GBVEC AND COST: 0.879733  0.694415 0.0922772  0.570406 0.0308317 0.0685517    79.984
Chkpt reached!
new weight matrix:
  0.0141903           0           0           0           0           0           0           0           0           0           0           0           0           0           0           0           0           0           0           0           0           0           0           0           0           0           0
          0  0.00472029           0           0           0           0           0           0           0           0           0           0           0           0           0           0           0           0           0           0           0           0           0           0           0           0           0
          0           0   0.0743457           0           0           0           0           0           0           0           0           0           0           0           0           0           0           0           0           0           0           0           0           0           0           0           0
          0           0           0     196.181           0           0           0           0           0           0           0           0           0           0           0           0           0           0           0           0           0           0           0           0           0           0           0
          0           0           0           0  0.00403659           0           0           0           0           0           0           0           0           0           0           0           0           0           0           0           0           0           0           0           0           0           0
          0           0           0           0           0    0.127613           0           0           0           0           0           0           0           0           0           0           0           0           0           0           0           0           0           0           0           0           0
          0           0           0           0           0           0 7.77845e-06           0           0           0           0           0           0           0           0           0           0           0           0           0           0           0           0           0           0           0           0
          0           0           0           0           0           0           0 5.11973e-07           0           0           0           0           0           0           0           0           0           0           0           0           0           0           0           0           0           0           0
          0           0           0           0           0           0           0           0 0.000306213           0           0           0           0           0           0           0           0           0           0           0           0           0           0           0           0           0           0
          0           0           0           0           0           0           0           0           0     5183.05           0           0           0           0           0           0           0           0           0           0           0           0           0           0           0           0           0
          0           0           0           0           0           0           0           0           0           0 4.31851e-07           0           0           0           0           0           0           0           0           0           0           0           0           0           0           0           0
          0           0           0           0           0           0           0           0           0           0           0 0.000861719           0           0           0           0           0           0           0           0           0           0           0           0           0           0           0
          0           0           0           0           0           0           0           0           0           0           0           0    0.174196           0           0           0           0           0           0           0           0           0           0           0           0           0           0
          0           0           0           0           0           0           0           0           0           0           0           0           0 0.000466576           0           0           0           0           0           0           0           0           0           0           0           0           0
          0           0           0           0           0           0           0           0           0           0           0           0           0           0    0.493799           0           0           0           0           0           0           0           0           0           0           0           0
          0           0           0           0           0           0           0           0           0           0           0           0           0           0           0 0.000431945           0           0           0           0           0           0           0           0           0           0           0
          0           0           0           0           0           0           0           0           0           0           0           0           0           0           0           0 0.000587767           0           0           0           0           0           0           0           0           0           0
          0           0           0           0           0           0           0           0           0           0           0           0           0           0           0           0           0 0.000127134           0           0           0           0           0           0           0           0           0
          0           0           0           0           0           0           0           0           0           0           0           0           0           0           0           0           0           0     8.71456           0           0           0           0           0           0           0           0
          0           0           0           0           0           0           0           0           0           0           0           0           0           0           0           0           0           0           0 4.72891e-07           0           0           0           0           0           0           0
          0           0           0           0           0           0           0           0           0           0           0           0           0           0           0           0           0           0           0           0 0.000264139           0           0           0           0           0           0
          0           0           0           0           0           0           0           0           0           0           0           0           0           0           0           0           0           0           0           0           0      3.6737           0           0           0           0           0
          0           0           0           0           0           0           0           0           0           0           0           0           0           0           0           0           0           0           0           0           0           0 6.34071e-05           0           0           0           0
          0           0           0           0           0           0           0           0           0           0           0           0           0           0           0           0           0           0           0           0           0           0           0 0.000527427           0           0           0
          0           0           0           0           0           0           0           0           0           0           0           0           0           0           0           0           0           0           0           0           0           0           0           0     2.22062           0           0
          0           0           0           0           0           0           0           0           0           0           0           0           0           0           0           0           0           0           0           0           0           0           0           0           0     5.64911           0
          0           0           0           0           0           0           0           0           0           0           0           0           0           0           0           0           0           0           0           0           0           0           0           0           0           0 0.000126575

Chkpt reached!
new weight matrix:
   0.013428           0           0           0           0           0           0           0           0           0           0           0           0           0           0           0           0           0           0           0           0           0           0           0           0           0           0
          0  0.00522221           0           0           0           0           0           0           0           0           0           0           0           0           0           0           0           0           0           0           0           0           0           0           0           0           0
          0           0   0.0948879           0           0           0           0           0           0           0           0           0           0           0           0           0           0           0           0           0           0           0           0           0           0           0           0
          0           0           0     158.663           0           0           0           0           0           0           0           0           0           0           0           0           0           0           0           0           0           0           0           0           0           0           0
          0           0           0           0  0.00450473           0           0           0           0           0           0           0           0           0           0           0           0           0           0           0           0           0           0           0           0           0           0
          0           0           0           0           0   0.0577142           0           0           0           0           0           0           0           0           0           0           0           0           0           0           0           0           0           0           0           0           0
          0           0           0           0           0           0 7.23433e-06           0           0           0           0           0           0           0           0           0           0           0           0           0           0           0           0           0           0           0           0
          0           0           0           0           0           0           0 5.53886e-07           0           0           0           0           0           0           0           0           0           0           0           0           0           0           0           0           0           0           0
          0           0           0           0           0           0           0           0 0.000498568           0           0           0           0           0           0           0           0           0           0           0           0           0           0           0           0           0           0
          0           0           0           0           0           0           0           0           0     3168.34           0           0           0           0           0           0           0           0           0           0           0           0           0           0           0           0           0
          0           0           0           0           0           0           0           0           0           0 4.73368e-07           0           0           0           0           0           0           0           0           0           0           0           0           0           0           0           0
          0           0           0           0           0           0           0           0           0           0           0 0.000185089           0           0           0           0           0           0           0           0           0           0           0           0           0           0           0
          0           0           0           0           0           0           0           0           0           0           0           0    0.209883           0           0           0           0           0           0           0           0           0           0           0           0           0           0
          0           0           0           0           0           0           0           0           0           0           0           0           0 0.000593723           0           0           0           0           0           0           0           0           0           0           0           0           0
          0           0           0           0           0           0           0           0           0           0           0           0           0           0    0.363009           0           0           0           0           0           0           0           0           0           0           0           0
          0           0           0           0           0           0           0           0           0           0           0           0           0           0           0  0.00053962           0           0           0           0           0           0           0           0           0           0           0
          0           0           0           0           0           0           0           0           0           0           0           0           0           0           0           0 0.000313937           0           0           0           0           0           0           0           0           0           0
          0           0           0           0           0           0           0           0           0           0           0           0           0           0           0           0           0 0.000169866           0           0           0           0           0           0           0           0           0
          0           0           0           0           0           0           0           0           0           0           0           0           0           0           0           0           0           0     8.16132           0           0           0           0           0           0           0           0
          0           0           0           0           0           0           0           0           0           0           0           0           0           0           0           0           0           0           0 5.14241e-07           0           0           0           0           0           0           0
          0           0           0           0           0           0           0           0           0           0           0           0           0           0           0           0           0           0           0           0 0.000115472           0           0           0           0           0           0
          0           0           0           0           0           0           0           0           0           0           0           0           0           0           0           0           0           0           0           0           0     3.46316           0           0           0           0           0
          0           0           0           0           0           0           0           0           0           0           0           0           0           0           0           0           0           0           0           0           0           0 9.18038e-05           0           0           0           0
          0           0           0           0           0           0           0           0           0           0           0           0           0           0           0           0           0           0           0           0           0           0           0 0.000306377           0           0           0
          0           0           0           0           0           0           0           0           0           0           0           0           0           0           0           0           0           0           0           0           0           0           0           0     2.08401           0           0
          0           0           0           0           0           0           0           0           0           0           0           0           0           0           0           0           0           0           0           0           0           0           0           0           0     1.97611           0
          0           0           0           0           0           0           0           0           0           0           0           0           0           0           0           0           0           0           0           0           0           0           0           0           0           0 6.12838e-05

Chkpt reached!
new weight matrix:
  0.0134215           0           0           0           0           0           0           0           0           0           0           0           0           0           0           0           0           0           0           0           0           0           0           0           0           0           0
          0  0.00535136           0           0           0           0           0           0           0           0           0           0           0           0           0           0           0           0           0           0           0           0           0           0           0           0           0
          0           0   0.0973277           0           0           0           0           0           0           0           0           0           0           0           0           0           0           0           0           0           0           0           0           0           0           0           0
          0           0           0     160.773           0           0           0           0           0           0           0           0           0           0           0           0           0           0           0           0           0           0           0           0           0           0           0
          0           0           0           0  0.00462686           0           0           0           0           0           0           0           0           0           0           0           0           0           0           0           0           0           0           0           0           0           0
          0           0           0           0           0   0.0520286           0           0           0           0           0           0           0           0           0           0           0           0           0           0           0           0           0           0           0           0           0
          0           0           0           0           0           0 7.21536e-06           0           0           0           0           0           0           0           0           0           0           0           0           0           0           0           0           0           0           0           0
          0           0           0           0           0           0           0 5.64307e-07           0           0           0           0           0           0           0           0           0           0           0           0           0           0           0           0           0           0           0
          0           0           0           0           0           0           0           0 0.000526544           0           0           0           0           0           0           0           0           0           0           0           0           0           0           0           0           0           0
          0           0           0           0           0           0           0           0           0     3137.42           0           0           0           0           0           0           0           0           0           0           0           0           0           0           0           0           0
          0           0           0           0           0           0           0           0           0           0 4.83542e-07           0           0           0           0           0           0           0           0           0           0           0           0           0           0           0           0
          0           0           0           0           0           0           0           0           0           0           0 0.000150843           0           0           0           0           0           0           0           0           0           0           0           0           0           0           0
          0           0           0           0           0           0           0           0           0           0           0           0    0.214488           0           0           0           0           0           0           0           0           0           0           0           0           0           0
          0           0           0           0           0           0           0           0           0           0           0           0           0 0.000598978           0           0           0           0           0           0           0           0           0           0           0           0           0
          0           0           0           0           0           0           0           0           0           0           0           0           0           0    0.358647           0           0           0           0           0           0           0           0           0           0           0           0
          0           0           0           0           0           0           0           0           0           0           0           0           0           0           0 0.000543792           0           0           0           0           0           0           0           0           0           0           0
          0           0           0           0           0           0           0           0           0           0           0           0           0           0           0           0  0.00030629           0           0           0           0           0           0           0           0           0           0
          0           0           0           0           0           0           0           0           0           0           0           0           0           0           0           0           0 0.000180988           0           0           0           0           0           0           0           0           0
          0           0           0           0           0           0           0           0           0           0           0           0           0           0           0           0           0           0     8.03967           0           0           0           0           0           0           0           0
          0           0           0           0           0           0           0           0           0           0           0           0           0           0           0           0           0           0           0  5.2447e-07           0           0           0           0           0           0           0
          0           0           0           0           0           0           0           0           0           0           0           0           0           0           0           0           0           0           0           0 0.000100763           0           0           0           0           0           0
          0           0           0           0           0           0           0           0           0           0           0           0           0           0           0           0           0           0           0           0           0      3.3897           0           0           0           0           0
          0           0           0           0           0           0           0           0           0           0           0           0           0           0           0           0           0           0           0           0           0           0 9.84615e-05           0           0           0           0
          0           0           0           0           0           0           0           0           0           0           0           0           0           0           0           0           0           0           0           0           0           0           0 0.000282597           0           0           0
          0           0           0           0           0           0           0           0           0           0           0           0           0           0           0           0           0           0           0           0           0           0           0           0     2.04051           0           0
          0           0           0           0           0           0           0           0           0           0           0           0           0           0           0           0           0           0           0           0           0           0           0           0           0     1.78397           0
          0           0           0           0           0           0           0           0           0           0           0           0           0           0           0           0           0           0           0           0           0           0           0           0           0           0 5.45159e-05

New PBMAT:
   0.912884    0.700318    0.287113     0.61926 0.000812312    0.047561     54.7934
   0.818481    0.717349   0.0241453    0.572624    0.022809    0.128357     14.4931
    0.80453    0.743021   0.0795622    0.591976 0.000930929    0.048721      4.0483
   0.909964    0.702064    0.131305     0.61056   0.0783808  0.00678063     834.781
   0.839902    0.689339    0.105543     0.55905  0.00515826   0.0719761     1.50902
    0.85944    0.704526   0.0950494    0.572367   0.0431554    0.093164      2.2105
   0.778647    0.683388    0.143353    0.564997 1.54923e-06    0.227972     4.97621
   0.862942    0.680312   0.0734244    0.609791   0.0110142   0.0213725     2.37766
   0.885915    0.700683   0.0245043    0.469285  0.00714183    0.105668     12.9627
   0.910892    0.695085   0.0307337    0.610515 6.65547e-07   0.0189794     10.7312
   0.893431    0.724666    0.167614    0.488198   0.0187898    0.103304     23.9863
   0.860459     0.64319    0.181829    0.588423   0.0188341    0.133584     13.4321
    0.84341    0.715173    0.101271    0.547996   0.0188539    0.140709     3.12986
   0.883668    0.653253     0.20479    0.584953  0.00237955   0.0357366     22.9564
   0.936992    0.695984    0.173945     0.61125  0.00559399    0.056885     8.71004
   0.865151     0.58237   0.0196381    0.551319   0.0177241   0.0198467     11.3034
     0.8803    0.718811    0.102843    0.530541 7.44247e-09    0.120228     2.58189
   0.931184    0.671956   0.0261754    0.583074    0.010166    0.199332     13.8878
   0.897894    0.753901   0.0739883    0.526917 2.96152e-06     0.02366     3.24514
   0.840955    0.759621   0.0711168    0.575327  0.00873259    0.221271     8.02931
   0.911105    0.661753  0.00693874    0.648052 0.000590937    0.109494     18.1389
   0.885221    0.669339    0.104629    0.586273 0.000206696   0.0385919     1.59619
   0.952708    0.720359    0.110491    0.491416 3.60506e-05    0.161366     2.94356
   0.888787    0.603412     0.13437     0.55901   0.0151428    0.014625     24.7294
   0.836331     0.74686   0.0885135     0.54301 0.000943921   0.0882196     3.37504
    0.91232    0.790272   0.0663661    0.564496   0.0454084   0.0173276     5.59257
   0.881041    0.724366   0.0481723    0.549181 0.000905986   0.0499669      7.6991
   0.864668    0.650881     0.10933    0.583556  0.00454579 0.000871755     9.59428
   0.915173    0.714545   0.0546707    0.558877   0.0102088   0.0204949     3.99272
   0.930647    0.643744   0.0263154    0.626783   0.0440265   0.0749614     11.1198
   0.868715    0.641052   0.0566951     0.70029  6.6184e-05   0.0749002     8.14491
   0.862559    0.563616   0.0991542    0.678861   0.0210124   0.0940476     1.59937
   0.863209    0.646479   0.0812771    0.627626 0.000278092   0.0230077     3.57223
   0.881457    0.629962   0.0781095    0.523405   0.0191216   0.0555393     1.15584
   0.920403    0.737234   0.0922161    0.527107 0.000699766    0.104297     2.70172
   0.871914    0.735115   0.0511202    0.636437 2.79544e-05    0.118392     10.0524
   0.895691    0.715388    0.025869    0.549745   0.0385768    0.144983     13.0696
   0.878624     0.70221    0.125294     0.53921   0.0118362  0.00659975     25.8198
    0.84492    0.728904   0.0362679    0.683825   0.0294869    0.113661     12.0935
   0.914628    0.637257   0.0722084    0.578388    0.125649   0.0664217     8.38744
    0.90488    0.720993   0.0816691     0.67772 0.000590644   0.0911663     5.12882
   0.840957    0.636263   0.0179418     0.64067  0.00844218    0.328926      16.565
   0.897884    0.667984   0.0726888    0.565664    0.206638    0.126912     9.58276
   0.809717    0.731347   0.0318528    0.591717  0.00454227    0.198134     14.3839
   0.858702    0.652921   0.0503921    0.540245   0.0427945   0.0699679     4.49536
   0.871835    0.620269   0.0222605    0.508355   0.0026726   0.0700732     12.9941
   0.926783    0.730737     0.16632    0.546282   0.0618717   0.0830399     61.7352
   0.892696    0.676119    0.122691    0.591171     0.11387   0.0468199     125.998
   0.893545    0.708461    0.113713    0.627711   0.0260111   0.0439463     2.88165
   0.957642    0.683564    0.134564    0.619256    0.128286   0.0978785     49.0318
   0.925202    0.688661   0.0418396    0.555079   0.0343784   0.0395796     5.04919
   0.810249    0.759562    0.047572     0.62935 0.000304076   0.0580002     9.83841
   0.800784     0.73839    0.160957     0.60737    0.133998   0.0760372     160.558
   0.803329    0.582298   0.0374588    0.594298 3.91428e-05   0.0315572     9.34926
   0.887304    0.768454   0.0250043    0.557702 0.000147991   0.0417515     13.1328
   0.930755    0.714755   0.0894146    0.534427 7.50924e-05   0.0436285     1.72406
   0.882817    0.649526   0.0669273    0.590764   0.0132812    0.152454     6.28672
   0.842254    0.723992   0.0493502    0.559121 0.000260375   0.0544181      8.0581
   0.886893    0.681168   0.0147765    0.574933  6.8871e-05   0.0357703     15.2595
   0.852493    0.704605   0.0664051    0.502518    0.029345   0.0275941     1.49049
   0.932818    0.716081    0.187031    0.552969  0.00216642   0.0306858     19.9404
   0.908042    0.644958    0.176536    0.532448  0.00659616    0.012154     36.9972
   0.962663    0.568146    0.148121    0.526543    0.125355   0.0591934     329.388
   0.892146    0.725421   0.0922696    0.502773   0.0588745   0.0553731      10.279
   0.864328    0.678993   0.0596463    0.606472    0.039907   0.0385119     2.11214
   0.794122    0.581232     0.14161    0.607412   0.0583343     0.01433     264.412
   0.917455    0.646093   0.0392895    0.630015   0.0022497    0.019949     8.54172
   0.907465    0.681208   0.0253247    0.562869   0.0327208   0.0179463     8.40312
   0.789742    0.691396   0.0765634    0.635697 0.000236486   0.0261302     4.50821
   0.949909    0.655597    0.087922    0.617088    0.001253    0.105211     3.35399
   0.735209    0.677418   0.0765132    0.603252   0.0620236    0.216847     6.58716
    0.94715    0.737639    0.121482    0.529231    0.109747     0.10815     35.2872
   0.885682    0.633424   0.0579502    0.569415  0.00567492   0.0191555      4.0836
   0.917812    0.703672     0.10881    0.554217  0.00646198   0.0129293     4.93745
   0.907383    0.695063   0.0706443    0.527658  0.00205303   0.0435835     3.11668
   0.906456    0.744418    0.100569    0.662845  0.00482701    0.084782     2.75692
   0.926587    0.695755    0.182166    0.491856   0.0133408   0.0776157     33.7005
   0.887035      0.7063   0.0518501    0.619537  0.00748432   0.0185063     5.67954
   0.927604    0.731767   0.0600214    0.666838 0.000573219   0.0264712      6.3071
   0.850415    0.652899   0.0441645    0.480567   0.0108421   0.0413319      5.8485
   0.845292    0.697771   0.0739221    0.632503  0.00583445   0.0267112     3.53952
   0.882653    0.604356    0.107712    0.553653   0.0253115   0.0502268     3.23713
   0.908471    0.622298    0.169704    0.553181  0.00171519   0.0358502     12.5658
   0.959794    0.645782   0.0648009    0.557776  0.00819663    0.109989     5.10155
   0.965791    0.684386    0.104121    0.472151   0.0839931    0.198159     9.35083
   0.814112    0.626964    0.102865    0.670403 9.80776e-05   0.0428593      2.3575
   0.899684    0.711816   0.0563899    0.580326   0.0191092   0.0331918     3.62007
   0.781287    0.743327   0.0423711    0.527266 0.000441737    0.178473     12.1371
   0.965921    0.617388   0.0440363    0.612767 0.000449963   0.0476589     8.16333
   0.870743    0.771962   0.0499124    0.633286   0.0400147   0.0129596     2.75868
   0.853724    0.788406    0.102597    0.583932 0.000348028   0.0688167     2.41659
   0.801313    0.745659     0.14553    0.561346   0.0247198   0.0394179     18.9743
   0.908222    0.592058   0.0792281    0.604998 5.63771e-06    0.136514     4.62905
   0.925594    0.649136   0.0203608    0.562361   0.0206605  0.00281161      9.6954
   0.919776    0.678582    0.024239    0.528245   0.0149862    0.107534     12.9727
   0.920972     0.68752   0.0712987    0.496675    0.120403   0.0450538     34.3471
   0.846084    0.753986   0.0976626    0.624879 0.000286879    0.123716     4.27289
   0.864309    0.731709   0.0233324    0.533492  0.00264833    0.102784     14.3907
     0.7872    0.698202    0.147943    0.525626   0.0905152    0.137817     38.1643
   0.860242    0.670873   0.0599288    0.625243   0.0441212    0.167166     7.22759

underflow!3.60506e-05
pos   0.952708    0.720359    0.110491    0.491416 3.60506e-05    0.161366
underflow!0.000943921
pos   0.836331     0.74686   0.0885135     0.54301 0.000943921   0.0882196
underflow!0.00454579
pos   0.864668    0.650881     0.10933    0.583556  0.00454579 0.000871755
underflow!0.000699766
pos   0.920403    0.737234   0.0922161    0.527107 0.000699766    0.104297
underflow!0.0026726
pos 0.871835  0.620269 0.0222605  0.508355 0.0026726 0.0700732
underflow!7.50924e-05
pos   0.930755    0.714755   0.0894146    0.534427 7.50924e-05   0.0436285
underflow!0.000260375
pos   0.842254    0.723992   0.0493502    0.559121 0.000260375   0.0544181
underflow!0.00216642
pos  0.932818   0.716081   0.187031   0.552969 0.00216642  0.0306858
underflow!0.001253
pos0.949909 0.655597 0.087922 0.617088 0.001253 0.105211
underflow!0.00205303
pos  0.907383   0.695063  0.0706443   0.527658 0.00205303  0.0435835
underflow!0.00482701
pos  0.906456   0.744418   0.100569   0.662845 0.00482701   0.084782
underflow!0.000573219
pos   0.927604    0.731767   0.0600214    0.666838 0.000573219   0.0264712
underflow!0.00171519
pos  0.908471   0.622298   0.169704   0.553181 0.00171519  0.0358502
underflow!0.000441737
pos   0.781287    0.743327   0.0423711    0.527266 0.000441737    0.178473
underflow!0.000348028
pos   0.853724    0.788406    0.102597    0.583932 0.000348028   0.0688167
underflow!0.00281161
pos  0.925594   0.649136  0.0203608   0.562361  0.0206605 0.00281161
underflow!0.000286879
pos   0.846084    0.753986   0.0976626    0.624879 0.000286879    0.123716
underflow!0.00264833
pos  0.864309   0.731709  0.0233324   0.533492 0.00264833   0.102784
underflow!0.00334616
pos  0.874512   0.655953    0.18018   0.530192 0.00334616   0.037407
underflow!0.0031194
pos 0.799029  0.752348 0.0890693  0.544789 0.0031194 0.0834429
underflow!0.00266534
pos  0.875045   0.706597  0.0619125   0.577618 0.00266534  0.0479489
underflow!0.00464234
pos  0.811202   0.771166  0.0346694   0.669144 0.00464234   0.191086
underflow!0.0034422
pos 0.864377   0.67055 0.0547002  0.554549 0.0034422  0.039564
underflow!0.0010857
pos 0.904487  0.730268 0.0607832  0.664419 0.0010857 0.0334831
underflow!0.00382639
pos  0.820825   0.623814  0.0984384   0.652794 0.00382639  0.0439421
underflow!0.00460464
pos  0.879853   0.732118  0.0854521   0.614372 0.00460464  0.0906286
underflow!0.00275367
pos  0.903793   0.685071  0.0367062   0.614473 0.00275367  0.0146235
underflow!0.00190668
pos  0.874181   0.633441   0.294899   0.530682 0.00190668  0.0185471
underflow!0.00391374
pos  0.897632   0.723673  0.0764339   0.552634 0.00391374  0.0137483
underflow!0.00207958
pos  0.909448    0.65646  0.0129259   0.652421 0.00207958  0.0643294
underflow!0.00393547
pos  0.918838   0.694664   0.105594   0.501046 0.00393547   0.144315
underflow!0.00357087
pos  0.828276   0.653467  0.0603311   0.675654 0.00357087  0.0704194
underflow!0.00409184
pos  0.859337   0.624146  0.0801723   0.615819 0.00409184  0.0275632
underflow!0.00300125
pos  0.751435   0.734406  0.0158965   0.740893 0.00300125   0.186122
underflow!0.00375249
pos  0.889056   0.728461  0.0501996   0.565945 0.00375249  0.0477254
underflow!0.00229818
pos  0.916725   0.656204  0.0154194   0.629314 0.00229818  0.0201983
underflow!0.00261971
pos  0.895431   0.655644  0.0562876   0.613433 0.00261971  0.0229034
underflow!0.00245395
pos  0.950922   0.673723  0.0568031   0.661733 0.00245395  0.0436939
underflow!0.00148297
pos  0.853804   0.783708   0.111467   0.583432 0.00148297  0.0806877
underflow!0.00400361
pos  0.914749   0.644962  0.0295374   0.586537   0.010093 0.00400361
underflow!0.00383003
pos  0.801376   0.754368   0.144583   0.590793 0.00383003  0.0522923
underflow!0.00277513
pos  0.901968    0.69952  0.0218972   0.509502 0.00277513  0.0155191
underflow!0.00312249
pos  0.956502   0.654324  0.0873482   0.627009 0.00312249  0.0915006
underflow!0.00475775
pos  0.822448   0.727173  0.0530351   0.704268 0.00475775  0.0310435
underflow!0.00270111
pos  0.874621   0.631066   0.102262    0.58546 0.00270111  0.0310354
underflow!0.00494582
pos  0.889867   0.601216  0.0556234    0.57668 0.00494582   0.145273
underflow!0.00462535
pos  0.879451   0.670804  0.0676503   0.640991 0.00462535  0.0578929
underflow!0.00469288
pos  0.906743   0.663183  0.0173005    0.59497 0.00469288   0.012116
underflow!0.00487619
pos   0.90837   0.664846  0.0938151    0.49806 0.00487619   0.191935
underflow!0.00109388
pos  0.787589   0.741328  0.0236099   0.700017 0.00109388   0.218404
underflow!0.00296901
pos  0.844056   0.529475   0.100996   0.448343 0.00296901  0.0352168
underflow!0.00394781
pos  0.921646   0.596304   0.106483   0.634961 0.00394781   0.063649
underflow!0.00373121
pos  0.871776   0.636131   0.102431   0.651983 0.00373121  0.0868278
underflow!0.00424984
pos  0.870187   0.594288   0.176443   0.501681 0.00424984  0.0630368
underflow!0.00381058
pos  0.872858   0.496864  0.0958136    0.57164 0.00381058  0.0165028
underflow!0.00428335
pos  0.878854   0.502092   0.079668   0.608849 0.00428335  0.0959942
underflow!0.00352745
pos  0.849151    0.36779  0.0442342   0.539933 0.00352745  0.0216725
underflow!0.00309275
pos   0.87737    0.50063  0.0883831   0.518126 0.00309275   0.185277
underflow!0.00421045
pos  0.889562   0.599473   0.071906   0.490752 0.00421045  0.0254785
underflow!0.00317647
pos  0.899502   0.431187  0.0409144   0.468459 0.00317647  0.0628381
underflow!0.00166318
pos  0.805221   0.460789  0.0759031    0.57553 0.00166318  0.0723035
underflow!0.00349857
pos   0.79826   0.462427  0.0805181   0.550657 0.00349857   0.069185
