PSO_S_ODE_NonLinear
Using two part PSO Sample Size:5000 with:27 moments.
Using Times:10 30 50
Bounds for Uniform Distribution (0,1)
Blind PSO --> nParts:1000 Nsteps:10
Targeted PSO --> nParts:10 Nsteps:100
sdbeta:0.1
wt:
1 0 0 0 0 0 0 0 0 0 0 0 0 0 0 0 0 0 0 0 0 0 0 0 0 0 0
0 1 0 0 0 0 0 0 0 0 0 0 0 0 0 0 0 0 0 0 0 0 0 0 0 0 0
0 0 1 0 0 0 0 0 0 0 0 0 0 0 0 0 0 0 0 0 0 0 0 0 0 0 0
0 0 0 1 0 0 0 0 0 0 0 0 0 0 0 0 0 0 0 0 0 0 0 0 0 0 0
0 0 0 0 1 0 0 0 0 0 0 0 0 0 0 0 0 0 0 0 0 0 0 0 0 0 0
0 0 0 0 0 1 0 0 0 0 0 0 0 0 0 0 0 0 0 0 0 0 0 0 0 0 0
0 0 0 0 0 0 1 0 0 0 0 0 0 0 0 0 0 0 0 0 0 0 0 0 0 0 0
0 0 0 0 0 0 0 1 0 0 0 0 0 0 0 0 0 0 0 0 0 0 0 0 0 0 0
0 0 0 0 0 0 0 0 1 0 0 0 0 0 0 0 0 0 0 0 0 0 0 0 0 0 0
0 0 0 0 0 0 0 0 0 1 0 0 0 0 0 0 0 0 0 0 0 0 0 0 0 0 0
0 0 0 0 0 0 0 0 0 0 1 0 0 0 0 0 0 0 0 0 0 0 0 0 0 0 0
0 0 0 0 0 0 0 0 0 0 0 1 0 0 0 0 0 0 0 0 0 0 0 0 0 0 0
0 0 0 0 0 0 0 0 0 0 0 0 1 0 0 0 0 0 0 0 0 0 0 0 0 0 0
0 0 0 0 0 0 0 0 0 0 0 0 0 1 0 0 0 0 0 0 0 0 0 0 0 0 0
0 0 0 0 0 0 0 0 0 0 0 0 0 0 1 0 0 0 0 0 0 0 0 0 0 0 0
0 0 0 0 0 0 0 0 0 0 0 0 0 0 0 1 0 0 0 0 0 0 0 0 0 0 0
0 0 0 0 0 0 0 0 0 0 0 0 0 0 0 0 1 0 0 0 0 0 0 0 0 0 0
0 0 0 0 0 0 0 0 0 0 0 0 0 0 0 0 0 1 0 0 0 0 0 0 0 0 0
0 0 0 0 0 0 0 0 0 0 0 0 0 0 0 0 0 0 1 0 0 0 0 0 0 0 0
0 0 0 0 0 0 0 0 0 0 0 0 0 0 0 0 0 0 0 1 0 0 0 0 0 0 0
0 0 0 0 0 0 0 0 0 0 0 0 0 0 0 0 0 0 0 0 1 0 0 0 0 0 0
0 0 0 0 0 0 0 0 0 0 0 0 0 0 0 0 0 0 0 0 0 1 0 0 0 0 0
0 0 0 0 0 0 0 0 0 0 0 0 0 0 0 0 0 0 0 0 0 0 1 0 0 0 0
0 0 0 0 0 0 0 0 0 0 0 0 0 0 0 0 0 0 0 0 0 0 0 1 0 0 0
0 0 0 0 0 0 0 0 0 0 0 0 0 0 0 0 0 0 0 0 0 0 0 0 1 0 0
0 0 0 0 0 0 0 0 0 0 0 0 0 0 0 0 0 0 0 0 0 0 0 0 0 1 0
0 0 0 0 0 0 0 0 0 0 0 0 0 0 0 0 0 0 0 0 0 0 0 0 0 0 1
mu: 80 120  85
covarMat:
 50   0   0
  0 100   0
  0   0  50

Yt:  11.1758   11.7845   7.49479  0.351489   19.6307   8.69427   153.659   341.531   35.6202 0.0498743   466.398   49.4188    2.2623   29.8646   1.80585   33.9327   36.7898   43.2544  0.440151   385.226   47.3354  0.903726   79.7783   40.6561   1.39375   1.09222   89.0838
with truk cost:1328.84
seedk:0.588019 0.143936 0.722839  0.90114 0.781672 0.823904| cost:3197.12
Xt:12.1914 13.1431 6.86482 1.85666 21.8646 6.02232 155.744 348.125 33.0853 1.38756  501.01 25.4635 10.1191  30.665 10.3323 51.1164 26.9032 49.8635 4.33974 402.328 43.7423  5.0031 87.9519 29.0253 10.7304 4.38921 77.1568
PSO begins!
New GBMAT from blind pso!
0.588019 0.143936 0.722839  0.90114 0.781672 0.823904  3197.12
0.588019 0.143936 0.722839  0.90114 0.781672 0.823904  3197.12


overflow!
overflow!
underflow!0.00413069
pos   0.20484    0.92514   0.315313 0.00413069   0.552399   0.566383
overflow!
overflow!
underflow!0.000490611
pos   0.277472    0.903752 0.000490611    0.646713    0.749528     0.10694
underflow!0.00237775
pos  0.175925   0.609912   0.493277   0.093921   0.944368 0.00237775
underflow!0.00152102
pos  0.550212   0.186368   0.544121  0.0875198   0.610041 0.00152102
underflow!0.00391906
pos0.00391906   0.327477   0.750534   0.296271   0.719248   0.496594
overflow!
overflow!
underflow!0.00304589
pos  0.850945    0.13475   0.738386 0.00304589   0.633386  0.0874513
underflow!0.00461139
pos0.00461139   0.124135   0.054667    0.66409   0.441299   0.602255
overflow!
overflow!
overflow!
overflow!
underflow!0.00322643
pos0.00322643   0.582112  0.0735926   0.549944   0.514937   0.327113
underflow!0.00179235
pos  0.272213   0.398929   0.060115 0.00179235   0.598352   0.484667
underflow!0.00318104
pos  0.268483   0.554022   0.186217   0.343864 0.00318104   0.891464
overflow!
overflow!
underflow!0.00395046
pos  0.740165  0.0233186 0.00395046   0.867394  0.0858279   0.759798
overflow!
overflow!
New GBMAT from blind pso!
0.588019 0.143936 0.722839  0.90114 0.781672 0.823904  3197.12
0.588019 0.143936 0.722839  0.90114 0.781672 0.823904  3197.12
0.639618 0.434731 0.165523 0.721779 0.337487 0.150829  506.358


underflow!0.00297413
pos  0.656674   0.516643   0.325513   0.613241   0.274685 0.00297413
underflow!0.00319682
pos  0.739169  0.0152337 0.00319682   0.828072   0.088321   0.861489
New GBMAT from blind pso!
0.588019 0.143936 0.722839  0.90114 0.781672 0.823904  3197.12
0.588019 0.143936 0.722839  0.90114 0.781672 0.823904  3197.12
0.639618 0.434731 0.165523 0.721779 0.337487 0.150829  506.358
0.639618 0.434731 0.165523 0.721779 0.337487 0.150829  506.358


New GBMAT from blind pso!
0.588019 0.143936 0.722839  0.90114 0.781672 0.823904  3197.12
0.588019 0.143936 0.722839  0.90114 0.781672 0.823904  3197.12
0.639618 0.434731 0.165523 0.721779 0.337487 0.150829  506.358
0.639618 0.434731 0.165523 0.721779 0.337487 0.150829  506.358
0.632474 0.541832 0.125769 0.787199 0.433443 0.104871  483.709


New GBMAT from blind pso!
 0.588019  0.143936  0.722839   0.90114  0.781672  0.823904   3197.12
 0.588019  0.143936  0.722839   0.90114  0.781672  0.823904   3197.12
 0.639618  0.434731  0.165523  0.721779  0.337487  0.150829   506.358
 0.639618  0.434731  0.165523  0.721779  0.337487  0.150829   506.358
 0.632474  0.541832  0.125769  0.787199  0.433443  0.104871   483.709
 0.599905  0.399143  0.114559  0.761382  0.273867 0.0927814   354.534


New GBMAT from blind pso!
 0.588019  0.143936  0.722839   0.90114  0.781672  0.823904   3197.12
 0.588019  0.143936  0.722839   0.90114  0.781672  0.823904   3197.12
 0.639618  0.434731  0.165523  0.721779  0.337487  0.150829   506.358
 0.639618  0.434731  0.165523  0.721779  0.337487  0.150829   506.358
 0.632474  0.541832  0.125769  0.787199  0.433443  0.104871   483.709
 0.599905  0.399143  0.114559  0.761382  0.273867 0.0927814   354.534
 0.599905  0.399143  0.114559  0.761382  0.273867 0.0927814   354.534


New GBMAT from blind pso!
 0.588019  0.143936  0.722839   0.90114  0.781672  0.823904   3197.12
 0.588019  0.143936  0.722839   0.90114  0.781672  0.823904   3197.12
 0.639618  0.434731  0.165523  0.721779  0.337487  0.150829   506.358
 0.639618  0.434731  0.165523  0.721779  0.337487  0.150829   506.358
 0.632474  0.541832  0.125769  0.787199  0.433443  0.104871   483.709
 0.599905  0.399143  0.114559  0.761382  0.273867 0.0927814   354.534
 0.599905  0.399143  0.114559  0.761382  0.273867 0.0927814   354.534
 0.599905  0.399143  0.114559  0.761382  0.273867 0.0927814   354.534


New GBMAT from blind pso!
 0.588019  0.143936  0.722839   0.90114  0.781672  0.823904   3197.12
 0.588019  0.143936  0.722839   0.90114  0.781672  0.823904   3197.12
 0.639618  0.434731  0.165523  0.721779  0.337487  0.150829   506.358
 0.639618  0.434731  0.165523  0.721779  0.337487  0.150829   506.358
 0.632474  0.541832  0.125769  0.787199  0.433443  0.104871   483.709
 0.599905  0.399143  0.114559  0.761382  0.273867 0.0927814   354.534
 0.599905  0.399143  0.114559  0.761382  0.273867 0.0927814   354.534
 0.599905  0.399143  0.114559  0.761382  0.273867 0.0927814   354.534
 0.599905  0.399143  0.114559  0.761382  0.273867 0.0927814   354.534


New GBMAT from blind pso!
 0.588019  0.143936  0.722839   0.90114  0.781672  0.823904   3197.12
 0.588019  0.143936  0.722839   0.90114  0.781672  0.823904   3197.12
 0.639618  0.434731  0.165523  0.721779  0.337487  0.150829   506.358
 0.639618  0.434731  0.165523  0.721779  0.337487  0.150829   506.358
 0.632474  0.541832  0.125769  0.787199  0.433443  0.104871   483.709
 0.599905  0.399143  0.114559  0.761382  0.273867 0.0927814   354.534
 0.599905  0.399143  0.114559  0.761382  0.273867 0.0927814   354.534
 0.599905  0.399143  0.114559  0.761382  0.273867 0.0927814   354.534
 0.599905  0.399143  0.114559  0.761382  0.273867 0.0927814   354.534
 0.676392  0.391501  0.116196  0.750548  0.217135 0.0957609   333.396


New GBMAT from blind pso!
 0.588019  0.143936  0.722839   0.90114  0.781672  0.823904   3197.12
 0.588019  0.143936  0.722839   0.90114  0.781672  0.823904   3197.12
 0.639618  0.434731  0.165523  0.721779  0.337487  0.150829   506.358
 0.639618  0.434731  0.165523  0.721779  0.337487  0.150829   506.358
 0.632474  0.541832  0.125769  0.787199  0.433443  0.104871   483.709
 0.599905  0.399143  0.114559  0.761382  0.273867 0.0927814   354.534
 0.599905  0.399143  0.114559  0.761382  0.273867 0.0927814   354.534
 0.599905  0.399143  0.114559  0.761382  0.273867 0.0927814   354.534
 0.599905  0.399143  0.114559  0.761382  0.273867 0.0927814   354.534
 0.676392  0.391501  0.116196  0.750548  0.217135 0.0957609   333.396
   0.6471  0.397668  0.100909  0.766995  0.238972 0.0786465     318.3


GBMAT from blind PSO:

 0.588019  0.143936  0.722839   0.90114  0.781672  0.823904   3197.12
 0.588019  0.143936  0.722839   0.90114  0.781672  0.823904   3197.12
 0.639618  0.434731  0.165523  0.721779  0.337487  0.150829   506.358
 0.639618  0.434731  0.165523  0.721779  0.337487  0.150829   506.358
 0.632474  0.541832  0.125769  0.787199  0.433443  0.104871   483.709
 0.599905  0.399143  0.114559  0.761382  0.273867 0.0927814   354.534
 0.599905  0.399143  0.114559  0.761382  0.273867 0.0927814   354.534
 0.599905  0.399143  0.114559  0.761382  0.273867 0.0927814   354.534
 0.599905  0.399143  0.114559  0.761382  0.273867 0.0927814   354.534
 0.676392  0.391501  0.116196  0.750548  0.217135 0.0957609   333.396
   0.6471  0.397668  0.100909  0.766995  0.238972 0.0786465     318.3

truk:  0.515996 0.0603199  0.103199  0.896801   0.05516 0.0722394
total difference b/w truk and final GBVEC0.181675

blind PSO FINISHED RUNNING IN 4136 s TIME!
targeted PSO has started!
Updating Weight Matrix!
GBVEC AND COST:   0.6471  0.397668  0.100909  0.766995  0.238972 0.0786465     318.3
Chkpt reached!
new weight matrix:
  0.0141139           0           0           0           0           0           0           0           0           0           0           0           0           0           0           0           0           0           0           0           0           0           0           0           0           0           0
          0  0.00473178           0           0           0           0           0           0           0           0           0           0           0           0           0           0           0           0           0           0           0           0           0           0           0           0           0
          0           0   0.0743876           0           0           0           0           0           0           0           0           0           0           0           0           0           0           0           0           0           0           0           0           0           0           0           0
          0           0           0     91.0008           0           0           0           0           0           0           0           0           0           0           0           0           0           0           0           0           0           0           0           0           0           0           0
          0           0           0           0  0.00405459           0           0           0           0           0           0           0           0           0           0           0           0           0           0           0           0           0           0           0           0           0           0
          0           0           0           0           0    0.123319           0           0           0           0           0           0           0           0           0           0           0           0           0           0           0           0           0           0           0           0           0
          0           0           0           0           0           0 7.75113e-06           0           0           0           0           0           0           0           0           0           0           0           0           0           0           0           0           0           0           0           0
          0           0           0           0           0           0           0  5.1351e-07           0           0           0           0           0           0           0           0           0           0           0           0           0           0           0           0           0           0           0
          0           0           0           0           0           0           0           0 0.000306104           0           0           0           0           0           0           0           0           0           0           0           0           0           0           0           0           0           0
          0           0           0           0           0           0           0           0           0      789.55           0           0           0           0           0           0           0           0           0           0           0           0           0           0           0           0           0
          0           0           0           0           0           0           0           0           0           0 4.33293e-07           0           0           0           0           0           0           0           0           0           0           0           0           0           0           0           0
          0           0           0           0           0           0           0           0           0           0           0 0.000817811           0           0           0           0           0           0           0           0           0           0           0           0           0           0           0
          0           0           0           0           0           0           0           0           0           0           0           0     0.23058           0           0           0           0           0           0           0           0           0           0           0           0           0           0
          0           0           0           0           0           0           0           0           0           0           0           0           0 0.000471241           0           0           0           0           0           0           0           0           0           0           0           0           0
          0           0           0           0           0           0           0           0           0           0           0           0           0           0    0.221955           0           0           0           0           0           0           0           0           0           0           0           0
          0           0           0           0           0           0           0           0           0           0           0           0           0           0           0 0.000430387           0           0           0           0           0           0           0           0           0           0           0
          0           0           0           0           0           0           0           0           0           0           0           0           0           0           0           0 0.000582854           0           0           0           0           0           0           0           0           0           0
          0           0           0           0           0           0           0           0           0           0           0           0           0           0           0           0           0 0.000128527           0           0           0           0           0           0           0           0           0
          0           0           0           0           0           0           0           0           0           0           0           0           0           0           0           0           0           0     3.83584           0           0           0           0           0           0           0           0
          0           0           0           0           0           0           0           0           0           0           0           0           0           0           0           0           0           0           0 4.74365e-07           0           0           0           0           0           0           0
          0           0           0           0           0           0           0           0           0           0           0           0           0           0           0           0           0           0           0           0 0.000254542           0           0           0           0           0           0
          0           0           0           0           0           0           0           0           0           0           0           0           0           0           0           0           0           0           0           0           0     1.61326           0           0           0           0           0
          0           0           0           0           0           0           0           0           0           0           0           0           0           0           0           0           0           0           0           0           0           0 6.39621e-05           0           0           0           0
          0           0           0           0           0           0           0           0           0           0           0           0           0           0           0           0           0           0           0           0           0           0           0  0.00051097           0           0           0
          0           0           0           0           0           0           0           0           0           0           0           0           0           0           0           0           0           0           0           0           0           0           0           0    0.941574           0           0
          0           0           0           0           0           0           0           0           0           0           0           0           0           0           0           0           0           0           0           0           0           0           0           0           0     2.51357           0
          0           0           0           0           0           0           0           0           0           0           0           0           0           0           0           0           0           0           0           0           0           0           0           0           0           0 0.000122037

Chkpt reached!
new weight matrix:
  0.0133983           0           0           0           0           0           0           0           0           0           0           0           0           0           0           0           0           0           0           0           0           0           0           0           0           0           0
          0  0.00521668           0           0           0           0           0           0           0           0           0           0           0           0           0           0           0           0           0           0           0           0           0           0           0           0           0
          0           0    0.093627           0           0           0           0           0           0           0           0           0           0           0           0           0           0           0           0           0           0           0           0           0           0           0           0
          0           0           0     57.5876           0           0           0           0           0           0           0           0           0           0           0           0           0           0           0           0           0           0           0           0           0           0           0
          0           0           0           0  0.00450765           0           0           0           0           0           0           0           0           0           0           0           0           0           0           0           0           0           0           0           0           0           0
          0           0           0           0           0   0.0582196           0           0           0           0           0           0           0           0           0           0           0           0           0           0           0           0           0           0           0           0           0
          0           0           0           0           0           0 7.22906e-06           0           0           0           0           0           0           0           0           0           0           0           0           0           0           0           0           0           0           0           0
          0           0           0           0           0           0           0 5.53538e-07           0           0           0           0           0           0           0           0           0           0           0           0           0           0           0           0           0           0           0
          0           0           0           0           0           0           0           0 0.000488978           0           0           0           0           0           0           0           0           0           0           0           0           0           0           0           0           0           0
          0           0           0           0           0           0           0           0           0     267.458           0           0           0           0           0           0           0           0           0           0           0           0           0           0           0           0           0
          0           0           0           0           0           0           0           0           0           0 4.72871e-07           0           0           0           0           0           0           0           0           0           0           0           0           0           0           0           0
          0           0           0           0           0           0           0           0           0           0           0 0.000188504           0           0           0           0           0           0           0           0           0           0           0           0           0           0           0
          0           0           0           0           0           0           0           0           0           0           0           0    0.266513           0           0           0           0           0           0           0           0           0           0           0           0           0           0
          0           0           0           0           0           0           0           0           0           0           0           0           0 0.000593583           0           0           0           0           0           0           0           0           0           0           0           0           0
          0           0           0           0           0           0           0           0           0           0           0           0           0           0    0.129558           0           0           0           0           0           0           0           0           0           0           0           0
          0           0           0           0           0           0           0           0           0           0           0           0           0           0           0  0.00052501           0           0           0           0           0           0           0           0           0           0           0
          0           0           0           0           0           0           0           0           0           0           0           0           0           0           0           0 0.000321895           0           0           0           0           0           0           0           0           0           0
          0           0           0           0           0           0           0           0           0           0           0           0           0           0           0           0           0 0.000169356           0           0           0           0           0           0           0           0           0
          0           0           0           0           0           0           0           0           0           0           0           0           0           0           0           0           0           0     2.50532           0           0           0           0           0           0           0           0
          0           0           0           0           0           0           0           0           0           0           0           0           0           0           0           0           0           0           0 5.13825e-07           0           0           0           0           0           0           0
          0           0           0           0           0           0           0           0           0           0           0           0           0           0           0           0           0           0           0           0 0.000116625           0           0           0           0           0           0
          0           0           0           0           0           0           0           0           0           0           0           0           0           0           0           0           0           0           0           0           0     1.11329           0           0           0           0           0
          0           0           0           0           0           0           0           0           0           0           0           0           0           0           0           0           0           0           0           0           0           0  9.0957e-05           0           0           0           0
          0           0           0           0           0           0           0           0           0           0           0           0           0           0           0           0           0           0           0           0           0           0           0 0.000306679           0           0           0
          0           0           0           0           0           0           0           0           0           0           0           0           0           0           0           0           0           0           0           0           0           0           0           0    0.621977           0           0
          0           0           0           0           0           0           0           0           0           0           0           0           0           0           0           0           0           0           0           0           0           0           0           0           0      0.7036           0
          0           0           0           0           0           0           0           0           0           0           0           0           0           0           0           0           0           0           0           0           0           0           0           0           0           0  6.1652e-05

Chkpt reached!
new weight matrix:
  0.0133957           0           0           0           0           0           0           0           0           0           0           0           0           0           0           0           0           0           0           0           0           0           0           0           0           0           0
          0  0.00533065           0           0           0           0           0           0           0           0           0           0           0           0           0           0           0           0           0           0           0           0           0           0           0           0           0
          0           0   0.0955788           0           0           0           0           0           0           0           0           0           0           0           0           0           0           0           0           0           0           0           0           0           0           0           0
          0           0           0     58.0357           0           0           0           0           0           0           0           0           0           0           0           0           0           0           0           0           0           0           0           0           0           0           0
          0           0           0           0  0.00461471           0           0           0           0           0           0           0           0           0           0           0           0           0           0           0           0           0           0           0           0           0           0
          0           0           0           0           0   0.0531951           0           0           0           0           0           0           0           0           0           0           0           0           0           0           0           0           0           0           0           0           0
          0           0           0           0           0           0 7.21246e-06           0           0           0           0           0           0           0           0           0           0           0           0           0           0           0           0           0           0           0           0
          0           0           0           0           0           0           0 5.62468e-07           0           0           0           0           0           0           0           0           0           0           0           0           0           0           0           0           0           0           0
          0           0           0           0           0           0           0           0 0.000511937           0           0           0           0           0           0           0           0           0           0           0           0           0           0           0           0           0           0
          0           0           0           0           0           0           0           0           0     258.796           0           0           0           0           0           0           0           0           0           0           0           0           0           0           0           0           0
          0           0           0           0           0           0           0           0           0           0 4.81573e-07           0           0           0           0           0           0           0           0           0           0           0           0           0           0           0           0
          0           0           0           0           0           0           0           0           0           0           0 0.000158359           0           0           0           0           0           0           0           0           0           0           0           0           0           0           0
          0           0           0           0           0           0           0           0           0           0           0           0    0.269909           0           0           0           0           0           0           0           0           0           0           0           0           0           0
          0           0           0           0           0           0           0           0           0           0           0           0           0  0.00059813           0           0           0           0           0           0           0           0           0           0           0           0           0
          0           0           0           0           0           0           0           0           0           0           0           0           0           0    0.127095           0           0           0           0           0           0           0           0           0           0           0           0
          0           0           0           0           0           0           0           0           0           0           0           0           0           0           0 0.000528211           0           0           0           0           0           0           0           0           0           0           0
          0           0           0           0           0           0           0           0           0           0           0           0           0           0           0           0 0.000315431           0           0           0           0           0           0           0           0           0           0
          0           0           0           0           0           0           0           0           0           0           0           0           0           0           0           0           0 0.000178759           0           0           0           0           0           0           0           0           0
          0           0           0           0           0           0           0           0           0           0           0           0           0           0           0           0           0           0     2.33725           0           0           0           0           0           0           0           0
          0           0           0           0           0           0           0           0           0           0           0           0           0           0           0           0           0           0           0 5.22586e-07           0           0           0           0           0           0           0
          0           0           0           0           0           0           0           0           0           0           0           0           0           0           0           0           0           0           0           0   0.0001035           0           0           0           0           0           0
          0           0           0           0           0           0           0           0           0           0           0           0           0           0           0           0           0           0           0           0           0     1.06424           0           0           0           0           0
          0           0           0           0           0           0           0           0           0           0           0           0           0           0           0           0           0           0           0           0           0           0 9.64559e-05           0           0           0           0
          0           0           0           0           0           0           0           0           0           0           0           0           0           0           0           0           0           0           0           0           0           0           0 0.000286513           0           0           0
          0           0           0           0           0           0           0           0           0           0           0           0           0           0           0           0           0           0           0           0           0           0           0           0    0.586784           0           0
          0           0           0           0           0           0           0           0           0           0           0           0           0           0           0           0           0           0           0           0           0           0           0           0           0    0.629066           0
          0           0           0           0           0           0           0           0           0           0           0           0           0           0           0           0           0           0           0           0           0           0           0           0           0           0 5.56791e-05

New PBMAT:
 0.703212  0.372511  0.073833   0.71414  0.224903 0.0299017   24.8693
 0.531786  0.331703  0.162268  0.734397  0.212772  0.014296   457.472
 0.604449  0.398142  0.191642  0.718357  0.328658 0.0393227   534.606
 0.721574  0.480718 0.0967866    0.7471  0.169127  0.113863   3.00301
 0.600581  0.421412  0.115316  0.865619  0.203363  0.141727   3.73175
 0.630761  0.429058  0.129576  0.872724  0.288142  0.025791   167.899
 0.570863  0.466945 0.0810142  0.774691  0.242694   0.20989   5.04828
 0.691673   0.27186  0.112695  0.731153  0.329973 0.0444296   119.583
 0.652449  0.389618   0.22714  0.781483  0.274031 0.0843591    145.11
 0.672054   0.42286 0.0871049   0.80282  0.210731 0.0280036   27.6909

Updating Weight Matrix!
GBVEC AND COST: 0.693975  0.386347 0.0543696  0.937206  0.193433   0.04561   1.30931
Chkpt reached!
new weight matrix:
  0.0145606           0           0           0           0           0           0           0           0           0           0           0           0           0           0           0           0           0           0           0           0           0           0           0           0           0           0
          0  0.00460572           0           0           0           0           0           0           0           0           0           0           0           0           0           0           0           0           0           0           0           0           0           0           0           0           0
          0           0    0.067993           0           0           0           0           0           0           0           0           0           0           0           0           0           0           0           0           0           0           0           0           0           0           0           0
          0           0           0     242.764           0           0           0           0           0           0           0           0           0           0           0           0           0           0           0           0           0           0           0           0           0           0           0
          0           0           0           0  0.00393103           0           0           0           0           0           0           0           0           0           0           0           0           0           0           0           0           0           0           0           0           0           0
          0           0           0           0           0    0.165247           0           0           0           0           0           0           0           0           0           0           0           0           0           0           0           0           0           0           0           0           0
          0           0           0           0           0           0 7.99968e-06           0           0           0           0           0           0           0           0           0           0           0           0           0           0           0           0           0           0           0           0
          0           0           0           0           0           0           0 5.01291e-07           0           0           0           0           0           0           0           0           0           0           0           0           0           0           0           0           0           0           0
          0           0           0           0           0           0           0           0 0.000266166           0           0           0           0           0           0           0           0           0           0           0           0           0           0           0           0           0           0
          0           0           0           0           0           0           0           0           0     8088.74           0           0           0           0           0           0           0           0           0           0           0           0           0           0           0           0           0
          0           0           0           0           0           0           0           0           0           0 4.20807e-07           0           0           0           0           0           0           0           0           0           0           0           0           0           0           0           0
          0           0           0           0           0           0           0           0           0           0           0  0.00115169           0           0           0           0           0           0           0           0           0           0           0           0           0           0           0
          0           0           0           0           0           0           0           0           0           0           0           0    0.276514           0           0           0           0           0           0           0           0           0           0           0           0           0           0
          0           0           0           0           0           0           0           0           0           0           0           0           0 0.000429846           0           0           0           0           0           0           0           0           0           0           0           0           0
          0           0           0           0           0           0           0           0           0           0           0           0           0           0    0.647019           0           0           0           0           0           0           0           0           0           0           0           0
          0           0           0           0           0           0           0           0           0           0           0           0           0           0           0 0.000403397           0           0           0           0           0           0           0           0           0           0           0
          0           0           0           0           0           0           0           0           0           0           0           0           0           0           0           0 0.000705233           0           0           0           0           0           0           0           0           0           0
          0           0           0           0           0           0           0           0           0           0           0           0           0           0           0           0           0 0.000115624           0           0           0           0           0           0           0           0           0
          0           0           0           0           0           0           0           0           0           0           0           0           0           0           0           0           0           0     11.2918           0           0           0           0           0           0           0           0
          0           0           0           0           0           0           0           0           0           0           0           0           0           0           0           0           0           0           0 4.62159e-07           0           0           0           0           0           0           0
          0           0           0           0           0           0           0           0           0           0           0           0           0           0           0           0           0           0           0           0 0.000365655           0           0           0           0           0           0
          0           0           0           0           0           0           0           0           0           0           0           0           0           0           0           0           0           0           0           0           0     4.20265           0           0           0           0           0
          0           0           0           0           0           0           0           0           0           0           0           0           0           0           0           0           0           0           0           0           0           0 5.65303e-05           0           0           0           0
          0           0           0           0           0           0           0           0           0           0           0           0           0           0           0           0           0           0           0           0           0           0           0 0.000643572           0           0           0
          0           0           0           0           0           0           0           0           0           0           0           0           0           0           0           0           0           0           0           0           0           0           0           0      2.7297           0           0
          0           0           0           0           0           0           0           0           0           0           0           0           0           0           0           0           0           0           0           0           0           0           0           0           0      8.4261           0
          0           0           0           0           0           0           0           0           0           0           0           0           0           0           0           0           0           0           0           0           0           0           0           0           0           0 0.000170735

Chkpt reached!
new weight matrix:
  0.0135511           0           0           0           0           0           0           0           0           0           0           0           0           0           0           0           0           0           0           0           0           0           0           0           0           0           0
          0  0.00507513           0           0           0           0           0           0           0           0           0           0           0           0           0           0           0           0           0           0           0           0           0           0           0           0           0
          0           0    0.087683           0           0           0           0           0           0           0           0           0           0           0           0           0           0           0           0           0           0           0           0           0           0           0           0
          0           0           0     127.375           0           0           0           0           0           0           0           0           0           0           0           0           0           0           0           0           0           0           0           0           0           0           0
          0           0           0           0  0.00436811           0           0           0           0           0           0           0           0           0           0           0           0           0           0           0           0           0           0           0           0           0           0
          0           0           0           0           0   0.0677459           0           0           0           0           0           0           0           0           0           0           0           0           0           0           0           0           0           0           0           0           0
          0           0           0           0           0           0  7.3302e-06           0           0           0           0           0           0           0           0           0           0           0           0           0           0           0           0           0           0           0           0
          0           0           0           0           0           0           0  5.4056e-07           0           0           0           0           0           0           0           0           0           0           0           0           0           0           0           0           0           0           0
          0           0           0           0           0           0           0           0 0.000434666           0           0           0           0           0           0           0           0           0           0           0           0           0           0           0           0           0           0
          0           0           0           0           0           0           0           0           0     2010.97           0           0           0           0           0           0           0           0           0           0           0           0           0           0           0           0           0
          0           0           0           0           0           0           0           0           0           0 4.59924e-07           0           0           0           0           0           0           0           0           0           0           0           0           0           0           0           0
          0           0           0           0           0           0           0           0           0           0           0 0.000245143           0           0           0           0           0           0           0           0           0           0           0           0           0           0           0
          0           0           0           0           0           0           0           0           0           0           0           0    0.335336           0           0           0           0           0           0           0           0           0           0           0           0           0           0
          0           0           0           0           0           0           0           0           0           0           0           0           0 0.000566131           0           0           0           0           0           0           0           0           0           0           0           0           0
          0           0           0           0           0           0           0           0           0           0           0           0           0           0    0.305763           0           0           0           0           0           0           0           0           0           0           0           0
          0           0           0           0           0           0           0           0           0           0           0           0           0           0           0 0.000516858           0           0           0           0           0           0           0           0           0           0           0
          0           0           0           0           0           0           0           0           0           0           0           0           0           0           0           0 0.000345451           0           0           0           0           0           0           0           0           0           0
          0           0           0           0           0           0           0           0           0           0           0           0           0           0           0           0           0 0.000153298           0           0           0           0           0           0           0           0           0
          0           0           0           0           0           0           0           0           0           0           0           0           0           0           0           0           0           0     6.84985           0           0           0           0           0           0           0           0
          0           0           0           0           0           0           0           0           0           0           0           0           0           0           0           0           0           0           0 5.00993e-07           0           0           0           0           0           0           0
          0           0           0           0           0           0           0           0           0           0           0           0           0           0           0           0           0           0           0           0 0.000140388           0           0           0           0           0           0
          0           0           0           0           0           0           0           0           0           0           0           0           0           0           0           0           0           0           0           0           0     2.67046           0           0           0           0           0
          0           0           0           0           0           0           0           0           0           0           0           0           0           0           0           0           0           0           0           0           0           0 8.10203e-05           0           0           0           0
          0           0           0           0           0           0           0           0           0           0           0           0           0           0           0           0           0           0           0           0           0           0           0  0.00034986           0           0           0
          0           0           0           0           0           0           0           0           0           0           0           0           0           0           0           0           0           0           0           0           0           0           0           0     1.67026           0           0
          0           0           0           0           0           0           0           0           0           0           0           0           0           0           0           0           0           0           0           0           0           0           0           0           0     2.01508           0
          0           0           0           0           0           0           0           0           0           0           0           0           0           0           0           0           0           0           0           0           0           0           0           0           0           0 7.35282e-05

Chkpt reached!
new weight matrix:
  0.0134711           0           0           0           0           0           0           0           0           0           0           0           0           0           0           0           0           0           0           0           0           0           0           0           0           0           0
          0  0.00523157           0           0           0           0           0           0           0           0           0           0           0           0           0           0           0           0           0           0           0           0           0           0           0           0           0
          0           0   0.0918037           0           0           0           0           0           0           0           0           0           0           0           0           0           0           0           0           0           0           0           0           0           0           0           0
          0           0           0     117.212           0           0           0           0           0           0           0           0           0           0           0           0           0           0           0           0           0           0           0           0           0           0           0
          0           0           0           0  0.00451731           0           0           0           0           0           0           0           0           0           0           0           0           0           0           0           0           0           0           0           0           0           0
          0           0           0           0           0   0.0579042           0           0           0           0           0           0           0           0           0           0           0           0           0           0           0           0           0           0           0           0           0
          0           0           0           0           0           0 7.27151e-06           0           0           0           0           0           0           0           0           0           0           0           0           0           0           0           0           0           0           0           0
          0           0           0           0           0           0           0 5.53541e-07           0           0           0           0           0           0           0           0           0           0           0           0           0           0           0           0           0           0           0
          0           0           0           0           0           0           0           0 0.000474958           0           0           0           0           0           0           0           0           0           0           0           0           0           0           0           0           0           0
          0           0           0           0           0           0           0           0           0     1561.36           0           0           0           0           0           0           0           0           0           0           0           0           0           0           0           0           0
          0           0           0           0           0           0           0           0           0           0  4.7276e-07           0           0           0           0           0           0           0           0           0           0           0           0           0           0           0           0
          0           0           0           0           0           0           0           0           0           0           0  0.00018731           0           0           0           0           0           0           0           0           0           0           0           0           0           0           0
          0           0           0           0           0           0           0           0           0           0           0           0    0.351179           0           0           0           0           0           0           0           0           0           0           0           0           0           0
          0           0           0           0           0           0           0           0           0           0           0           0           0 0.000581711           0           0           0           0           0           0           0           0           0           0           0           0           0
          0           0           0           0           0           0           0           0           0           0           0           0           0           0    0.272557           0           0           0           0           0           0           0           0           0           0           0           0
          0           0           0           0           0           0           0           0           0           0           0           0           0           0           0 0.000528954           0           0           0           0           0           0           0           0           0           0           0
          0           0           0           0           0           0           0           0           0           0           0           0           0           0           0           0 0.000326117           0           0           0           0           0           0           0           0           0           0
          0           0           0           0           0           0           0           0           0           0           0           0           0           0           0           0           0 0.000167515           0           0           0           0           0           0           0           0           0
          0           0           0           0           0           0           0           0           0           0           0           0           0           0           0           0           0           0     5.90882           0           0           0           0           0           0           0           0
          0           0           0           0           0           0           0           0           0           0           0           0           0           0           0           0           0           0           0 5.13798e-07           0           0           0           0           0           0           0
          0           0           0           0           0           0           0           0           0           0           0           0           0           0           0           0           0           0           0           0 0.000115507           0           0           0           0           0           0
          0           0           0           0           0           0           0           0           0           0           0           0           0           0           0           0           0           0           0           0           0     2.37663           0           0           0           0           0
          0           0           0           0           0           0           0           0           0           0           0           0           0           0           0           0           0           0           0           0           0           0 8.94967e-05           0           0           0           0
          0           0           0           0           0           0           0           0           0           0           0           0           0           0           0           0           0           0           0           0           0           0           0 0.000308049           0           0           0
          0           0           0           0           0           0           0           0           0           0           0           0           0           0           0           0           0           0           0           0           0           0           0           0     1.45617           0           0
          0           0           0           0           0           0           0           0           0           0           0           0           0           0           0           0           0           0           0           0           0           0           0           0           0     1.53822           0
          0           0           0           0           0           0           0           0           0           0           0           0           0           0           0           0           0           0           0           0           0           0           0           0           0           0 6.16765e-05

Updating Weight Matrix!
GBVEC AND COST:  0.84446  0.325617 0.0726171  0.956167  0.109482 0.0520952  0.578364
Chkpt reached!
new weight matrix:
  0.0142733           0           0           0           0           0           0           0           0           0           0           0           0           0           0           0           0           0           0           0           0           0           0           0           0           0           0
          0  0.00466164           0           0           0           0           0           0           0           0           0           0           0           0           0           0           0           0           0           0           0           0           0           0           0           0           0
          0           0   0.0701158           0           0           0           0           0           0           0           0           0           0           0           0           0           0           0           0           0           0           0           0           0           0           0           0
          0           0           0     242.656           0           0           0           0           0           0           0           0           0           0           0           0           0           0           0           0           0           0           0           0           0           0           0
          0           0           0           0  0.00398964           0           0           0           0           0           0           0           0           0           0           0           0           0           0           0           0           0           0           0           0           0           0
          0           0           0           0           0     0.14021           0           0           0           0           0           0           0           0           0           0           0           0           0           0           0           0           0           0           0           0           0
          0           0           0           0           0           0 7.87147e-06           0           0           0           0           0           0           0           0           0           0           0           0           0           0           0           0           0           0           0           0
          0           0           0           0           0           0           0 5.07538e-07           0           0           0           0           0           0           0           0           0           0           0           0           0           0           0           0           0           0           0
          0           0           0           0           0           0           0           0 0.000277991           0           0           0           0           0           0           0           0           0           0           0           0           0           0           0           0           0           0
          0           0           0           0           0           0           0           0           0     8174.73           0           0           0           0           0           0           0           0           0           0           0           0           0           0           0           0           0
          0           0           0           0           0           0           0           0           0           0 4.27172e-07           0           0           0           0           0           0           0           0           0           0           0           0           0           0           0           0
          0           0           0           0           0           0           0           0           0           0           0 0.000983795           0           0           0           0           0           0           0           0           0           0           0           0           0           0           0
          0           0           0           0           0           0           0           0           0           0           0           0    0.470271           0           0           0           0           0           0           0           0           0           0           0           0           0           0
          0           0           0           0           0           0           0           0           0           0           0           0           0 0.000450602           0           0           0           0           0           0           0           0           0           0           0           0           0
          0           0           0           0           0           0           0           0           0           0           0           0           0           0    0.649935           0           0           0           0           0           0           0           0           0           0           0           0
          0           0           0           0           0           0           0           0           0           0           0           0           0           0           0 0.000425287           0           0           0           0           0           0           0           0           0           0           0
          0           0           0           0           0           0           0           0           0           0           0           0           0           0           0           0 0.000632383           0           0           0           0           0           0           0           0           0           0
          0           0           0           0           0           0           0           0           0           0           0           0           0           0           0           0           0 0.000121742           0           0           0           0           0           0           0           0           0
          0           0           0           0           0           0           0           0           0           0           0           0           0           0           0           0           0           0     12.1244           0           0           0           0           0           0           0           0
          0           0           0           0           0           0           0           0           0           0           0           0           0           0           0           0           0           0           0  4.6838e-07           0           0           0           0           0           0           0
          0           0           0           0           0           0           0           0           0           0           0           0           0           0           0           0           0           0           0           0  0.00030241           0           0           0           0           0           0
          0           0           0           0           0           0           0           0           0           0           0           0           0           0           0           0           0           0           0           0           0     4.43001           0           0           0           0           0
          0           0           0           0           0           0           0           0           0           0           0           0           0           0           0           0           0           0           0           0           0           0 5.98632e-05           0           0           0           0
          0           0           0           0           0           0           0           0           0           0           0           0           0           0           0           0           0           0           0           0           0           0           0 0.000557189           0           0           0
          0           0           0           0           0           0           0           0           0           0           0           0           0           0           0           0           0           0           0           0           0           0           0           0     2.94899           0           0
          0           0           0           0           0           0           0           0           0           0           0           0           0           0           0           0           0           0           0           0           0           0           0           0           0     7.46702           0
          0           0           0           0           0           0           0           0           0           0           0           0           0           0           0           0           0           0           0           0           0           0           0           0           0           0 0.000142566

Chkpt reached!
new weight matrix:
  0.0133574           0           0           0           0           0           0           0           0           0           0           0           0           0           0           0           0           0           0           0           0           0           0           0           0           0           0
          0  0.00518048           0           0           0           0           0           0           0           0           0           0           0           0           0           0           0           0           0           0           0           0           0           0           0           0           0
          0           0   0.0915905           0           0           0           0           0           0           0           0           0           0           0           0           0           0           0           0           0           0           0           0           0           0           0           0
          0           0           0     153.874           0           0           0           0           0           0           0           0           0           0           0           0           0           0           0           0           0           0           0           0           0           0           0
          0           0           0           0  0.00447262           0           0           0           0           0           0           0           0           0           0           0           0           0           0           0           0           0           0           0           0           0           0
          0           0           0           0           0   0.0583466           0           0           0           0           0           0           0           0           0           0           0           0           0           0           0           0           0           0           0           0           0
          0           0           0           0           0           0 7.24107e-06           0           0           0           0           0           0           0           0           0           0           0           0           0           0           0           0           0           0           0           0
          0           0           0           0           0           0           0 5.50907e-07           0           0           0           0           0           0           0           0           0           0           0           0           0           0           0           0           0           0           0
          0           0           0           0           0           0           0           0  0.00046638           0           0           0           0           0           0           0           0           0           0           0           0           0           0           0           0           0           0
          0           0           0           0           0           0           0           0           0     3089.05           0           0           0           0           0           0           0           0           0           0           0           0           0           0           0           0           0
          0           0           0           0           0           0           0           0           0           0 4.70271e-07           0           0           0           0           0           0           0           0           0           0           0           0           0           0           0           0
          0           0           0           0           0           0           0           0           0           0           0  0.00019175           0           0           0           0           0           0           0           0           0           0           0           0           0           0           0
          0           0           0           0           0           0           0           0           0           0           0           0    0.565547           0           0           0           0           0           0           0           0           0           0           0           0           0           0
          0           0           0           0           0           0           0           0           0           0           0           0           0 0.000591972           0           0           0           0           0           0           0           0           0           0           0           0           0
          0           0           0           0           0           0           0           0           0           0           0           0           0           0    0.369459           0           0           0           0           0           0           0           0           0           0           0           0
          0           0           0           0           0           0           0           0           0           0           0           0           0           0           0 0.000545877           0           0           0           0           0           0           0           0           0           0           0
          0           0           0           0           0           0           0           0           0           0           0           0           0           0           0           0  0.00031452           0           0           0           0           0           0           0           0           0           0
          0           0           0           0           0           0           0           0           0           0           0           0           0           0           0           0           0 0.000165622           0           0           0           0           0           0           0           0           0
          0           0           0           0           0           0           0           0           0           0           0           0           0           0           0           0           0           0     8.96139           0           0           0           0           0           0           0           0
          0           0           0           0           0           0           0           0           0           0           0           0           0           0           0           0           0           0           0  5.1123e-07           0           0           0           0           0           0           0
          0           0           0           0           0           0           0           0           0           0           0           0           0           0           0           0           0           0           0           0 0.000120936           0           0           0           0           0           0
          0           0           0           0           0           0           0           0           0           0           0           0           0           0           0           0           0           0           0           0           0     3.38418           0           0           0           0           0
          0           0           0           0           0           0           0           0           0           0           0           0           0           0           0           0           0           0           0           0           0           0 8.86075e-05           0           0           0           0
          0           0           0           0           0           0           0           0           0           0           0           0           0           0           0           0           0           0           0           0           0           0           0 0.000304209           0           0           0
          0           0           0           0           0           0           0           0           0           0           0           0           0           0           0           0           0           0           0           0           0           0           0           0     2.19978           0           0
          0           0           0           0           0           0           0           0           0           0           0           0           0           0           0           0           0           0           0           0           0           0           0           0           0     1.98307           0
          0           0           0           0           0           0           0           0           0           0           0           0           0           0           0           0           0           0           0           0           0           0           0           0           0           0 6.35885e-05

Chkpt reached!
new weight matrix:
  0.0133265           0           0           0           0           0           0           0           0           0           0           0           0           0           0           0           0           0           0           0           0           0           0           0           0           0           0
          0  0.00534189           0           0           0           0           0           0           0           0           0           0           0           0           0           0           0           0           0           0           0           0           0           0           0           0           0
          0           0   0.0952203           0           0           0           0           0           0           0           0           0           0           0           0           0           0           0           0           0           0           0           0           0           0           0           0
          0           0           0     151.978           0           0           0           0           0           0           0           0           0           0           0           0           0           0           0           0           0           0           0           0           0           0           0
          0           0           0           0  0.00462728           0           0           0           0           0           0           0           0           0           0           0           0           0           0           0           0           0           0           0           0           0           0
          0           0           0           0           0   0.0506386           0           0           0           0           0           0           0           0           0           0           0           0           0           0           0           0           0           0           0           0           0
          0           0           0           0           0           0 7.20493e-06           0           0           0           0           0           0           0           0           0           0           0           0           0           0           0           0           0           0           0           0
          0           0           0           0           0           0           0 5.64224e-07           0           0           0           0           0           0           0           0           0           0           0           0           0           0           0           0           0           0           0
          0           0           0           0           0           0           0           0  0.00050329           0           0           0           0           0           0           0           0           0           0           0           0           0           0           0           0           0           0
          0           0           0           0           0           0           0           0           0     2841.75           0           0           0           0           0           0           0           0           0           0           0           0           0           0           0           0           0
          0           0           0           0           0           0           0           0           0           0 4.83343e-07           0           0           0           0           0           0           0           0           0           0           0           0           0           0           0           0
          0           0           0           0           0           0           0           0           0           0           0 0.000144469           0           0           0           0           0           0           0           0           0           0           0           0           0           0           0
          0           0           0           0           0           0           0           0           0           0           0           0    0.583538           0           0           0           0           0           0           0           0           0           0           0           0           0           0
          0           0           0           0           0           0           0           0           0           0           0           0           0 0.000602166           0           0           0           0           0           0           0           0           0           0           0           0           0
          0           0           0           0           0           0           0           0           0           0           0           0           0           0    0.352058           0           0           0           0           0           0           0           0           0           0           0           0
          0           0           0           0           0           0           0           0           0           0           0           0           0           0           0 0.000554081           0           0           0           0           0           0           0           0           0           0           0
          0           0           0           0           0           0           0           0           0           0           0           0           0           0           0           0 0.000301629           0           0           0           0           0           0           0           0           0           0
          0           0           0           0           0           0           0           0           0           0           0           0           0           0           0           0           0  0.00018044           0           0           0           0           0           0           0           0           0
          0           0           0           0           0           0           0           0           0           0           0           0           0           0           0           0           0           0     8.29688           0           0           0           0           0           0           0           0
          0           0           0           0           0           0           0           0           0           0           0           0           0           0           0           0           0           0           0  5.2432e-07           0           0           0           0           0           0           0
          0           0           0           0           0           0           0           0           0           0           0           0           0           0           0           0           0           0           0           0 0.000101507           0           0           0           0           0           0
          0           0           0           0           0           0           0           0           0           0           0           0           0           0           0           0           0           0           0           0           0     3.17046           0           0           0           0           0
          0           0           0           0           0           0           0           0           0           0           0           0           0           0           0           0           0           0           0           0           0           0 9.76301e-05           0           0           0           0
          0           0           0           0           0           0           0           0           0           0           0           0           0           0           0           0           0           0           0           0           0           0           0 0.000270517           0           0           0
          0           0           0           0           0           0           0           0           0           0           0           0           0           0           0           0           0           0           0           0           0           0           0           0      2.0396           0           0
          0           0           0           0           0           0           0           0           0           0           0           0           0           0           0           0           0           0           0           0           0           0           0           0           0     1.64148           0
          0           0           0           0           0           0           0           0           0           0           0           0           0           0           0           0           0           0           0           0           0           0           0           0           0           0 5.45345e-05

GBMAT after targeted PSO:
 0.588019  0.143936  0.722839   0.90114  0.781672  0.823904   3197.12
 0.588019  0.143936  0.722839   0.90114  0.781672  0.823904   3197.12
 0.639618  0.434731  0.165523  0.721779  0.337487  0.150829   506.358
 0.639618  0.434731  0.165523  0.721779  0.337487  0.150829   506.358
 0.632474  0.541832  0.125769  0.787199  0.433443  0.104871   483.709
 0.599905  0.399143  0.114559  0.761382  0.273867 0.0927814   354.534
 0.599905  0.399143  0.114559  0.761382  0.273867 0.0927814   354.534
 0.599905  0.399143  0.114559  0.761382  0.273867 0.0927814   354.534
 0.599905  0.399143  0.114559  0.761382  0.273867 0.0927814   354.534
 0.676392  0.391501  0.116196  0.750548  0.217135 0.0957609   333.396
   0.6471  0.397668  0.100909  0.766995  0.238972 0.0786465     318.3
   0.6471  0.397668  0.100909  0.766995  0.238972 0.0786465   9.91664
   0.6471  0.397668  0.100909  0.766995  0.238972 0.0786465   9.91664
 0.604109  0.451796 0.0777912  0.858138  0.206064  0.136942   3.38318
 0.604109  0.451796 0.0777912  0.858138  0.206064  0.136942   3.38318
 0.647352  0.439716 0.0672493  0.859518  0.207404 0.0934699   2.37489
 0.633762  0.420357 0.0672493  0.870609  0.200429 0.0876426   2.17095
 0.657964  0.378856 0.0672493  0.902959  0.200429  0.080496     1.592
 0.657964  0.378856 0.0672493  0.902959  0.200429  0.080496     1.592
 0.657964  0.378856 0.0672493  0.902959  0.200429  0.080496     1.592
 0.655975  0.423241   0.04804  0.955991   0.13737 0.0331125   1.52906
 0.693975  0.386347 0.0543696  0.937206  0.193433   0.04561   1.30931
 0.693975  0.386347 0.0543696  0.937206  0.193433   0.04561   2.45242
 0.693975  0.386347 0.0543696  0.937206  0.193433   0.04561   2.45242
 0.693975  0.386347 0.0543696  0.937206  0.193433   0.04561   2.45242
 0.712584  0.398347 0.0514682  0.934782  0.165126 0.0445143   2.09681
 0.760028  0.416045 0.0708953  0.947237  0.137773 0.0463478    1.8166
  0.78467  0.416045 0.0708953  0.947534  0.137773 0.0463478   1.76926
 0.740237  0.320224 0.0513828  0.941241  0.161879 0.0398385   1.63243
 0.740237  0.320224 0.0513828  0.941241  0.161879 0.0398385   1.63243
 0.740237  0.320224 0.0513828  0.941241  0.161879 0.0398385   1.63243
 0.740237  0.320224 0.0513828  0.941241  0.161879 0.0398385   1.63243
 0.740237  0.320224 0.0513828  0.941241  0.161879 0.0398385   1.63243
 0.740237  0.320224 0.0513828  0.941241  0.161879 0.0398385   1.63243
 0.732537  0.338713 0.0573165  0.911106  0.158872 0.0593904   1.50249
   0.7688  0.334956 0.0622764  0.941605  0.139725  0.042317    1.3822
   0.7688  0.334956 0.0622764  0.941605  0.139725  0.042317    1.3822
   0.7688  0.334956 0.0622764  0.941605  0.139725  0.042317    1.3822
 0.769734  0.348089 0.0639347  0.918831  0.129068 0.0431933   1.26374
 0.770058  0.341503 0.0589741  0.934069  0.134313 0.0440071   1.21193
 0.771759  0.343047 0.0589741   0.93602  0.133274 0.0440071   1.20824
 0.773037  0.338537 0.0643963  0.929705  0.122446 0.0450499   1.01607
 0.773037  0.338537 0.0643963  0.929705  0.122446 0.0450499   1.01607
 0.773037  0.338537 0.0643963  0.929705  0.122446 0.0450499   1.01607
 0.773037  0.338537 0.0643963  0.929705  0.122446 0.0450499   1.01607
 0.773037  0.338537 0.0643963  0.929705  0.122446 0.0450499   1.01607
 0.800548  0.336815 0.0742496  0.946645  0.112844 0.0514004  0.717498
 0.828821  0.336815 0.0742496  0.946645  0.112844 0.0514004  0.681482
 0.828821  0.336815 0.0742496  0.946645  0.112844 0.0514004  0.681482
 0.828821  0.336815 0.0742496  0.946645  0.112844 0.0514004  0.681482
 0.812311  0.327847 0.0704929  0.951035  0.108576 0.0492141  0.679694
 0.874094  0.305114 0.0695433   0.97421   0.11254 0.0496788  0.578881
  0.84446  0.325617 0.0726171  0.956167  0.109482 0.0520952  0.578364
  0.84446  0.325617 0.0726171  0.956167  0.109482 0.0520952  0.746256
  0.84446  0.325617 0.0726171  0.956167  0.109482 0.0520952  0.746256
  0.84446  0.325617 0.0726171  0.956167  0.109482 0.0520952  0.746256
  0.84446  0.325617 0.0726171  0.956167  0.109482 0.0520952  0.746256
 0.859902  0.287572 0.0743798  0.959527  0.108597 0.0571314  0.513902
 0.859902  0.287572 0.0743798  0.959527  0.108597 0.0571314  0.513902
 0.859902  0.287572 0.0743798  0.959527  0.108597 0.0571314  0.513902
 0.858222  0.291221 0.0760954  0.958229  0.109083 0.0596178  0.504999
 0.858222  0.291221 0.0763475  0.958229  0.109083 0.0596178  0.502952
  0.86705  0.290371 0.0753812  0.953727  0.107182 0.0591899  0.492146
  0.86723  0.290093 0.0753812  0.953727  0.107182 0.0591899  0.490947
 0.860573   0.29255 0.0783898  0.955924  0.108352 0.0611578  0.485904
 0.859494  0.291321 0.0845936  0.954909 0.0925784 0.0582608  0.395639
 0.859494  0.291321 0.0845936  0.954909 0.0925784 0.0582608  0.395639
 0.859482  0.271418  0.084965   0.95802 0.0872622 0.0573973   0.29664
 0.859482  0.271418  0.084965   0.95802 0.0872622 0.0573973   0.29664
 0.861055  0.275441 0.0846286  0.959859 0.0881152 0.0594149  0.290359
 0.860997  0.273962 0.0844526  0.957665 0.0867393 0.0589247  0.284787
 0.860964  0.268974 0.0833061  0.957895  0.088049 0.0596212  0.283632
 0.862851  0.272212 0.0858688  0.956509 0.0854701 0.0604801  0.260365
 0.890038  0.248784 0.0937638  0.967558 0.0795285 0.0764126  0.193552
 0.884027  0.252451  0.092862  0.965534 0.0801619 0.0727763  0.172734
 0.878386  0.254227 0.0916686  0.968029 0.0814466  0.069573  0.168679
 0.877391  0.256086 0.0930988  0.964734 0.0823437 0.0689031  0.157147
  0.89433  0.255299 0.0930966  0.957414 0.0824235 0.0705659  0.145465
 0.894197  0.230668  0.101354  0.964511 0.0710426 0.0711572 0.0738539
 0.904031  0.230668  0.101354  0.965134 0.0710426 0.0711572 0.0692905
 0.904031  0.230668  0.101354  0.965134 0.0710426 0.0711572 0.0692905
 0.901598  0.233696 0.0993642  0.966057 0.0721644 0.0710739 0.0663458
   0.9025  0.229657  0.100107  0.965703 0.0719355 0.0711052 0.0633219
   0.9025  0.229657  0.100107  0.965703 0.0719355 0.0711052 0.0633219
 0.897656  0.227722  0.100699  0.964662 0.0702295 0.0709149 0.0595786
 0.894848  0.221954  0.100533  0.966008 0.0668031 0.0708735 0.0484888
 0.897321  0.219977  0.100183  0.966787  0.070041 0.0709341 0.0469359
 0.897321  0.219977  0.100183  0.966787  0.070041 0.0709341 0.0469359
 0.897026  0.210413  0.100907  0.968247 0.0694199  0.074333  0.036413
 0.897026  0.210413  0.100907  0.968247 0.0694199  0.074333  0.036413
 0.897026  0.210413  0.100907  0.968247 0.0694199  0.074333  0.036413
 0.896937  0.209787  0.100907  0.968247 0.0707478  0.074386 0.0361475
 0.896937  0.209787  0.100907  0.968247 0.0707478  0.074386 0.0361475
 0.899579  0.210772  0.101091  0.968178 0.0696365 0.0740013 0.0346129
 0.899433  0.187958  0.101076  0.967099 0.0721799 0.0758098 0.0251649
 0.899433  0.187958  0.101076  0.967099 0.0721799 0.0758098 0.0251649
 0.899451  0.189021  0.100808  0.967097  0.072026 0.0753152 0.0245362
 0.899451  0.189021  0.100808  0.967097  0.072026 0.0753152 0.0245362
 0.898758  0.192212  0.100698  0.960245 0.0660445 0.0720698 0.0186242
 0.898758  0.192212  0.100698  0.960245 0.0660445 0.0720698 0.0186242
 0.898983  0.189041  0.103636  0.962903 0.0623237 0.0734214 0.0155779
 0.898983  0.189041  0.103636  0.962903 0.0623237 0.0734214 0.0155779
 0.898983  0.189041  0.103636  0.962903 0.0623237 0.0734214 0.0155779
 0.900285  0.186246  0.103206  0.963284 0.0637295 0.0738342 0.0135066
 0.900285  0.186246  0.103206  0.963284 0.0637295 0.0738342 0.0135066
 0.900285  0.186246  0.103206  0.963284 0.0637295 0.0738342 0.0135066
 0.900285  0.186246  0.103206  0.963284 0.0637295 0.0738342 0.0135066
 0.900285  0.186246  0.103206  0.963284 0.0637295 0.0738342 0.0135066
 0.900034  0.181356  0.102941  0.963222 0.0641375 0.0736714 0.0119779
 0.900034  0.181356  0.102941  0.963222 0.0641375 0.0736714 0.0119779
 0.900034  0.181356  0.102941  0.963222 0.0641375 0.0736714 0.0119779
 0.899987   0.18118  0.102938  0.961737 0.0637456 0.0736153 0.0118763
 0.902088  0.179247  0.102975  0.960831 0.0641451 0.0735905 0.0117043
 0.901883  0.180035  0.102684  0.960955    0.0641 0.0735794 0.0115354
truk:  0.515996 0.0603199  0.103199  0.896801   0.05516 0.0722394
total difference b/w truk and final GBVEC:0.167439
CODE FINISHED RUNNING IN 4620 s TIME!
Job Statistics for 2001551:
           JobID       User               Start                 End    Elapsed     MaxRSS   TotalCPU      State Exit        NodeList                                  ReqTRES 
---------------- ---------- ------------------- ------------------- ---------- ---------- ---------- ---------- ---- --------------- ---------------------------------------- 
         2001551   rsjxw007 2021-08-26T20:57:08 2021-08-26T22:14:09   01:17:01              01:16:52  COMPLETED  0:0   r1pl-hpcf-n21        billing=2,cpu=2,mem=15624M,node=1 
   2001551.batch            2021-08-26T20:57:08 2021-08-26T22:14:09   01:17:01      3.25M   01:16:52  COMPLETED  0:0   r1pl-hpcf-n21                                          
  2001551.extern            2021-08-26T20:57:08 2021-08-26T22:14:09   01:17:01          0  00:00.001  COMPLETED  0:0   r1pl-hpcf-n21                                          
CPU Efficiency: 49.91% of 02:34:02 core-walltime
