PSO_S_ODE_NonLinear
Using two part PSO Sample Size:5000 with:27 moments.
Using Times:50
Bounds for Uniform Distribution (0,1)
Blind PSO --> nParts:25 Nsteps:50
Targeted PSO --> nParts:10 Nsteps:1000
sdbeta:0.1
Reading in data!
Using starting row of data:0 and 5000 data pts!
first row X0: 8.83545  7.57343 0.396305  8.83545  7.57343 0.396305
final row X0:1.63756  4.1577 4.69516 1.63756  4.1577 4.69516



Loading in Truk!
Calculating Yt!
truk cost:153.383
seedk: 0.515996 0.0603199  0.103199  0.896801   0.05516 0.0722394| cost:153.383
PSO begins!
GBMAT from blind PSO:

 0.515996 0.0603199  0.103199  0.896801   0.05516 0.0722394   153.383
 0.515996 0.0603199  0.103199  0.896801   0.05516 0.0722394   153.383
 0.471513 0.0650819  0.119824   0.91438 0.0442697 0.0907394   55.0641
 0.471513 0.0650819  0.119824   0.91438 0.0442697 0.0907394   55.0641
 0.287595 0.0513196  0.079267  0.888926 0.0245696 0.0633455   34.0142
 0.452832  0.145772  0.102221  0.909661 0.0490771 0.0777251   32.4244
 0.312451 0.0905456 0.0827566  0.892078 0.0282953 0.0655315   30.6844
 0.312451 0.0905456 0.0827566  0.892078 0.0282953 0.0655315   30.6844
 0.306304 0.0650629 0.0884074  0.900311 0.0318177 0.0670404     29.69
 0.384583  0.192808 0.0982045  0.906687 0.0442635  0.074784     24.19
 0.353044   0.20299  0.093164  0.913068 0.0616549 0.0697502   23.9684
 0.284943  0.146381 0.0904375  0.913941 0.0530182 0.0675078   23.3861
 0.284943  0.146381 0.0904375  0.913941 0.0530182 0.0675078   23.3861
 0.284943  0.146381 0.0904375  0.913941 0.0530182 0.0675078   23.3861
 0.284943  0.146381 0.0904375  0.913941 0.0530182 0.0675078   23.3861
 0.284943  0.146381 0.0904375  0.913941 0.0530182 0.0675078   23.3861
 0.325932  0.134587 0.0676749  0.904316 0.0286102 0.0491975   19.4464
  0.27141  0.107948 0.0676749  0.904316 0.0286102 0.0491975   18.9699
  0.27141  0.107948 0.0676749  0.904316 0.0286102 0.0491975   18.9699
  0.23462  0.106221 0.0676749  0.904316 0.0286102 0.0491975   18.4818
  0.23462  0.106221 0.0676749  0.904316 0.0286102 0.0491975   18.4818
 0.254142  0.093208 0.0553742  0.911987 0.0432477 0.0377626   16.1381
 0.243444  0.113006 0.0553742  0.911987 0.0432477 0.0377626   15.3252
 0.243444  0.113006 0.0553742  0.911987 0.0432477 0.0377626   15.3252
 0.243444  0.113006 0.0553742  0.911987 0.0432477 0.0377626   15.3252
 0.243444  0.113006 0.0553742  0.911987 0.0432477 0.0377626   15.3252
 0.243444  0.113006 0.0553742  0.911987 0.0432477 0.0377626   15.3252
 0.243444  0.113006 0.0553742  0.911987 0.0432477 0.0377626   15.3252
 0.243444  0.113006 0.0553742  0.911987 0.0432477 0.0377626   15.3252
 0.243444  0.113006 0.0553742  0.911987 0.0432477 0.0377626   15.3252
 0.243444  0.113006 0.0553742  0.911987 0.0432477 0.0377626   15.3252
 0.243444  0.113006 0.0553742  0.911987 0.0432477 0.0377626   15.3252
 0.243444  0.113006 0.0553742  0.911987 0.0432477 0.0377626   15.3252
 0.222509 0.0842433 0.0541979  0.913457 0.0424601 0.0368542   15.2176
 0.224052  0.108474 0.0487466   0.91398 0.0367766 0.0310124   13.3579
 0.224052  0.108474 0.0487466   0.91398 0.0367766 0.0310124   13.3579
 0.224052  0.108474 0.0487466   0.91398 0.0367766 0.0310124   13.3579
 0.200197 0.0988579 0.0453246  0.916539 0.0319506  0.027027   12.6942
 0.200197 0.0988579 0.0453246  0.916539 0.0319506  0.027027   12.6942
 0.200197 0.0988579 0.0453246  0.916539 0.0319506  0.027027   12.6942
 0.199629  0.100777 0.0444299  0.917208 0.0306888 0.0259849   12.6876
 0.194491 0.0973786 0.0445491  0.916858 0.0305842  0.026187   12.6076
 0.194491 0.0973786 0.0445491  0.916858 0.0305842  0.026187   12.6076
 0.194563  0.095183 0.0446372   0.91682 0.0307303 0.0262837   12.6035
 0.208912  0.106231 0.0448075  0.916697 0.0311344 0.0265762   12.5699
 0.208912  0.106231 0.0448075  0.916697 0.0311344 0.0265762   12.5699
 0.188598 0.0901205 0.0446602  0.916807 0.0308721 0.0264198   12.5029
 0.205463 0.0924228 0.0442718  0.917008 0.0305859 0.0263624    12.322
 0.205463 0.0924228 0.0442718  0.917008 0.0305859 0.0263624    12.322
 0.212357 0.0954909 0.0443248  0.916998 0.0306125 0.0263694   12.3124
 0.203708 0.0905317 0.0443227   0.91701 0.0306118 0.0263613   12.3082

truk:  0.515996 0.0603199  0.103199  0.896801   0.05516 0.0722394
total difference b/w truk and final GBVEC0.105019

blind PSO FINISHED RUNNING IN 247 s TIME!
targeted PSO has started!
Updating Weight Matrix!
GBVEC AND COST: 0.203708 0.0905317 0.0443227   0.91701 0.0306118 0.0263613   12.3082
AVERAGE RATE CONSTANT: 0.203708 0.0905317 0.0443227   0.91701 0.0306118 0.0263613 COST:3.75487New PBMAT:
   0.160537    0.169704   0.0149361    0.771285  0.00528874   0.0973368     12.2537
   0.224513   0.0219211    0.042144    0.810999   0.0577033   0.0544428     2.94851
   0.197376   0.0636103    0.122117    0.968523  0.00261312  0.00362994     5.60454
   0.168591    0.130722  0.00271234    0.939311    0.053496 1.34299e-07     11.0731
   0.216435   0.0757836   0.0518155    0.913348 0.000108855  0.00636921     6.14748
   0.202601    0.058792  0.00175066    0.935081  0.00410787  5.1993e-05     10.5459
   0.166933   0.0260108  0.00404181    0.904708 0.000486004 2.07572e-09     10.0793
   0.248465     0.14066    0.111809    0.924245   0.0618881   0.0277393     9.45307
   0.216668   0.0894085   0.0833664    0.929181 0.000441407 0.000258206     6.70597
   0.320225    0.105634     0.10906    0.956837  0.00108838 7.21931e-05      6.9496

underflow!0.00271234
pos   0.168591    0.130722  0.00271234    0.939311    0.053496 1.34299e-07
underflow!1.34299e-07
pos   0.168591    0.130722  0.00271234    0.939311    0.053496 1.34299e-07
underflow!0.000108855
pos   0.216435   0.0757836   0.0518155    0.913348 0.000108855  0.00636921
underflow!0.00404181
pos   0.166933   0.0260108  0.00404181    0.904708 0.000486004 2.07572e-09
underflow!0.000486004
pos   0.166933   0.0260108  0.00404181    0.904708 0.000486004 2.07572e-09
underflow!2.07572e-09
pos   0.166933   0.0260108  0.00404181    0.904708 0.000486004 2.07572e-09
underflow!0.00108838
pos   0.320225    0.105634     0.10906    0.956837  0.00108838 7.21931e-05
underflow!7.21931e-05
pos   0.320225    0.105634     0.10906    0.956837  0.00108838 7.21931e-05
underflow!0.00175618
pos   0.50244     0.1047   0.099785   0.972395 0.00175618   0.001775
underflow!0.001775
pos   0.50244     0.1047   0.099785   0.972395 0.00175618   0.001775
underflow!0.00101365
pos  0.187395 0.00101365  0.0326874   0.918751  0.0327729  0.0199255
underflow!0.00359799
pos  0.398275 0.00359799  0.0697984   0.877901  0.0718895  0.0490802
underflow!0.00302294
pos  0.372312 0.00302294  0.0905948   0.952702  0.0580558  0.0302053
underflow!0.00320626
pos  0.298387 0.00320626  0.0281982   0.834201  0.0308161  0.0440282
Updating Weight Matrix!
GBVEC AND COST:  0.606522   0.112609  0.0773196   0.924286  0.0758441  0.0543169 0.00306273
AVERAGE RATE CONSTANT: 0.606522  0.112609 0.0773196  0.924286 0.0758441 0.0543169 COST:0.00254826Updating Weight Matrix!
GBVEC AND COST: 0.582017  0.102807 0.0775549    0.9236 0.0755392 0.0544863 0.0025231
AVERAGE RATE CONSTANT: 0.582017  0.102807 0.0775549    0.9236 0.0755392 0.0544863 COST:0.00252268Updating Weight Matrix!
GBVEC AND COST:  0.594326   0.107602  0.0771152   0.922606  0.0757841  0.0541782 0.00250891
AVERAGE RATE CONSTANT: 0.594326  0.107602 0.0771152  0.922606 0.0757841 0.0541782 COST:0.00250871Updating Weight Matrix!
GBVEC AND COST:  0.587407   0.105572  0.0770384   0.922609  0.0757337  0.0540516 0.00250649
AVERAGE RATE CONSTANT: 0.587407  0.105572 0.0770384  0.922609 0.0757337 0.0540516 COST:0.00250721GBMAT after targeted PSO:
  0.515996  0.0603199   0.103199   0.896801    0.05516  0.0722394    153.383
  0.515996  0.0603199   0.103199   0.896801    0.05516  0.0722394    153.383
  0.471513  0.0650819   0.119824    0.91438  0.0442697  0.0907394    55.0641
  0.471513  0.0650819   0.119824    0.91438  0.0442697  0.0907394    55.0641
  0.287595  0.0513196   0.079267   0.888926  0.0245696  0.0633455    34.0142
  0.452832   0.145772   0.102221   0.909661  0.0490771  0.0777251    32.4244
  0.312451  0.0905456  0.0827566   0.892078  0.0282953  0.0655315    30.6844
  0.312451  0.0905456  0.0827566   0.892078  0.0282953  0.0655315    30.6844
  0.306304  0.0650629  0.0884074   0.900311  0.0318177  0.0670404      29.69
  0.384583   0.192808  0.0982045   0.906687  0.0442635   0.074784      24.19
  0.353044    0.20299   0.093164   0.913068  0.0616549  0.0697502    23.9684
  0.284943   0.146381  0.0904375   0.913941  0.0530182  0.0675078    23.3861
  0.284943   0.146381  0.0904375   0.913941  0.0530182  0.0675078    23.3861
  0.284943   0.146381  0.0904375   0.913941  0.0530182  0.0675078    23.3861
  0.284943   0.146381  0.0904375   0.913941  0.0530182  0.0675078    23.3861
  0.284943   0.146381  0.0904375   0.913941  0.0530182  0.0675078    23.3861
  0.325932   0.134587  0.0676749   0.904316  0.0286102  0.0491975    19.4464
   0.27141   0.107948  0.0676749   0.904316  0.0286102  0.0491975    18.9699
   0.27141   0.107948  0.0676749   0.904316  0.0286102  0.0491975    18.9699
   0.23462   0.106221  0.0676749   0.904316  0.0286102  0.0491975    18.4818
   0.23462   0.106221  0.0676749   0.904316  0.0286102  0.0491975    18.4818
  0.254142   0.093208  0.0553742   0.911987  0.0432477  0.0377626    16.1381
  0.243444   0.113006  0.0553742   0.911987  0.0432477  0.0377626    15.3252
  0.243444   0.113006  0.0553742   0.911987  0.0432477  0.0377626    15.3252
  0.243444   0.113006  0.0553742   0.911987  0.0432477  0.0377626    15.3252
  0.243444   0.113006  0.0553742   0.911987  0.0432477  0.0377626    15.3252
  0.243444   0.113006  0.0553742   0.911987  0.0432477  0.0377626    15.3252
  0.243444   0.113006  0.0553742   0.911987  0.0432477  0.0377626    15.3252
  0.243444   0.113006  0.0553742   0.911987  0.0432477  0.0377626    15.3252
  0.243444   0.113006  0.0553742   0.911987  0.0432477  0.0377626    15.3252
  0.243444   0.113006  0.0553742   0.911987  0.0432477  0.0377626    15.3252
  0.243444   0.113006  0.0553742   0.911987  0.0432477  0.0377626    15.3252
  0.243444   0.113006  0.0553742   0.911987  0.0432477  0.0377626    15.3252
  0.222509  0.0842433  0.0541979   0.913457  0.0424601  0.0368542    15.2176
  0.224052   0.108474  0.0487466    0.91398  0.0367766  0.0310124    13.3579
  0.224052   0.108474  0.0487466    0.91398  0.0367766  0.0310124    13.3579
  0.224052   0.108474  0.0487466    0.91398  0.0367766  0.0310124    13.3579
  0.200197  0.0988579  0.0453246   0.916539  0.0319506   0.027027    12.6942
  0.200197  0.0988579  0.0453246   0.916539  0.0319506   0.027027    12.6942
  0.200197  0.0988579  0.0453246   0.916539  0.0319506   0.027027    12.6942
  0.199629   0.100777  0.0444299   0.917208  0.0306888  0.0259849    12.6876
  0.194491  0.0973786  0.0445491   0.916858  0.0305842   0.026187    12.6076
  0.194491  0.0973786  0.0445491   0.916858  0.0305842   0.026187    12.6076
  0.194563   0.095183  0.0446372    0.91682  0.0307303  0.0262837    12.6035
  0.208912   0.106231  0.0448075   0.916697  0.0311344  0.0265762    12.5699
  0.208912   0.106231  0.0448075   0.916697  0.0311344  0.0265762    12.5699
  0.188598  0.0901205  0.0446602   0.916807  0.0308721  0.0264198    12.5029
  0.205463  0.0924228  0.0442718   0.917008  0.0305859  0.0263624     12.322
  0.205463  0.0924228  0.0442718   0.917008  0.0305859  0.0263624     12.322
  0.212357  0.0954909  0.0443248   0.916998  0.0306125  0.0263694    12.3124
  0.203708  0.0905317  0.0443227    0.91701  0.0306118  0.0263613    12.3082
  0.203708  0.0905317  0.0443227    0.91701  0.0306118  0.0263613    3.75487
  0.203708  0.0905317  0.0443227    0.91701  0.0306118  0.0263613    3.75487
  0.259755    0.13954   0.131222   0.945139  0.0478787  0.0467386     1.7563
  0.263387   0.141298   0.128584   0.945202  0.0488273  0.0469295    1.61751
  0.296273   0.128982   0.130676   0.959868  0.0504069  0.0632353   0.663871
  0.296273   0.128982   0.130676   0.959868  0.0504069  0.0632353   0.663871
  0.265845    0.10339  0.0867719   0.947483  0.0432225  0.0368941   0.472686
  0.286776   0.112136   0.106449   0.953034  0.0464425     0.0487   0.381138
  0.271029  0.0984455   0.104558   0.939731  0.0549338  0.0519006   0.371796
  0.285799  0.0960708  0.0889585    0.94653  0.0446623   0.038739   0.353556
   0.36208  0.0994087  0.0889585    0.94653  0.0446623   0.038739   0.270179
   0.36208  0.0994087  0.0889585    0.94653  0.0446623   0.038739   0.270179
   0.36208  0.0994087  0.0889585    0.94653  0.0446623   0.038739   0.270179
   0.36208  0.0994087  0.0889585    0.94653  0.0446623   0.038739   0.270179
   0.36208  0.0994087  0.0889585    0.94653  0.0446623   0.038739   0.270179
  0.337845  0.0748705  0.0895496   0.947107   0.045318  0.0382482   0.269834
  0.337845  0.0748705  0.0895496   0.947107   0.045318  0.0382482   0.269834
  0.337845  0.0748705  0.0895496   0.947107   0.045318  0.0382482   0.269834
  0.337845  0.0748705  0.0895496   0.947107   0.045318  0.0382482   0.269834
  0.337845  0.0748705  0.0895496   0.947107   0.045318  0.0382482   0.269834
  0.337845  0.0748705  0.0895496   0.947107   0.045318  0.0382482   0.269834
  0.337845  0.0748705  0.0895496   0.947107   0.045318  0.0382482   0.269834
   0.28307  0.0421026  0.0913782   0.944736  0.0420309   0.040197   0.266454
  0.345707  0.0677741  0.0961333   0.947342  0.0431835  0.0418969   0.262185
  0.345707  0.0677741  0.0961333   0.947342  0.0431835  0.0418969   0.262185
  0.424474  0.0618515  0.0600283   0.862118  0.0627877  0.0349641  0.0696455
  0.424474  0.0618515  0.0600283   0.862118  0.0627877  0.0349641  0.0696455
  0.424474  0.0618515  0.0600283   0.862118  0.0627877  0.0349641  0.0696455
  0.424474  0.0618515  0.0600283   0.862118  0.0627877  0.0349641  0.0696455
  0.361644  0.0612353  0.0691293   0.905929   0.091973  0.0511719  0.0417579
  0.361644  0.0612353  0.0691293   0.905929   0.091973  0.0511719  0.0417579
  0.344337    0.02444  0.0949425   0.944582  0.0767201  0.0776966  0.0306695
  0.344337    0.02444  0.0949425   0.944582  0.0767201  0.0776966  0.0306695
  0.344337    0.02444  0.0949425   0.944582  0.0767201  0.0776966  0.0306695
  0.366002  0.0410486  0.0892196   0.928625  0.0740077  0.0639144  0.0193664
  0.366002  0.0410486  0.0892196   0.928625  0.0740077  0.0639144  0.0193664
  0.366002  0.0410486  0.0892196   0.928625  0.0740077  0.0639144  0.0193664
  0.366002  0.0410486  0.0892196   0.928625  0.0740077  0.0639144  0.0193664
  0.358968  0.0283423  0.0918247   0.936985   0.075619  0.0712714  0.0146942
  0.358968  0.0283423  0.0918247   0.936985   0.075619  0.0712714  0.0146942
  0.353636  0.0372433  0.0902745   0.946256  0.0689089  0.0600841  0.0136139
   0.41229  0.0690463  0.0766765    0.92554  0.0784045  0.0555629  0.0111363
  0.448543  0.0580913  0.0766765    0.92554  0.0784045  0.0555629 0.00424564
  0.448543  0.0580913  0.0766765    0.92554  0.0784045  0.0555629 0.00424564
  0.448543  0.0580913  0.0766765    0.92554  0.0784045  0.0555629 0.00424564
  0.448543  0.0580913  0.0766765    0.92554  0.0784045  0.0555629 0.00424564
  0.448543  0.0580913  0.0766765    0.92554  0.0784045  0.0555629 0.00424564
  0.448543  0.0580913  0.0766765    0.92554  0.0784045  0.0555629 0.00424564
  0.448543  0.0580913  0.0766765    0.92554  0.0784045  0.0555629 0.00424564
  0.448543  0.0580913  0.0766765    0.92554  0.0784045  0.0555629 0.00424564
  0.448543  0.0580913  0.0766765    0.92554  0.0784045  0.0555629 0.00424564
  0.448543  0.0580913  0.0766765    0.92554  0.0784045  0.0555629 0.00424564
  0.537752  0.0914861  0.0770875   0.925531  0.0783286  0.0553719  0.0035778
  0.537752  0.0914861  0.0770875   0.925531  0.0783286  0.0553719  0.0035778
  0.537752  0.0914861  0.0770875   0.925531  0.0783286  0.0553719  0.0035778
  0.537752  0.0914861  0.0770875   0.925531  0.0783286  0.0553719  0.0035778
  0.537752  0.0914861  0.0770875   0.925531  0.0783286  0.0553719  0.0035778
  0.537752  0.0914861  0.0770875   0.925531  0.0783286  0.0553719  0.0035778
  0.537752  0.0914861  0.0770875   0.925531  0.0783286  0.0553719  0.0035778
  0.537752  0.0914861  0.0770875   0.925531  0.0783286  0.0553719  0.0035778
  0.537752  0.0914861  0.0770875   0.925531  0.0783286  0.0553719  0.0035778
  0.537752  0.0914861  0.0770875   0.925531  0.0783286  0.0553719  0.0035778
  0.537752  0.0914861  0.0770875   0.925531  0.0783286  0.0553719  0.0035778
  0.537752  0.0914861  0.0770875   0.925531  0.0783286  0.0553719  0.0035778
  0.608652   0.106439  0.0771122   0.924327  0.0764118  0.0545669 0.00353627
  0.594397    0.11142  0.0771122   0.924327  0.0764118  0.0545669 0.00320995
  0.594397    0.11142  0.0771122   0.924327  0.0764118  0.0545669 0.00320995
  0.645133   0.127203  0.0771122   0.924327  0.0764118  0.0545669 0.00320092
  0.645133   0.127203  0.0771122   0.924327  0.0764118  0.0545669 0.00320092
  0.645133   0.127203  0.0771122   0.924327  0.0764118  0.0545669 0.00320092
  0.645133   0.127203  0.0771122   0.924327  0.0764118  0.0545669 0.00320092
  0.645133   0.127203  0.0771122   0.924327  0.0764118  0.0545669 0.00320092
  0.645133   0.127203  0.0771122   0.924327  0.0764118  0.0545669 0.00320092
  0.645133   0.127203  0.0771122   0.924327  0.0764118  0.0545669 0.00320092
  0.645133   0.127203  0.0771122   0.924327  0.0764118  0.0545669 0.00320092
  0.645133   0.127203  0.0771122   0.924327  0.0764118  0.0545669 0.00320092
  0.645133   0.127203  0.0771122   0.924327  0.0764118  0.0545669 0.00320092
  0.645133   0.127203  0.0771122   0.924327  0.0764118  0.0545669 0.00320092
  0.542643  0.0951076  0.0779617    0.92412  0.0753323  0.0544613 0.00309029
  0.542643  0.0951076  0.0779617    0.92412  0.0753323  0.0544613 0.00309029
  0.542643  0.0951076  0.0779617    0.92412  0.0753323  0.0544613 0.00309029
  0.542643  0.0951076  0.0779617    0.92412  0.0753323  0.0544613 0.00309029
  0.542643  0.0951076  0.0779617    0.92412  0.0753323  0.0544613 0.00309029
  0.542643  0.0951076  0.0779617    0.92412  0.0753323  0.0544613 0.00309029
  0.542643  0.0951076  0.0779617    0.92412  0.0753323  0.0544613 0.00309029
  0.542643  0.0951076  0.0779617    0.92412  0.0753323  0.0544613 0.00309029
  0.542643  0.0951076  0.0779617    0.92412  0.0753323  0.0544613 0.00309029
  0.542643  0.0951076  0.0779617    0.92412  0.0753323  0.0544613 0.00309029
  0.542643  0.0951076  0.0779617    0.92412  0.0753323  0.0544613 0.00309029
  0.542643  0.0951076  0.0779617    0.92412  0.0753323  0.0544613 0.00309029
  0.542643  0.0951076  0.0779617    0.92412  0.0753323  0.0544613 0.00309029
  0.542643  0.0951076  0.0779617    0.92412  0.0753323  0.0544613 0.00309029
  0.542643  0.0951076  0.0779617    0.92412  0.0753323  0.0544613 0.00309029
  0.542643  0.0951076  0.0779617    0.92412  0.0753323  0.0544613 0.00309029
  0.542643  0.0951076  0.0779617    0.92412  0.0753323  0.0544613 0.00309029
  0.542643  0.0951076  0.0779617    0.92412  0.0753323  0.0544613 0.00309029
  0.542643  0.0951076  0.0779617    0.92412  0.0753323  0.0544613 0.00309029
  0.542643  0.0951076  0.0779617    0.92412  0.0753323  0.0544613 0.00309029
  0.542643  0.0951076  0.0779617    0.92412  0.0753323  0.0544613 0.00309029
  0.542643  0.0951076  0.0779617    0.92412  0.0753323  0.0544613 0.00309029
  0.542643  0.0951076  0.0779617    0.92412  0.0753323  0.0544613 0.00309029
  0.542643  0.0951076  0.0779617    0.92412  0.0753323  0.0544613 0.00309029
  0.542643  0.0951076  0.0779617    0.92412  0.0753323  0.0544613 0.00309029
  0.542643  0.0951076  0.0779617    0.92412  0.0753323  0.0544613 0.00309029
  0.542643  0.0951076  0.0779617    0.92412  0.0753323  0.0544613 0.00309029
  0.542643  0.0951076  0.0779617    0.92412  0.0753323  0.0544613 0.00309029
  0.542643  0.0951076  0.0779617    0.92412  0.0753323  0.0544613 0.00309029
  0.542643  0.0951076  0.0779617    0.92412  0.0753323  0.0544613 0.00309029
  0.542643  0.0951076  0.0779617    0.92412  0.0753323  0.0544613 0.00309029
  0.542643  0.0951076  0.0779617    0.92412  0.0753323  0.0544613 0.00309029
  0.542643  0.0951076  0.0779617    0.92412  0.0753323  0.0544613 0.00309029
  0.549785  0.0976727  0.0780454   0.924622  0.0752189   0.054513 0.00308038
  0.549785  0.0976727  0.0780454   0.924622  0.0752189   0.054513 0.00308038
  0.549785  0.0976727  0.0780454   0.924622  0.0752189   0.054513 0.00308038
  0.549785  0.0976727  0.0780454   0.924622  0.0752189   0.054513 0.00308038
  0.549785  0.0976727  0.0780454   0.924622  0.0752189   0.054513 0.00308038
  0.549785  0.0976727  0.0780454   0.924622  0.0752189   0.054513 0.00308038
  0.549785  0.0976727  0.0780454   0.924622  0.0752189   0.054513 0.00308038
  0.549785  0.0976727  0.0780454   0.924622  0.0752189   0.054513 0.00308038
  0.549785  0.0976727  0.0780454   0.924622  0.0752189   0.054513 0.00308038
  0.549785  0.0976727  0.0780454   0.924622  0.0752189   0.054513 0.00308038
  0.549785  0.0976727  0.0780454   0.924622  0.0752189   0.054513 0.00308038
  0.549785  0.0976727  0.0780454   0.924622  0.0752189   0.054513 0.00308038
  0.549785  0.0976727  0.0780454   0.924622  0.0752189   0.054513 0.00308038
  0.549785  0.0976727  0.0780454   0.924622  0.0752189   0.054513 0.00308038
  0.549785  0.0976727  0.0780454   0.924622  0.0752189   0.054513 0.00308038
  0.549785  0.0976727  0.0780454   0.924622  0.0752189   0.054513 0.00308038
  0.549785  0.0976727  0.0780454   0.924622  0.0752189   0.054513 0.00308038
  0.549785  0.0976727  0.0780454   0.924622  0.0752189   0.054513 0.00308038
  0.549785  0.0976727  0.0780454   0.924622  0.0752189   0.054513 0.00308038
  0.549785  0.0976727  0.0780454   0.924622  0.0752189   0.054513 0.00308038
  0.549785  0.0976727  0.0780454   0.924622  0.0752189   0.054513 0.00308038
  0.549785  0.0976727  0.0780454   0.924622  0.0752189   0.054513 0.00308038
  0.549785  0.0976727  0.0780454   0.924622  0.0752189   0.054513 0.00308038
  0.549785  0.0976727  0.0780454   0.924622  0.0752189   0.054513 0.00308038
  0.549785  0.0976727  0.0780454   0.924622  0.0752189   0.054513 0.00308038
  0.549785  0.0976727  0.0780454   0.924622  0.0752189   0.054513 0.00308038
  0.549785  0.0976727  0.0780454   0.924622  0.0752189   0.054513 0.00308038
  0.549785  0.0976727  0.0780454   0.924622  0.0752189   0.054513 0.00308038
  0.549785  0.0976727  0.0780454   0.924622  0.0752189   0.054513 0.00308038
  0.549785  0.0976727  0.0780454   0.924622  0.0752189   0.054513 0.00308038
  0.549785  0.0976727  0.0780454   0.924622  0.0752189   0.054513 0.00308038
  0.549785  0.0976727  0.0780454   0.924622  0.0752189   0.054513 0.00308038
  0.610568   0.113263  0.0773196   0.924286  0.0758441  0.0543169 0.00307736
  0.606522   0.112609  0.0773196   0.924286  0.0758441  0.0543169 0.00306273
  0.606522   0.112609  0.0773196   0.924286  0.0758441  0.0543169 0.00306273
  0.606522   0.112609  0.0773196   0.924286  0.0758441  0.0543169 0.00306273
  0.606522   0.112609  0.0773196   0.924286  0.0758441  0.0543169 0.00306273
  0.606522   0.112609  0.0773196   0.924286  0.0758441  0.0543169 0.00306273
  0.606522   0.112609  0.0773196   0.924286  0.0758441  0.0543169 0.00306273
  0.606522   0.112609  0.0773196   0.924286  0.0758441  0.0543169 0.00306273
  0.606522   0.112609  0.0773196   0.924286  0.0758441  0.0543169 0.00254826
  0.606522   0.112609  0.0773196   0.924286  0.0758441  0.0543169 0.00254826
  0.606522   0.112609  0.0773196   0.924286  0.0758441  0.0543169 0.00254826
  0.606522   0.112609  0.0773196   0.924286  0.0758441  0.0543169 0.00254826
  0.606522   0.112609  0.0773196   0.924286  0.0758441  0.0543169 0.00254826
  0.606522   0.112609  0.0773196   0.924286  0.0758441  0.0543169 0.00254826
  0.606522   0.112609  0.0773196   0.924286  0.0758441  0.0543169 0.00254826
  0.606522   0.112609  0.0773196   0.924286  0.0758441  0.0543169 0.00254826
  0.606522   0.112609  0.0773196   0.924286  0.0758441  0.0543169 0.00254826
  0.606522   0.112609  0.0773196   0.924286  0.0758441  0.0543169 0.00254826
  0.606522   0.112609  0.0773196   0.924286  0.0758441  0.0543169 0.00254826
  0.606522   0.112609  0.0773196   0.924286  0.0758441  0.0543169 0.00254826
  0.606522   0.112609  0.0773196   0.924286  0.0758441  0.0543169 0.00254826
  0.606522   0.112609  0.0773196   0.924286  0.0758441  0.0543169 0.00254826
  0.606522   0.112609  0.0773196   0.924286  0.0758441  0.0543169 0.00254826
  0.606522   0.112609  0.0773196   0.924286  0.0758441  0.0543169 0.00254826
  0.606522   0.112609  0.0773196   0.924286  0.0758441  0.0543169 0.00254826
  0.606522   0.112609  0.0773196   0.924286  0.0758441  0.0543169 0.00254826
  0.606522   0.112609  0.0773196   0.924286  0.0758441  0.0543169 0.00254826
  0.606522   0.112609  0.0773196   0.924286  0.0758441  0.0543169 0.00254826
  0.606522   0.112609  0.0773196   0.924286  0.0758441  0.0543169 0.00254826
  0.606522   0.112609  0.0773196   0.924286  0.0758441  0.0543169 0.00254826
  0.606522   0.112609  0.0773196   0.924286  0.0758441  0.0543169 0.00254826
  0.606522   0.112609  0.0773196   0.924286  0.0758441  0.0543169 0.00254826
  0.606522   0.112609  0.0773196   0.924286  0.0758441  0.0543169 0.00254826
  0.606522   0.112609  0.0773196   0.924286  0.0758441  0.0543169 0.00254826
  0.606522   0.112609  0.0773196   0.924286  0.0758441  0.0543169 0.00254826
  0.606522   0.112609  0.0773196   0.924286  0.0758441  0.0543169 0.00254826
  0.606522   0.112609  0.0773196   0.924286  0.0758441  0.0543169 0.00254826
  0.606522   0.112609  0.0773196   0.924286  0.0758441  0.0543169 0.00254826
  0.606522   0.112609  0.0773196   0.924286  0.0758441  0.0543169 0.00254826
  0.606522   0.112609  0.0773196   0.924286  0.0758441  0.0543169 0.00254826
  0.606522   0.112609  0.0773196   0.924286  0.0758441  0.0543169 0.00254826
  0.606522   0.112609  0.0773196   0.924286  0.0758441  0.0543169 0.00254826
  0.606522   0.112609  0.0773196   0.924286  0.0758441  0.0543169 0.00254826
  0.606522   0.112609  0.0773196   0.924286  0.0758441  0.0543169 0.00254826
  0.606522   0.112609  0.0773196   0.924286  0.0758441  0.0543169 0.00254826
  0.606522   0.112609  0.0773196   0.924286  0.0758441  0.0543169 0.00254826
  0.606522   0.112609  0.0773196   0.924286  0.0758441  0.0543169 0.00254826
  0.606522   0.112609  0.0773196   0.924286  0.0758441  0.0543169 0.00254826
  0.606522   0.112609  0.0773196   0.924286  0.0758441  0.0543169 0.00254826
  0.606522   0.112609  0.0773196   0.924286  0.0758441  0.0543169 0.00254826
  0.606522   0.112609  0.0773196   0.924286  0.0758441  0.0543169 0.00254826
  0.606522   0.112609  0.0773196   0.924286  0.0758441  0.0543169 0.00254826
  0.606522   0.112609  0.0773196   0.924286  0.0758441  0.0543169 0.00254826
  0.606522   0.112609  0.0773196   0.924286  0.0758441  0.0543169 0.00254826
  0.606522   0.112609  0.0773196   0.924286  0.0758441  0.0543169 0.00254826
  0.606522   0.112609  0.0773196   0.924286  0.0758441  0.0543169 0.00254826
  0.606522   0.112609  0.0773196   0.924286  0.0758441  0.0543169 0.00254826
  0.606522   0.112609  0.0773196   0.924286  0.0758441  0.0543169 0.00254826
  0.606522   0.112609  0.0773196   0.924286  0.0758441  0.0543169 0.00254826
  0.622458   0.117309  0.0769677   0.924047  0.0756113   0.053815 0.00253599
  0.622458   0.117309  0.0769677   0.924047  0.0756113   0.053815 0.00253599
  0.622458   0.117309  0.0769677   0.924047  0.0756113   0.053815 0.00253599
  0.622458   0.117309  0.0769677   0.924047  0.0756113   0.053815 0.00253599
  0.622458   0.117309  0.0769677   0.924047  0.0756113   0.053815 0.00253599
  0.622458   0.117309  0.0769677   0.924047  0.0756113   0.053815 0.00253599
  0.622458   0.117309  0.0769677   0.924047  0.0756113   0.053815 0.00253599
  0.622458   0.117309  0.0769677   0.924047  0.0756113   0.053815 0.00253599
  0.622458   0.117309  0.0769677   0.924047  0.0756113   0.053815 0.00253599
  0.622458   0.117309  0.0769677   0.924047  0.0756113   0.053815 0.00253599
  0.622458   0.117309  0.0769677   0.924047  0.0756113   0.053815 0.00253599
  0.622458   0.117309  0.0769677   0.924047  0.0756113   0.053815 0.00253599
  0.622458   0.117309  0.0769677   0.924047  0.0756113   0.053815 0.00253599
  0.622458   0.117309  0.0769677   0.924047  0.0756113   0.053815 0.00253599
  0.622458   0.117309  0.0769677   0.924047  0.0756113   0.053815 0.00253599
  0.622458   0.117309  0.0769677   0.924047  0.0756113   0.053815 0.00253599
  0.622458   0.117309  0.0769677   0.924047  0.0756113   0.053815 0.00253599
  0.622458   0.117309  0.0769677   0.924047  0.0756113   0.053815 0.00253599
  0.622458   0.117309  0.0769677   0.924047  0.0756113   0.053815 0.00253599
  0.622458   0.117309  0.0769677   0.924047  0.0756113   0.053815 0.00253599
  0.622458   0.117309  0.0769677   0.924047  0.0756113   0.053815 0.00253599
  0.622458   0.117309  0.0769677   0.924047  0.0756113   0.053815 0.00253599
  0.622458   0.117309  0.0769677   0.924047  0.0756113   0.053815 0.00253599
  0.622458   0.117309  0.0769677   0.924047  0.0756113   0.053815 0.00253599
  0.622458   0.117309  0.0769677   0.924047  0.0756113   0.053815 0.00253599
  0.622458   0.117309  0.0769677   0.924047  0.0756113   0.053815 0.00253599
  0.622458   0.117309  0.0769677   0.924047  0.0756113   0.053815 0.00253599
  0.622458   0.117309  0.0769677   0.924047  0.0756113   0.053815 0.00253599
  0.622458   0.117309  0.0769677   0.924047  0.0756113   0.053815 0.00253599
  0.622458   0.117309  0.0769677   0.924047  0.0756113   0.053815 0.00253599
  0.622458   0.117309  0.0769677   0.924047  0.0756113   0.053815 0.00253599
  0.622458   0.117309  0.0769677   0.924047  0.0756113   0.053815 0.00253599
  0.622458   0.117309  0.0769677   0.924047  0.0756113   0.053815 0.00253599
   0.56719  0.0988383  0.0777371   0.923362  0.0753621  0.0546348 0.00252679
   0.56719  0.0988383  0.0777371   0.923362  0.0753621  0.0546348 0.00252679
   0.56719  0.0988383  0.0777371   0.923362  0.0753621  0.0546348 0.00252679
   0.56719  0.0988383  0.0777371   0.923362  0.0753621  0.0546348 0.00252679
   0.56719  0.0988383  0.0777371   0.923362  0.0753621  0.0546348 0.00252679
   0.56719  0.0988383  0.0777371   0.923362  0.0753621  0.0546348 0.00252679
   0.56719  0.0988383  0.0777371   0.923362  0.0753621  0.0546348 0.00252679
   0.56719  0.0988383  0.0777371   0.923362  0.0753621  0.0546348 0.00252679
   0.56719  0.0988383  0.0777371   0.923362  0.0753621  0.0546348 0.00252679
   0.56719  0.0988383  0.0777371   0.923362  0.0753621  0.0546348 0.00252679
   0.56719  0.0988383  0.0777371   0.923362  0.0753621  0.0546348 0.00252679
   0.56719  0.0988383  0.0777371   0.923362  0.0753621  0.0546348 0.00252679
   0.56719  0.0988383  0.0777371   0.923362  0.0753621  0.0546348 0.00252679
   0.56719  0.0988383  0.0777371   0.923362  0.0753621  0.0546348 0.00252679
   0.56719  0.0988383  0.0777371   0.923362  0.0753621  0.0546348 0.00252679
   0.56719  0.0988383  0.0777371   0.923362  0.0753621  0.0546348 0.00252679
   0.56719  0.0988383  0.0777371   0.923362  0.0753621  0.0546348 0.00252679
   0.56719  0.0988383  0.0777371   0.923362  0.0753621  0.0546348 0.00252679
   0.56719  0.0988383  0.0777371   0.923362  0.0753621  0.0546348 0.00252679
   0.56719  0.0988383  0.0777371   0.923362  0.0753621  0.0546348 0.00252679
   0.56719  0.0988383  0.0777371   0.923362  0.0753621  0.0546348 0.00252679
   0.56719  0.0988383  0.0777371   0.923362  0.0753621  0.0546348 0.00252679
   0.56719  0.0988383  0.0777371   0.923362  0.0753621  0.0546348 0.00252679
   0.56719  0.0988383  0.0777371   0.923362  0.0753621  0.0546348 0.00252679
   0.56719  0.0988383  0.0777371   0.923362  0.0753621  0.0546348 0.00252679
  0.570342  0.0993567  0.0777345   0.923362  0.0753591  0.0546334 0.00252439
  0.570342  0.0993567  0.0777345   0.923362  0.0753591  0.0546334 0.00252439
  0.570342  0.0993567  0.0777345   0.923362  0.0753591  0.0546334 0.00252439
  0.570342  0.0993567  0.0777345   0.923362  0.0753591  0.0546334 0.00252439
  0.570342  0.0993567  0.0777345   0.923362  0.0753591  0.0546334 0.00252439
  0.570342  0.0993567  0.0777345   0.923362  0.0753591  0.0546334 0.00252439
  0.570342  0.0993567  0.0777345   0.923362  0.0753591  0.0546334 0.00252439
  0.570342  0.0993567  0.0777345   0.923362  0.0753591  0.0546334 0.00252439
  0.570342  0.0993567  0.0777345   0.923362  0.0753591  0.0546334 0.00252439
  0.570342  0.0993567  0.0777345   0.923362  0.0753591  0.0546334 0.00252439
  0.570342  0.0993567  0.0777345   0.923362  0.0753591  0.0546334 0.00252439
  0.570342  0.0993567  0.0777345   0.923362  0.0753591  0.0546334 0.00252439
  0.570342  0.0993567  0.0777345   0.923362  0.0753591  0.0546334 0.00252439
  0.570342  0.0993567  0.0777345   0.923362  0.0753591  0.0546334 0.00252439
  0.592978   0.107014  0.0774634   0.923822  0.0755824   0.054429 0.00252397
  0.592978   0.107014  0.0774634   0.923822  0.0755824   0.054429 0.00252397
  0.592978   0.107014  0.0774634   0.923822  0.0755824   0.054429 0.00252397
  0.592978   0.107014  0.0774634   0.923822  0.0755824   0.054429 0.00252397
  0.592978   0.107014  0.0774634   0.923822  0.0755824   0.054429 0.00252397
  0.592978   0.107014  0.0774634   0.923822  0.0755824   0.054429 0.00252397
  0.592978   0.107014  0.0774634   0.923822  0.0755824   0.054429 0.00252397
  0.592978   0.107014  0.0774634   0.923822  0.0755824   0.054429 0.00252397
  0.592978   0.107014  0.0774634   0.923822  0.0755824   0.054429 0.00252397
  0.592978   0.107014  0.0774634   0.923822  0.0755824   0.054429 0.00252397
  0.592978   0.107014  0.0774634   0.923822  0.0755824   0.054429 0.00252397
  0.592978   0.107014  0.0774634   0.923822  0.0755824   0.054429 0.00252397
  0.592978   0.107014  0.0774634   0.923822  0.0755824   0.054429 0.00252397
  0.592978   0.107014  0.0774634   0.923822  0.0755824   0.054429 0.00252397
  0.592978   0.107014  0.0774634   0.923822  0.0755824   0.054429 0.00252397
  0.592978   0.107014  0.0774634   0.923822  0.0755824   0.054429 0.00252397
  0.592978   0.107014  0.0774634   0.923822  0.0755824   0.054429 0.00252397
  0.592978   0.107014  0.0774634   0.923822  0.0755824   0.054429 0.00252397
  0.592978   0.107014  0.0774634   0.923822  0.0755824   0.054429 0.00252397
  0.592978   0.107014  0.0774634   0.923822  0.0755824   0.054429 0.00252397
  0.592978   0.107014  0.0774634   0.923822  0.0755824   0.054429 0.00252397
  0.592978   0.107014  0.0774634   0.923822  0.0755824   0.054429 0.00252397
  0.592978   0.107014  0.0774634   0.923822  0.0755824   0.054429 0.00252397
  0.592978   0.107014  0.0774634   0.923822  0.0755824   0.054429 0.00252397
  0.592978   0.107014  0.0774634   0.923822  0.0755824   0.054429 0.00252397
  0.592978   0.107014  0.0774634   0.923822  0.0755824   0.054429 0.00252397
  0.592978   0.107014  0.0774634   0.923822  0.0755824   0.054429 0.00252397
  0.592978   0.107014  0.0774634   0.923822  0.0755824   0.054429 0.00252397
  0.582017   0.102807  0.0775549     0.9236  0.0755392  0.0544863  0.0025231
  0.582017   0.102807  0.0775549     0.9236  0.0755392  0.0544863  0.0025231
  0.582017   0.102807  0.0775549     0.9236  0.0755392  0.0544863  0.0025231
  0.582017   0.102807  0.0775549     0.9236  0.0755392  0.0544863  0.0025231
  0.582017   0.102807  0.0775549     0.9236  0.0755392  0.0544863  0.0025231
  0.582017   0.102807  0.0775549     0.9236  0.0755392  0.0544863  0.0025231
  0.582017   0.102807  0.0775549     0.9236  0.0755392  0.0544863  0.0025231
  0.582017   0.102807  0.0775549     0.9236  0.0755392  0.0544863  0.0025231
  0.582017   0.102807  0.0775549     0.9236  0.0755392  0.0544863  0.0025231
  0.582017   0.102807  0.0775549     0.9236  0.0755392  0.0544863  0.0025231
  0.582017   0.102807  0.0775549     0.9236  0.0755392  0.0544863  0.0025231
  0.582017   0.102807  0.0775549     0.9236  0.0755392  0.0544863  0.0025231
  0.582017   0.102807  0.0775549     0.9236  0.0755392  0.0544863  0.0025231
  0.582017   0.102807  0.0775549     0.9236  0.0755392  0.0544863  0.0025231
  0.582017   0.102807  0.0775549     0.9236  0.0755392  0.0544863  0.0025231
  0.582017   0.102807  0.0775549     0.9236  0.0755392  0.0544863  0.0025231
  0.582017   0.102807  0.0775549     0.9236  0.0755392  0.0544863  0.0025231
  0.582017   0.102807  0.0775549     0.9236  0.0755392  0.0544863  0.0025231
  0.582017   0.102807  0.0775549     0.9236  0.0755392  0.0544863  0.0025231
  0.582017   0.102807  0.0775549     0.9236  0.0755392  0.0544863  0.0025231
  0.582017   0.102807  0.0775549     0.9236  0.0755392  0.0544863  0.0025231
  0.582017   0.102807  0.0775549     0.9236  0.0755392  0.0544863  0.0025231
  0.582017   0.102807  0.0775549     0.9236  0.0755392  0.0544863  0.0025231
  0.582017   0.102807  0.0775549     0.9236  0.0755392  0.0544863  0.0025231
  0.582017   0.102807  0.0775549     0.9236  0.0755392  0.0544863  0.0025231
  0.582017   0.102807  0.0775549     0.9236  0.0755392  0.0544863  0.0025231
  0.582017   0.102807  0.0775549     0.9236  0.0755392  0.0544863  0.0025231
  0.582017   0.102807  0.0775549     0.9236  0.0755392  0.0544863  0.0025231
  0.582017   0.102807  0.0775549     0.9236  0.0755392  0.0544863  0.0025231
  0.582017   0.102807  0.0775549     0.9236  0.0755392  0.0544863  0.0025231
  0.582017   0.102807  0.0775549     0.9236  0.0755392  0.0544863  0.0025231
  0.582017   0.102807  0.0775549     0.9236  0.0755392  0.0544863  0.0025231
  0.582017   0.102807  0.0775549     0.9236  0.0755392  0.0544863  0.0025231
  0.582017   0.102807  0.0775549     0.9236  0.0755392  0.0544863  0.0025231
  0.582017   0.102807  0.0775549     0.9236  0.0755392  0.0544863  0.0025231
  0.582017   0.102807  0.0775549     0.9236  0.0755392  0.0544863  0.0025231
  0.582017   0.102807  0.0775549     0.9236  0.0755392  0.0544863  0.0025231
  0.582017   0.102807  0.0775549     0.9236  0.0755392  0.0544863  0.0025231
  0.582017   0.102807  0.0775549     0.9236  0.0755392  0.0544863  0.0025231
  0.582017   0.102807  0.0775549     0.9236  0.0755392  0.0544863  0.0025231
  0.582017   0.102807  0.0775549     0.9236  0.0755392  0.0544863  0.0025231
  0.582017   0.102807  0.0775549     0.9236  0.0755392  0.0544863  0.0025231
  0.582017   0.102807  0.0775549     0.9236  0.0755392  0.0544863  0.0025231
  0.582017   0.102807  0.0775549     0.9236  0.0755392  0.0544863  0.0025231
  0.582017   0.102807  0.0775549     0.9236  0.0755392  0.0544863  0.0025231
  0.582017   0.102807  0.0775549     0.9236  0.0755392  0.0544863  0.0025231
  0.582017   0.102807  0.0775549     0.9236  0.0755392  0.0544863  0.0025231
  0.582017   0.102807  0.0775549     0.9236  0.0755392  0.0544863  0.0025231
  0.582017   0.102807  0.0775549     0.9236  0.0755392  0.0544863  0.0025231
  0.582017   0.102807  0.0775549     0.9236  0.0755392  0.0544863  0.0025231
  0.582017   0.102807  0.0775549     0.9236  0.0755392  0.0544863 0.00252268
  0.582017   0.102807  0.0775549     0.9236  0.0755392  0.0544863 0.00252268
  0.582017   0.102807  0.0775549     0.9236  0.0755392  0.0544863 0.00252268
  0.582017   0.102807  0.0775549     0.9236  0.0755392  0.0544863 0.00252268
  0.582017   0.102807  0.0775549     0.9236  0.0755392  0.0544863 0.00252268
  0.582017   0.102807  0.0775549     0.9236  0.0755392  0.0544863 0.00252268
  0.582017   0.102807  0.0775549     0.9236  0.0755392  0.0544863 0.00252268
  0.582017   0.102807  0.0775549     0.9236  0.0755392  0.0544863 0.00252268
  0.582017   0.102807  0.0775549     0.9236  0.0755392  0.0544863 0.00252268
  0.582017   0.102807  0.0775549     0.9236  0.0755392  0.0544863 0.00252268
  0.582017   0.102807  0.0775549     0.9236  0.0755392  0.0544863 0.00252268
  0.582017   0.102807  0.0775549     0.9236  0.0755392  0.0544863 0.00252268
  0.582017   0.102807  0.0775549     0.9236  0.0755392  0.0544863 0.00252268
  0.582017   0.102807  0.0775549     0.9236  0.0755392  0.0544863 0.00252268
  0.582017   0.102807  0.0775549     0.9236  0.0755392  0.0544863 0.00252268
  0.582017   0.102807  0.0775549     0.9236  0.0755392  0.0544863 0.00252268
  0.582017   0.102807  0.0775549     0.9236  0.0755392  0.0544863 0.00252268
  0.582017   0.102807  0.0775549     0.9236  0.0755392  0.0544863 0.00252268
  0.582017   0.102807  0.0775549     0.9236  0.0755392  0.0544863 0.00252268
  0.582017   0.102807  0.0775549     0.9236  0.0755392  0.0544863 0.00252268
  0.582017   0.102807  0.0775549     0.9236  0.0755392  0.0544863 0.00252268
  0.582017   0.102807  0.0775549     0.9236  0.0755392  0.0544863 0.00252268
  0.582017   0.102807  0.0775549     0.9236  0.0755392  0.0544863 0.00252268
  0.582017   0.102807  0.0775549     0.9236  0.0755392  0.0544863 0.00252268
  0.582017   0.102807  0.0775549     0.9236  0.0755392  0.0544863 0.00252268
  0.582017   0.102807  0.0775549     0.9236  0.0755392  0.0544863 0.00252268
  0.585817   0.105355  0.0771547   0.922235  0.0759226  0.0542877  0.0025221
  0.585817   0.105355  0.0771547   0.922235  0.0759226  0.0542877  0.0025221
  0.585817   0.105355  0.0771547   0.922235  0.0759226  0.0542877  0.0025221
  0.585817   0.105355  0.0771547   0.922235  0.0759226  0.0542877  0.0025221
  0.585817   0.105355  0.0771547   0.922235  0.0759226  0.0542877  0.0025221
  0.582917   0.104046  0.0772183    0.92256  0.0758191   0.054379 0.00252139
  0.582917   0.104046  0.0772183    0.92256  0.0758191   0.054379 0.00252139
  0.582917   0.104046  0.0772183    0.92256  0.0758191   0.054379 0.00252139
  0.582917   0.104046  0.0772183    0.92256  0.0758191   0.054379 0.00252139
  0.582917   0.104046  0.0772183    0.92256  0.0758191   0.054379 0.00252139
  0.582917   0.104046  0.0772183    0.92256  0.0758191   0.054379 0.00252139
  0.582917   0.104046  0.0772183    0.92256  0.0758191   0.054379 0.00252139
  0.582917   0.104046  0.0772183    0.92256  0.0758191   0.054379 0.00252139
  0.582917   0.104046  0.0772183    0.92256  0.0758191   0.054379 0.00252139
  0.582917   0.104046  0.0772183    0.92256  0.0758191   0.054379 0.00252139
  0.582917   0.104046  0.0772183    0.92256  0.0758191   0.054379 0.00252139
  0.582917   0.104046  0.0772183    0.92256  0.0758191   0.054379 0.00252139
  0.582917   0.104046  0.0772183    0.92256  0.0758191   0.054379 0.00252139
  0.582917   0.104046  0.0772183    0.92256  0.0758191   0.054379 0.00252139
  0.582917   0.104046  0.0772183    0.92256  0.0758191   0.054379 0.00252139
  0.582917   0.104046  0.0772183    0.92256  0.0758191   0.054379 0.00252139
  0.582917   0.104046  0.0772183    0.92256  0.0758191   0.054379 0.00252139
  0.574711   0.101276  0.0768745   0.922693  0.0758907  0.0540313 0.00251296
  0.574711   0.101276  0.0768745   0.922693  0.0758907  0.0540313 0.00251296
  0.574711   0.101276  0.0768745   0.922693  0.0758907  0.0540313 0.00251296
  0.574711   0.101276  0.0768745   0.922693  0.0758907  0.0540313 0.00251296
  0.611028   0.112926  0.0772023    0.92265  0.0757693  0.0542462 0.00251221
  0.611028   0.112926  0.0772023    0.92265  0.0757693  0.0542462 0.00251221
  0.611028   0.112926  0.0772023    0.92265  0.0757693  0.0542462 0.00251221
  0.611028   0.112926  0.0772023    0.92265  0.0757693  0.0542462 0.00251221
  0.611028   0.112926  0.0772023    0.92265  0.0757693  0.0542462 0.00251221
  0.611028   0.112926  0.0772023    0.92265  0.0757693  0.0542462 0.00251221
  0.611028   0.112926  0.0772023    0.92265  0.0757693  0.0542462 0.00251221
  0.591209   0.106528  0.0771135   0.922662  0.0758021   0.054188 0.00250923
  0.591209   0.106528  0.0771135   0.922662  0.0758021   0.054188 0.00250923
  0.591209   0.106528  0.0771135   0.922662  0.0758021   0.054188 0.00250923
  0.591209   0.106528  0.0771135   0.922662  0.0758021   0.054188 0.00250923
  0.591209   0.106528  0.0771135   0.922662  0.0758021   0.054188 0.00250923
  0.591209   0.106528  0.0771135   0.922662  0.0758021   0.054188 0.00250923
  0.591209   0.106528  0.0771135   0.922662  0.0758021   0.054188 0.00250923
  0.591209   0.106528  0.0771135   0.922662  0.0758021   0.054188 0.00250923
  0.591209   0.106528  0.0771135   0.922662  0.0758021   0.054188 0.00250923
  0.591209   0.106528  0.0771135   0.922662  0.0758021   0.054188 0.00250923
  0.591209   0.106528  0.0771135   0.922662  0.0758021   0.054188 0.00250923
  0.591209   0.106528  0.0771135   0.922662  0.0758021   0.054188 0.00250923
  0.591209   0.106528  0.0771135   0.922662  0.0758021   0.054188 0.00250923
  0.591209   0.106528  0.0771135   0.922662  0.0758021   0.054188 0.00250923
  0.591209   0.106528  0.0771135   0.922662  0.0758021   0.054188 0.00250923
  0.591209   0.106528  0.0771135   0.922662  0.0758021   0.054188 0.00250923
  0.591209   0.106528  0.0771135   0.922662  0.0758021   0.054188 0.00250923
  0.591209   0.106528  0.0771135   0.922662  0.0758021   0.054188 0.00250923
  0.591209   0.106528  0.0771135   0.922662  0.0758021   0.054188 0.00250923
  0.590423   0.106366  0.0771065   0.922667  0.0757833  0.0541752 0.00250904
  0.590423   0.106366  0.0771065   0.922667  0.0757833  0.0541752 0.00250904
  0.590423   0.106366  0.0771065   0.922667  0.0757833  0.0541752 0.00250904
  0.590423   0.106366  0.0771065   0.922667  0.0757833  0.0541752 0.00250904
  0.590423   0.106366  0.0771065   0.922667  0.0757833  0.0541752 0.00250904
  0.590423   0.106366  0.0771065   0.922667  0.0757833  0.0541752 0.00250904
  0.590423   0.106366  0.0771065   0.922667  0.0757833  0.0541752 0.00250904
  0.587812   0.105513  0.0771099   0.922642  0.0757918  0.0541793 0.00250894
  0.587812   0.105513  0.0771099   0.922642  0.0757918  0.0541793 0.00250894
  0.587812   0.105513  0.0771099   0.922642  0.0757918  0.0541793 0.00250894
  0.587812   0.105513  0.0771099   0.922642  0.0757918  0.0541793 0.00250894
  0.587812   0.105513  0.0771099   0.922642  0.0757918  0.0541793 0.00250894
  0.587812   0.105513  0.0771099   0.922642  0.0757918  0.0541793 0.00250894
  0.587812   0.105513  0.0771099   0.922642  0.0757918  0.0541793 0.00250894
  0.587812   0.105513  0.0771099   0.922642  0.0757918  0.0541793 0.00250894
  0.587812   0.105513  0.0771099   0.922642  0.0757918  0.0541793 0.00250894
  0.587812   0.105513  0.0771099   0.922642  0.0757918  0.0541793 0.00250894
  0.587812   0.105513  0.0771099   0.922642  0.0757918  0.0541793 0.00250894
  0.587812   0.105513  0.0771099   0.922642  0.0757918  0.0541793 0.00250894
  0.587812   0.105513  0.0771099   0.922642  0.0757918  0.0541793 0.00250894
  0.587812   0.105513  0.0771099   0.922642  0.0757918  0.0541793 0.00250894
  0.587812   0.105513  0.0771099   0.922642  0.0757918  0.0541793 0.00250894
  0.587812   0.105513  0.0771099   0.922642  0.0757918  0.0541793 0.00250894
  0.587812   0.105513  0.0771099   0.922642  0.0757918  0.0541793 0.00250894
  0.587812   0.105513  0.0771099   0.922642  0.0757918  0.0541793 0.00250894
  0.587812   0.105513  0.0771099   0.922642  0.0757918  0.0541793 0.00250894
  0.587812   0.105513  0.0771099   0.922642  0.0757918  0.0541793 0.00250894
  0.587812   0.105513  0.0771099   0.922642  0.0757918  0.0541793 0.00250894
  0.587812   0.105513  0.0771099   0.922642  0.0757918  0.0541793 0.00250894
  0.587812   0.105513  0.0771099   0.922642  0.0757918  0.0541793 0.00250894
  0.587812   0.105513  0.0771099   0.922642  0.0757918  0.0541793 0.00250894
  0.587812   0.105513  0.0771099   0.922642  0.0757918  0.0541793 0.00250894
  0.587812   0.105513  0.0771099   0.922642  0.0757918  0.0541793 0.00250894
  0.587812   0.105513  0.0771099   0.922642  0.0757918  0.0541793 0.00250894
  0.587812   0.105513  0.0771099   0.922642  0.0757918  0.0541793 0.00250894
  0.587812   0.105513  0.0771099   0.922642  0.0757918  0.0541793 0.00250894
  0.587812   0.105513  0.0771099   0.922642  0.0757918  0.0541793 0.00250894
  0.587812   0.105513  0.0771099   0.922642  0.0757918  0.0541793 0.00250894
  0.587812   0.105513  0.0771099   0.922642  0.0757918  0.0541793 0.00250894
  0.587812   0.105513  0.0771099   0.922642  0.0757918  0.0541793 0.00250894
  0.587812   0.105513  0.0771099   0.922642  0.0757918  0.0541793 0.00250894
  0.587812   0.105513  0.0771099   0.922642  0.0757918  0.0541793 0.00250894
  0.587812   0.105513  0.0771099   0.922642  0.0757918  0.0541793 0.00250894
  0.587812   0.105513  0.0771099   0.922642  0.0757918  0.0541793 0.00250894
  0.587812   0.105513  0.0771099   0.922642  0.0757918  0.0541793 0.00250894
  0.587812   0.105513  0.0771099   0.922642  0.0757918  0.0541793 0.00250894
  0.587812   0.105513  0.0771099   0.922642  0.0757918  0.0541793 0.00250894
  0.587812   0.105513  0.0771099   0.922642  0.0757918  0.0541793 0.00250894
  0.587812   0.105513  0.0771099   0.922642  0.0757918  0.0541793 0.00250894
  0.587812   0.105513  0.0771099   0.922642  0.0757918  0.0541793 0.00250894
  0.587812   0.105513  0.0771099   0.922642  0.0757918  0.0541793 0.00250894
  0.587812   0.105513  0.0771099   0.922642  0.0757918  0.0541793 0.00250894
  0.587812   0.105513  0.0771099   0.922642  0.0757918  0.0541793 0.00250894
  0.587812   0.105513  0.0771099   0.922642  0.0757918  0.0541793 0.00250894
  0.587812   0.105513  0.0771099   0.922642  0.0757918  0.0541793 0.00250894
  0.587812   0.105513  0.0771099   0.922642  0.0757918  0.0541793 0.00250894
  0.587812   0.105513  0.0771099   0.922642  0.0757918  0.0541793 0.00250894
  0.587812   0.105513  0.0771099   0.922642  0.0757918  0.0541793 0.00250894
  0.587812   0.105513  0.0771099   0.922642  0.0757918  0.0541793 0.00250894
  0.587812   0.105513  0.0771099   0.922642  0.0757918  0.0541793 0.00250894
  0.587812   0.105513  0.0771099   0.922642  0.0757918  0.0541793 0.00250894
  0.587812   0.105513  0.0771099   0.922642  0.0757918  0.0541793 0.00250894
  0.587812   0.105513  0.0771099   0.922642  0.0757918  0.0541793 0.00250894
  0.587812   0.105513  0.0771099   0.922642  0.0757918  0.0541793 0.00250894
  0.587812   0.105513  0.0771099   0.922642  0.0757918  0.0541793 0.00250894
  0.587812   0.105513  0.0771099   0.922642  0.0757918  0.0541793 0.00250894
  0.587812   0.105513  0.0771099   0.922642  0.0757918  0.0541793 0.00250894
  0.587812   0.105513  0.0771099   0.922642  0.0757918  0.0541793 0.00250894
  0.587812   0.105513  0.0771099   0.922642  0.0757918  0.0541793 0.00250894
  0.587812   0.105513  0.0771099   0.922642  0.0757918  0.0541793 0.00250894
  0.587812   0.105513  0.0771099   0.922642  0.0757918  0.0541793 0.00250894
  0.587812   0.105513  0.0771099   0.922642  0.0757918  0.0541793 0.00250894
  0.587812   0.105513  0.0771099   0.922642  0.0757918  0.0541793 0.00250894
  0.587812   0.105513  0.0771099   0.922642  0.0757918  0.0541793 0.00250894
  0.587812   0.105513  0.0771099   0.922642  0.0757918  0.0541793 0.00250894
  0.587812   0.105513  0.0771099   0.922642  0.0757918  0.0541793 0.00250894
  0.587812   0.105513  0.0771099   0.922642  0.0757918  0.0541793 0.00250894
  0.587812   0.105513  0.0771099   0.922642  0.0757918  0.0541793 0.00250894
  0.587812   0.105513  0.0771099   0.922642  0.0757918  0.0541793 0.00250894
  0.587812   0.105513  0.0771099   0.922642  0.0757918  0.0541793 0.00250894
  0.587812   0.105513  0.0771099   0.922642  0.0757918  0.0541793 0.00250894
  0.587812   0.105513  0.0771099   0.922642  0.0757918  0.0541793 0.00250894
  0.587812   0.105513  0.0771099   0.922642  0.0757918  0.0541793 0.00250894
  0.587812   0.105513  0.0771099   0.922642  0.0757918  0.0541793 0.00250894
  0.587812   0.105513  0.0771099   0.922642  0.0757918  0.0541793 0.00250894
  0.587812   0.105513  0.0771099   0.922642  0.0757918  0.0541793 0.00250894
  0.587812   0.105513  0.0771099   0.922642  0.0757918  0.0541793 0.00250894
  0.587812   0.105513  0.0771099   0.922642  0.0757918  0.0541793 0.00250894
  0.587812   0.105513  0.0771099   0.922642  0.0757918  0.0541793 0.00250894
  0.587812   0.105513  0.0771099   0.922642  0.0757918  0.0541793 0.00250894
  0.587812   0.105513  0.0771099   0.922642  0.0757918  0.0541793 0.00250894
  0.587812   0.105513  0.0771099   0.922642  0.0757918  0.0541793 0.00250894
  0.587812   0.105513  0.0771099   0.922642  0.0757918  0.0541793 0.00250894
  0.587812   0.105513  0.0771099   0.922642  0.0757918  0.0541793 0.00250894
  0.587812   0.105513  0.0771099   0.922642  0.0757918  0.0541793 0.00250894
  0.587812   0.105513  0.0771099   0.922642  0.0757918  0.0541793 0.00250894
  0.587812   0.105513  0.0771099   0.922642  0.0757918  0.0541793 0.00250894
  0.587812   0.105513  0.0771099   0.922642  0.0757918  0.0541793 0.00250894
  0.587812   0.105513  0.0771099   0.922642  0.0757918  0.0541793 0.00250894
  0.587812   0.105513  0.0771099   0.922642  0.0757918  0.0541793 0.00250894
  0.587812   0.105513  0.0771099   0.922642  0.0757918  0.0541793 0.00250894
  0.594326   0.107602  0.0771152   0.922606  0.0757841  0.0541782 0.00250891
  0.594326   0.107602  0.0771152   0.922606  0.0757841  0.0541782 0.00250891
  0.594326   0.107602  0.0771152   0.922606  0.0757841  0.0541782 0.00250891
  0.594326   0.107602  0.0771152   0.922606  0.0757841  0.0541782 0.00250891
  0.594326   0.107602  0.0771152   0.922606  0.0757841  0.0541782 0.00250891
  0.594326   0.107602  0.0771152   0.922606  0.0757841  0.0541782 0.00250891
  0.594326   0.107602  0.0771152   0.922606  0.0757841  0.0541782 0.00250891
  0.594326   0.107602  0.0771152   0.922606  0.0757841  0.0541782 0.00250891
  0.594326   0.107602  0.0771152   0.922606  0.0757841  0.0541782 0.00250891
  0.594326   0.107602  0.0771152   0.922606  0.0757841  0.0541782 0.00250891
  0.594326   0.107602  0.0771152   0.922606  0.0757841  0.0541782 0.00250891
  0.594326   0.107602  0.0771152   0.922606  0.0757841  0.0541782 0.00250891
  0.594326   0.107602  0.0771152   0.922606  0.0757841  0.0541782 0.00250891
  0.594326   0.107602  0.0771152   0.922606  0.0757841  0.0541782 0.00250891
  0.594326   0.107602  0.0771152   0.922606  0.0757841  0.0541782 0.00250891
  0.594326   0.107602  0.0771152   0.922606  0.0757841  0.0541782 0.00250891
  0.594326   0.107602  0.0771152   0.922606  0.0757841  0.0541782 0.00250891
  0.594326   0.107602  0.0771152   0.922606  0.0757841  0.0541782 0.00250891
  0.594326   0.107602  0.0771152   0.922606  0.0757841  0.0541782 0.00250891
  0.594326   0.107602  0.0771152   0.922606  0.0757841  0.0541782 0.00250891
  0.594326   0.107602  0.0771152   0.922606  0.0757841  0.0541782 0.00250891
  0.594326   0.107602  0.0771152   0.922606  0.0757841  0.0541782 0.00250891
  0.594326   0.107602  0.0771152   0.922606  0.0757841  0.0541782 0.00250891
  0.594326   0.107602  0.0771152   0.922606  0.0757841  0.0541782 0.00250891
  0.594326   0.107602  0.0771152   0.922606  0.0757841  0.0541782 0.00250891
  0.594326   0.107602  0.0771152   0.922606  0.0757841  0.0541782 0.00250891
  0.594326   0.107602  0.0771152   0.922606  0.0757841  0.0541782 0.00250891
  0.594326   0.107602  0.0771152   0.922606  0.0757841  0.0541782 0.00250891
  0.594326   0.107602  0.0771152   0.922606  0.0757841  0.0541782 0.00250891
  0.594326   0.107602  0.0771152   0.922606  0.0757841  0.0541782 0.00250891
  0.594326   0.107602  0.0771152   0.922606  0.0757841  0.0541782 0.00250891
  0.594326   0.107602  0.0771152   0.922606  0.0757841  0.0541782 0.00250891
  0.594326   0.107602  0.0771152   0.922606  0.0757841  0.0541782 0.00250891
  0.594326   0.107602  0.0771152   0.922606  0.0757841  0.0541782 0.00250891
  0.594326   0.107602  0.0771152   0.922606  0.0757841  0.0541782 0.00250891
  0.594326   0.107602  0.0771152   0.922606  0.0757841  0.0541782 0.00250891
  0.594326   0.107602  0.0771152   0.922606  0.0757841  0.0541782 0.00250891
  0.594326   0.107602  0.0771152   0.922606  0.0757841  0.0541782 0.00250891
  0.594326   0.107602  0.0771152   0.922606  0.0757841  0.0541782 0.00250891
  0.594326   0.107602  0.0771152   0.922606  0.0757841  0.0541782 0.00250891
  0.594326   0.107602  0.0771152   0.922606  0.0757841  0.0541782 0.00250891
  0.594326   0.107602  0.0771152   0.922606  0.0757841  0.0541782 0.00250891
  0.594326   0.107602  0.0771152   0.922606  0.0757841  0.0541782 0.00250891
  0.594326   0.107602  0.0771152   0.922606  0.0757841  0.0541782 0.00250891
  0.594326   0.107602  0.0771152   0.922606  0.0757841  0.0541782 0.00250891
  0.594326   0.107602  0.0771152   0.922606  0.0757841  0.0541782 0.00250891
  0.594326   0.107602  0.0771152   0.922606  0.0757841  0.0541782 0.00250891
  0.594326   0.107602  0.0771152   0.922606  0.0757841  0.0541782 0.00250891
  0.594326   0.107602  0.0771152   0.922606  0.0757841  0.0541782 0.00250891
  0.594326   0.107602  0.0771152   0.922606  0.0757841  0.0541782 0.00250891
  0.594326   0.107602  0.0771152   0.922606  0.0757841  0.0541782 0.00250891
  0.594326   0.107602  0.0771152   0.922606  0.0757841  0.0541782 0.00250891
  0.594326   0.107602  0.0771152   0.922606  0.0757841  0.0541782 0.00250891
  0.594326   0.107602  0.0771152   0.922606  0.0757841  0.0541782 0.00250891
  0.594326   0.107602  0.0771152   0.922606  0.0757841  0.0541782 0.00250891
  0.594326   0.107602  0.0771152   0.922606  0.0757841  0.0541782 0.00250891
  0.594326   0.107602  0.0771152   0.922606  0.0757841  0.0541782 0.00250891
  0.594326   0.107602  0.0771152   0.922606  0.0757841  0.0541782 0.00250891
  0.594326   0.107602  0.0771152   0.922606  0.0757841  0.0541782 0.00250891
  0.594326   0.107602  0.0771152   0.922606  0.0757841  0.0541782 0.00250891
  0.594326   0.107602  0.0771152   0.922606  0.0757841  0.0541782 0.00250891
  0.594326   0.107602  0.0771152   0.922606  0.0757841  0.0541782 0.00250891
  0.594326   0.107602  0.0771152   0.922606  0.0757841  0.0541782 0.00250891
  0.594326   0.107602  0.0771152   0.922606  0.0757841  0.0541782 0.00250891
  0.594326   0.107602  0.0771152   0.922606  0.0757841  0.0541782 0.00250891
  0.594326   0.107602  0.0771152   0.922606  0.0757841  0.0541782 0.00250891
  0.594326   0.107602  0.0771152   0.922606  0.0757841  0.0541782 0.00250891
  0.594326   0.107602  0.0771152   0.922606  0.0757841  0.0541782 0.00250891
  0.594326   0.107602  0.0771152   0.922606  0.0757841  0.0541782 0.00250891
  0.594326   0.107602  0.0771152   0.922606  0.0757841  0.0541782 0.00250891
  0.594326   0.107602  0.0771152   0.922606  0.0757841  0.0541782 0.00250891
  0.594326   0.107602  0.0771152   0.922606  0.0757841  0.0541782 0.00250891
  0.594326   0.107602  0.0771152   0.922606  0.0757841  0.0541782 0.00250871
  0.594326   0.107602  0.0771152   0.922606  0.0757841  0.0541782 0.00250871
  0.594326   0.107602  0.0771152   0.922606  0.0757841  0.0541782 0.00250871
  0.594326   0.107602  0.0771152   0.922606  0.0757841  0.0541782 0.00250871
  0.594326   0.107602  0.0771152   0.922606  0.0757841  0.0541782 0.00250871
  0.594326   0.107602  0.0771152   0.922606  0.0757841  0.0541782 0.00250871
  0.594326   0.107602  0.0771152   0.922606  0.0757841  0.0541782 0.00250871
  0.594326   0.107602  0.0771152   0.922606  0.0757841  0.0541782 0.00250871
  0.594326   0.107602  0.0771152   0.922606  0.0757841  0.0541782 0.00250871
  0.594326   0.107602  0.0771152   0.922606  0.0757841  0.0541782 0.00250871
  0.594326   0.107602  0.0771152   0.922606  0.0757841  0.0541782 0.00250871
  0.594326   0.107602  0.0771152   0.922606  0.0757841  0.0541782 0.00250871
  0.594326   0.107602  0.0771152   0.922606  0.0757841  0.0541782 0.00250871
  0.594326   0.107602  0.0771152   0.922606  0.0757841  0.0541782 0.00250871
  0.594326   0.107602  0.0771152   0.922606  0.0757841  0.0541782 0.00250871
  0.594326   0.107602  0.0771152   0.922606  0.0757841  0.0541782 0.00250871
  0.594326   0.107602  0.0771152   0.922606  0.0757841  0.0541782 0.00250871
  0.594326   0.107602  0.0771152   0.922606  0.0757841  0.0541782 0.00250871
  0.594326   0.107602  0.0771152   0.922606  0.0757841  0.0541782 0.00250871
  0.594326   0.107602  0.0771152   0.922606  0.0757841  0.0541782 0.00250871
  0.594326   0.107602  0.0771152   0.922606  0.0757841  0.0541782 0.00250871
  0.594326   0.107602  0.0771152   0.922606  0.0757841  0.0541782 0.00250871
  0.594326   0.107602  0.0771152   0.922606  0.0757841  0.0541782 0.00250871
  0.594326   0.107602  0.0771152   0.922606  0.0757841  0.0541782 0.00250871
  0.594326   0.107602  0.0771152   0.922606  0.0757841  0.0541782 0.00250871
  0.594326   0.107602  0.0771152   0.922606  0.0757841  0.0541782 0.00250871
  0.594326   0.107602  0.0771152   0.922606  0.0757841  0.0541782 0.00250871
  0.594326   0.107602  0.0771152   0.922606  0.0757841  0.0541782 0.00250871
  0.594326   0.107602  0.0771152   0.922606  0.0757841  0.0541782 0.00250871
  0.594326   0.107602  0.0771152   0.922606  0.0757841  0.0541782 0.00250871
  0.594326   0.107602  0.0771152   0.922606  0.0757841  0.0541782 0.00250871
  0.594326   0.107602  0.0771152   0.922606  0.0757841  0.0541782 0.00250871
  0.594326   0.107602  0.0771152   0.922606  0.0757841  0.0541782 0.00250871
  0.594326   0.107602  0.0771152   0.922606  0.0757841  0.0541782 0.00250871
  0.594326   0.107602  0.0771152   0.922606  0.0757841  0.0541782 0.00250871
  0.594326   0.107602  0.0771152   0.922606  0.0757841  0.0541782 0.00250871
  0.594326   0.107602  0.0771152   0.922606  0.0757841  0.0541782 0.00250871
  0.594326   0.107602  0.0771152   0.922606  0.0757841  0.0541782 0.00250871
  0.594326   0.107602  0.0771152   0.922606  0.0757841  0.0541782 0.00250871
  0.594326   0.107602  0.0771152   0.922606  0.0757841  0.0541782 0.00250871
  0.594326   0.107602  0.0771152   0.922606  0.0757841  0.0541782 0.00250871
  0.594326   0.107602  0.0771152   0.922606  0.0757841  0.0541782 0.00250871
  0.594326   0.107602  0.0771152   0.922606  0.0757841  0.0541782 0.00250871
  0.594326   0.107602  0.0771152   0.922606  0.0757841  0.0541782 0.00250871
  0.594326   0.107602  0.0771152   0.922606  0.0757841  0.0541782 0.00250871
  0.594326   0.107602  0.0771152   0.922606  0.0757841  0.0541782 0.00250871
  0.594326   0.107602  0.0771152   0.922606  0.0757841  0.0541782 0.00250871
  0.594326   0.107602  0.0771152   0.922606  0.0757841  0.0541782 0.00250871
  0.594326   0.107602  0.0771152   0.922606  0.0757841  0.0541782 0.00250871
  0.594326   0.107602  0.0771152   0.922606  0.0757841  0.0541782 0.00250871
  0.594326   0.107602  0.0771152   0.922606  0.0757841  0.0541782 0.00250871
  0.596185   0.107982  0.0770278   0.922613  0.0757106  0.0540406 0.00250831
  0.596185   0.107982  0.0770278   0.922613  0.0757106  0.0540406 0.00250831
  0.596185   0.107982  0.0770278   0.922613  0.0757106  0.0540406 0.00250831
  0.596185   0.107982  0.0770278   0.922613  0.0757106  0.0540406 0.00250831
  0.596185   0.107982  0.0770278   0.922613  0.0757106  0.0540406 0.00250831
  0.596185   0.107982  0.0770278   0.922613  0.0757106  0.0540406 0.00250831
  0.596185   0.107982  0.0770278   0.922613  0.0757106  0.0540406 0.00250831
  0.596185   0.107982  0.0770278   0.922613  0.0757106  0.0540406 0.00250831
  0.596185   0.107982  0.0770278   0.922613  0.0757106  0.0540406 0.00250831
  0.596185   0.107982  0.0770278   0.922613  0.0757106  0.0540406 0.00250831
  0.596185   0.107982  0.0770278   0.922613  0.0757106  0.0540406 0.00250831
  0.596185   0.107982  0.0770278   0.922613  0.0757106  0.0540406 0.00250831
  0.596185   0.107982  0.0770278   0.922613  0.0757106  0.0540406 0.00250831
  0.596185   0.107982  0.0770278   0.922613  0.0757106  0.0540406 0.00250831
  0.596185   0.107982  0.0770278   0.922613  0.0757106  0.0540406 0.00250831
  0.596185   0.107982  0.0770278   0.922613  0.0757106  0.0540406 0.00250831
  0.596185   0.107982  0.0770278   0.922613  0.0757106  0.0540406 0.00250831
  0.596185   0.107982  0.0770278   0.922613  0.0757106  0.0540406 0.00250831
  0.596185   0.107982  0.0770278   0.922613  0.0757106  0.0540406 0.00250831
  0.596185   0.107982  0.0770278   0.922613  0.0757106  0.0540406 0.00250831
  0.597712   0.108858  0.0770466   0.922621  0.0757328  0.0540632 0.00250697
  0.597712   0.108858  0.0770466   0.922621  0.0757328  0.0540632 0.00250697
  0.597712   0.108858  0.0770466   0.922621  0.0757328  0.0540632 0.00250697
  0.597712   0.108858  0.0770466   0.922621  0.0757328  0.0540632 0.00250697
  0.597712   0.108858  0.0770466   0.922621  0.0757328  0.0540632 0.00250697
  0.597712   0.108858  0.0770466   0.922621  0.0757328  0.0540632 0.00250697
  0.597712   0.108858  0.0770466   0.922621  0.0757328  0.0540632 0.00250697
  0.597712   0.108858  0.0770466   0.922621  0.0757328  0.0540632 0.00250697
  0.597712   0.108858  0.0770466   0.922621  0.0757328  0.0540632 0.00250697
  0.597712   0.108858  0.0770466   0.922621  0.0757328  0.0540632 0.00250697
  0.597712   0.108858  0.0770466   0.922621  0.0757328  0.0540632 0.00250697
  0.597712   0.108858  0.0770466   0.922621  0.0757328  0.0540632 0.00250697
  0.597712   0.108858  0.0770466   0.922621  0.0757328  0.0540632 0.00250697
  0.597712   0.108858  0.0770466   0.922621  0.0757328  0.0540632 0.00250697
  0.597712   0.108858  0.0770466   0.922621  0.0757328  0.0540632 0.00250697
  0.597712   0.108858  0.0770466   0.922621  0.0757328  0.0540632 0.00250697
  0.597712   0.108858  0.0770466   0.922621  0.0757328  0.0540632 0.00250697
  0.597712   0.108858  0.0770466   0.922621  0.0757328  0.0540632 0.00250697
  0.597712   0.108858  0.0770466   0.922621  0.0757328  0.0540632 0.00250697
  0.597712   0.108858  0.0770466   0.922621  0.0757328  0.0540632 0.00250697
  0.597712   0.108858  0.0770466   0.922621  0.0757328  0.0540632 0.00250697
  0.597712   0.108858  0.0770466   0.922621  0.0757328  0.0540632 0.00250697
  0.597712   0.108858  0.0770466   0.922621  0.0757328  0.0540632 0.00250697
  0.597712   0.108858  0.0770466   0.922621  0.0757328  0.0540632 0.00250697
  0.597712   0.108858  0.0770466   0.922621  0.0757328  0.0540632 0.00250697
  0.597712   0.108858  0.0770466   0.922621  0.0757328  0.0540632 0.00250697
  0.597712   0.108858  0.0770466   0.922621  0.0757328  0.0540632 0.00250697
  0.597712   0.108858  0.0770466   0.922621  0.0757328  0.0540632 0.00250697
  0.597712   0.108858  0.0770466   0.922621  0.0757328  0.0540632 0.00250697
  0.597712   0.108858  0.0770466   0.922621  0.0757328  0.0540632 0.00250697
  0.597712   0.108858  0.0770466   0.922621  0.0757328  0.0540632 0.00250697
  0.597712   0.108858  0.0770466   0.922621  0.0757328  0.0540632 0.00250697
  0.597712   0.108858  0.0770466   0.922621  0.0757328  0.0540632 0.00250697
  0.597712   0.108858  0.0770466   0.922621  0.0757328  0.0540632 0.00250697
  0.597712   0.108858  0.0770466   0.922621  0.0757328  0.0540632 0.00250697
  0.597712   0.108858  0.0770466   0.922621  0.0757328  0.0540632 0.00250697
  0.597712   0.108858  0.0770466   0.922621  0.0757328  0.0540632 0.00250697
  0.597712   0.108858  0.0770466   0.922621  0.0757328  0.0540632 0.00250697
  0.597712   0.108858  0.0770466   0.922621  0.0757328  0.0540632 0.00250697
  0.597712   0.108858  0.0770466   0.922621  0.0757328  0.0540632 0.00250697
  0.597712   0.108858  0.0770466   0.922621  0.0757328  0.0540632 0.00250697
  0.597712   0.108858  0.0770466   0.922621  0.0757328  0.0540632 0.00250697
  0.597712   0.108858  0.0770466   0.922621  0.0757328  0.0540632 0.00250697
  0.597712   0.108858  0.0770466   0.922621  0.0757328  0.0540632 0.00250697
  0.597712   0.108858  0.0770466   0.922621  0.0757328  0.0540632 0.00250697
  0.597712   0.108858  0.0770466   0.922621  0.0757328  0.0540632 0.00250697
  0.597712   0.108858  0.0770466   0.922621  0.0757328  0.0540632 0.00250697
  0.597712   0.108858  0.0770466   0.922621  0.0757328  0.0540632 0.00250697
  0.597712   0.108858  0.0770466   0.922621  0.0757328  0.0540632 0.00250697
  0.597712   0.108858  0.0770466   0.922621  0.0757328  0.0540632 0.00250697
  0.597712   0.108858  0.0770466   0.922621  0.0757328  0.0540632 0.00250697
  0.597712   0.108858  0.0770466   0.922621  0.0757328  0.0540632 0.00250697
  0.597712   0.108858  0.0770466   0.922621  0.0757328  0.0540632 0.00250697
  0.597712   0.108858  0.0770466   0.922621  0.0757328  0.0540632 0.00250697
  0.597712   0.108858  0.0770466   0.922621  0.0757328  0.0540632 0.00250697
  0.597712   0.108858  0.0770466   0.922621  0.0757328  0.0540632 0.00250697
  0.597712   0.108858  0.0770466   0.922621  0.0757328  0.0540632 0.00250697
  0.597712   0.108858  0.0770466   0.922621  0.0757328  0.0540632 0.00250697
  0.597712   0.108858  0.0770466   0.922621  0.0757328  0.0540632 0.00250697
  0.597712   0.108858  0.0770466   0.922621  0.0757328  0.0540632 0.00250697
  0.597712   0.108858  0.0770466   0.922621  0.0757328  0.0540632 0.00250697
  0.597712   0.108858  0.0770466   0.922621  0.0757328  0.0540632 0.00250697
  0.597712   0.108858  0.0770466   0.922621  0.0757328  0.0540632 0.00250697
  0.597712   0.108858  0.0770466   0.922621  0.0757328  0.0540632 0.00250697
  0.597712   0.108858  0.0770466   0.922621  0.0757328  0.0540632 0.00250697
  0.597712   0.108858  0.0770466   0.922621  0.0757328  0.0540632 0.00250697
  0.597712   0.108858  0.0770466   0.922621  0.0757328  0.0540632 0.00250697
  0.597712   0.108858  0.0770466   0.922621  0.0757328  0.0540632 0.00250697
  0.597712   0.108858  0.0770466   0.922621  0.0757328  0.0540632 0.00250697
   0.59796   0.108896  0.0770453    0.92262   0.075733  0.0540626 0.00250682
   0.59796   0.108896  0.0770453    0.92262   0.075733  0.0540626 0.00250682
   0.59796   0.108896  0.0770453    0.92262   0.075733  0.0540626 0.00250682
   0.59796   0.108896  0.0770453    0.92262   0.075733  0.0540626 0.00250682
   0.59796   0.108896  0.0770453    0.92262   0.075733  0.0540626 0.00250682
   0.59796   0.108896  0.0770453    0.92262   0.075733  0.0540626 0.00250682
   0.59796   0.108896  0.0770453    0.92262   0.075733  0.0540626 0.00250682
   0.59796   0.108896  0.0770453    0.92262   0.075733  0.0540626 0.00250682
   0.59796   0.108896  0.0770453    0.92262   0.075733  0.0540626 0.00250682
   0.59796   0.108896  0.0770453    0.92262   0.075733  0.0540626 0.00250682
   0.59796   0.108896  0.0770453    0.92262   0.075733  0.0540626 0.00250682
   0.59796   0.108896  0.0770453    0.92262   0.075733  0.0540626 0.00250682
   0.59796   0.108896  0.0770453    0.92262   0.075733  0.0540626 0.00250682
   0.59796   0.108896  0.0770453    0.92262   0.075733  0.0540626 0.00250682
   0.59796   0.108896  0.0770453    0.92262   0.075733  0.0540626 0.00250682
   0.59796   0.108896  0.0770453    0.92262   0.075733  0.0540626 0.00250682
  0.592112   0.106984  0.0770467   0.922621  0.0757332  0.0540634 0.00250671
  0.592112   0.106984  0.0770467   0.922621  0.0757332  0.0540634 0.00250671
  0.592112   0.106984  0.0770467   0.922621  0.0757332  0.0540634 0.00250671
  0.592112   0.106984  0.0770467   0.922621  0.0757332  0.0540634 0.00250671
  0.592112   0.106984  0.0770467   0.922621  0.0757332  0.0540634 0.00250671
  0.592112   0.106984  0.0770467   0.922621  0.0757332  0.0540634 0.00250671
  0.592112   0.106984  0.0770467   0.922621  0.0757332  0.0540634 0.00250671
  0.592112   0.106984  0.0770467   0.922621  0.0757332  0.0540634 0.00250671
  0.592112   0.106984  0.0770467   0.922621  0.0757332  0.0540634 0.00250671
  0.592112   0.106984  0.0770467   0.922621  0.0757332  0.0540634 0.00250671
  0.592112   0.106984  0.0770467   0.922621  0.0757332  0.0540634 0.00250671
  0.592112   0.106984  0.0770467   0.922621  0.0757332  0.0540634 0.00250671
  0.592112   0.106984  0.0770467   0.922621  0.0757332  0.0540634 0.00250671
  0.592112   0.106984  0.0770467   0.922621  0.0757332  0.0540634 0.00250671
  0.592112   0.106984  0.0770467   0.922621  0.0757332  0.0540634 0.00250671
  0.592112   0.106984  0.0770467   0.922621  0.0757332  0.0540634 0.00250671
  0.592112   0.106984  0.0770467   0.922621  0.0757332  0.0540634 0.00250671
  0.592112   0.106984  0.0770467   0.922621  0.0757332  0.0540634 0.00250671
  0.592112   0.106984  0.0770467   0.922621  0.0757332  0.0540634 0.00250671
  0.592112   0.106984  0.0770467   0.922621  0.0757332  0.0540634 0.00250671
  0.592112   0.106984  0.0770467   0.922621  0.0757332  0.0540634 0.00250671
  0.592112   0.106984  0.0770467   0.922621  0.0757332  0.0540634 0.00250671
  0.592112   0.106984  0.0770467   0.922621  0.0757332  0.0540634 0.00250671
  0.592112   0.106984  0.0770467   0.922621  0.0757332  0.0540634 0.00250671
  0.592112   0.106984  0.0770467   0.922621  0.0757332  0.0540634 0.00250671
  0.592112   0.106984  0.0770467   0.922621  0.0757332  0.0540634 0.00250671
  0.592112   0.106984  0.0770467   0.922621  0.0757332  0.0540634 0.00250671
  0.592112   0.106984  0.0770467   0.922621  0.0757332  0.0540634 0.00250671
  0.592112   0.106984  0.0770467   0.922621  0.0757332  0.0540634 0.00250671
  0.592112   0.106984  0.0770467   0.922621  0.0757332  0.0540634 0.00250671
  0.592112   0.106984  0.0770467   0.922621  0.0757332  0.0540634 0.00250671
  0.592112   0.106984  0.0770467   0.922621  0.0757332  0.0540634 0.00250671
  0.592112   0.106984  0.0770467   0.922621  0.0757332  0.0540634 0.00250671
  0.592112   0.106984  0.0770467   0.922621  0.0757332  0.0540634 0.00250671
  0.592112   0.106984  0.0770467   0.922621  0.0757332  0.0540634 0.00250671
  0.592112   0.106984  0.0770467   0.922621  0.0757332  0.0540634 0.00250671
  0.592112   0.106984  0.0770467   0.922621  0.0757332  0.0540634 0.00250671
  0.592112   0.106984  0.0770467   0.922621  0.0757332  0.0540634 0.00250671
  0.592112   0.106984  0.0770467   0.922621  0.0757332  0.0540634 0.00250671
  0.592112   0.106984  0.0770467   0.922621  0.0757332  0.0540634 0.00250671
  0.592112   0.106984  0.0770467   0.922621  0.0757332  0.0540634 0.00250671
  0.592112   0.106984  0.0770467   0.922621  0.0757332  0.0540634 0.00250671
  0.592112   0.106984  0.0770467   0.922621  0.0757332  0.0540634 0.00250671
  0.592112   0.106984  0.0770467   0.922621  0.0757332  0.0540634 0.00250671
  0.592112   0.106984  0.0770467   0.922621  0.0757332  0.0540634 0.00250671
  0.592112   0.106984  0.0770467   0.922621  0.0757332  0.0540634 0.00250671
  0.592112   0.106984  0.0770467   0.922621  0.0757332  0.0540634 0.00250671
  0.592112   0.106984  0.0770467   0.922621  0.0757332  0.0540634 0.00250671
  0.592112   0.106984  0.0770467   0.922621  0.0757332  0.0540634 0.00250671
  0.592112   0.106984  0.0770467   0.922621  0.0757332  0.0540634 0.00250671
  0.592112   0.106984  0.0770467   0.922621  0.0757332  0.0540634 0.00250671
  0.592112   0.106984  0.0770467   0.922621  0.0757332  0.0540634 0.00250671
  0.592112   0.106984  0.0770467   0.922621  0.0757332  0.0540634 0.00250671
  0.592112   0.106984  0.0770467   0.922621  0.0757332  0.0540634 0.00250671
  0.592112   0.106984  0.0770467   0.922621  0.0757332  0.0540634 0.00250671
  0.592112   0.106984  0.0770467   0.922621  0.0757332  0.0540634 0.00250671
  0.592112   0.106984  0.0770467   0.922621  0.0757332  0.0540634 0.00250671
  0.592112   0.106984  0.0770467   0.922621  0.0757332  0.0540634 0.00250671
  0.592112   0.106984  0.0770467   0.922621  0.0757332  0.0540634 0.00250671
  0.584871   0.104763  0.0770466   0.922621  0.0757334  0.0540634  0.0025067
  0.584871   0.104763  0.0770466   0.922621  0.0757334  0.0540634  0.0025067
  0.584871   0.104763  0.0770466   0.922621  0.0757334  0.0540634  0.0025067
  0.584871   0.104763  0.0770466   0.922621  0.0757334  0.0540634  0.0025067
  0.584871   0.104763  0.0770466   0.922621  0.0757334  0.0540634  0.0025067
  0.584871   0.104763  0.0770466   0.922621  0.0757334  0.0540634  0.0025067
  0.584871   0.104763  0.0770466   0.922621  0.0757334  0.0540634  0.0025067
  0.584871   0.104763  0.0770466   0.922621  0.0757334  0.0540634  0.0025067
  0.584871   0.104763  0.0770466   0.922621  0.0757334  0.0540634  0.0025067
  0.584871   0.104763  0.0770466   0.922621  0.0757334  0.0540634  0.0025067
  0.584871   0.104763  0.0770466   0.922621  0.0757334  0.0540634  0.0025067
  0.584871   0.104763  0.0770466   0.922621  0.0757334  0.0540634  0.0025067
  0.584871   0.104763  0.0770466   0.922621  0.0757334  0.0540634  0.0025067
  0.584871   0.104763  0.0770466   0.922621  0.0757334  0.0540634  0.0025067
  0.584871   0.104763  0.0770466   0.922621  0.0757334  0.0540634  0.0025067
  0.584871   0.104763  0.0770466   0.922621  0.0757334  0.0540634  0.0025067
  0.591557   0.106895  0.0770375   0.922609  0.0757334   0.054051 0.00250653
  0.591557   0.106895  0.0770375   0.922609  0.0757334   0.054051 0.00250653
  0.591557   0.106895  0.0770375   0.922609  0.0757334   0.054051 0.00250653
  0.591557   0.106895  0.0770375   0.922609  0.0757334   0.054051 0.00250653
  0.591557   0.106895  0.0770375   0.922609  0.0757334   0.054051 0.00250653
  0.591557   0.106895  0.0770375   0.922609  0.0757334   0.054051 0.00250653
  0.591557   0.106895  0.0770375   0.922609  0.0757334   0.054051 0.00250653
  0.591557   0.106895  0.0770375   0.922609  0.0757334   0.054051 0.00250653
  0.591557   0.106895  0.0770375   0.922609  0.0757334   0.054051 0.00250653
  0.591557   0.106895  0.0770375   0.922609  0.0757334   0.054051 0.00250653
  0.591557   0.106895  0.0770375   0.922609  0.0757334   0.054051 0.00250653
  0.591557   0.106895  0.0770375   0.922609  0.0757334   0.054051 0.00250653
  0.591557   0.106895  0.0770375   0.922609  0.0757334   0.054051 0.00250653
  0.591557   0.106895  0.0770375   0.922609  0.0757334   0.054051 0.00250653
  0.591557   0.106895  0.0770375   0.922609  0.0757334   0.054051 0.00250653
  0.591557   0.106895  0.0770375   0.922609  0.0757334   0.054051 0.00250653
  0.591557   0.106895  0.0770375   0.922609  0.0757334   0.054051 0.00250653
  0.591557   0.106895  0.0770375   0.922609  0.0757334   0.054051 0.00250653
  0.591557   0.106895  0.0770375   0.922609  0.0757334   0.054051 0.00250653
  0.591557   0.106895  0.0770375   0.922609  0.0757334   0.054051 0.00250653
  0.591557   0.106895  0.0770375   0.922609  0.0757334   0.054051 0.00250653
  0.591557   0.106895  0.0770375   0.922609  0.0757334   0.054051 0.00250653
  0.591557   0.106895  0.0770375   0.922609  0.0757334   0.054051 0.00250653
  0.591557   0.106895  0.0770375   0.922609  0.0757334   0.054051 0.00250653
  0.591557   0.106895  0.0770375   0.922609  0.0757334   0.054051 0.00250653
  0.591557   0.106895  0.0770375   0.922609  0.0757334   0.054051 0.00250653
  0.591557   0.106895  0.0770375   0.922609  0.0757334   0.054051 0.00250653
  0.587684   0.105692  0.0770384   0.922609  0.0757337  0.0540516 0.00250652
  0.587684   0.105692  0.0770384   0.922609  0.0757337  0.0540516 0.00250652
  0.587684   0.105692  0.0770384   0.922609  0.0757337  0.0540516 0.00250652
  0.587684   0.105692  0.0770384   0.922609  0.0757337  0.0540516 0.00250652
  0.587684   0.105692  0.0770384   0.922609  0.0757337  0.0540516 0.00250652
  0.587684   0.105692  0.0770384   0.922609  0.0757337  0.0540516 0.00250652
  0.587684   0.105692  0.0770384   0.922609  0.0757337  0.0540516 0.00250652
  0.587684   0.105692  0.0770384   0.922609  0.0757337  0.0540516 0.00250652
  0.587684   0.105692  0.0770384   0.922609  0.0757337  0.0540516 0.00250652
  0.587684   0.105692  0.0770384   0.922609  0.0757337  0.0540516 0.00250652
  0.587407   0.105572  0.0770384   0.922609  0.0757337  0.0540516 0.00250649
  0.587407   0.105572  0.0770384   0.922609  0.0757337  0.0540516 0.00250649
  0.587407   0.105572  0.0770384   0.922609  0.0757337  0.0540516 0.00250649
  0.587407   0.105572  0.0770384   0.922609  0.0757337  0.0540516 0.00250649
  0.587407   0.105572  0.0770384   0.922609  0.0757337  0.0540516 0.00250649
  0.587407   0.105572  0.0770384   0.922609  0.0757337  0.0540516 0.00250649
  0.587407   0.105572  0.0770384   0.922609  0.0757337  0.0540516 0.00250649
  0.587407   0.105572  0.0770384   0.922609  0.0757337  0.0540516 0.00250649
  0.587407   0.105572  0.0770384   0.922609  0.0757337  0.0540516 0.00250649
  0.587407   0.105572  0.0770384   0.922609  0.0757337  0.0540516 0.00250649
  0.587407   0.105572  0.0770384   0.922609  0.0757337  0.0540516 0.00250649
  0.587407   0.105572  0.0770384   0.922609  0.0757337  0.0540516 0.00250649
  0.587407   0.105572  0.0770384   0.922609  0.0757337  0.0540516 0.00250649
  0.587407   0.105572  0.0770384   0.922609  0.0757337  0.0540516 0.00250649
  0.587407   0.105572  0.0770384   0.922609  0.0757337  0.0540516 0.00250649
  0.587407   0.105572  0.0770384   0.922609  0.0757337  0.0540516 0.00250649
  0.587407   0.105572  0.0770384   0.922609  0.0757337  0.0540516 0.00250649
  0.587407   0.105572  0.0770384   0.922609  0.0757337  0.0540516 0.00250649
  0.587407   0.105572  0.0770384   0.922609  0.0757337  0.0540516 0.00250649
  0.587407   0.105572  0.0770384   0.922609  0.0757337  0.0540516 0.00250649
  0.587407   0.105572  0.0770384   0.922609  0.0757337  0.0540516 0.00250649
  0.587407   0.105572  0.0770384   0.922609  0.0757337  0.0540516 0.00250649
  0.587407   0.105572  0.0770384   0.922609  0.0757337  0.0540516 0.00250649
  0.587407   0.105572  0.0770384   0.922609  0.0757337  0.0540516 0.00250649
  0.587407   0.105572  0.0770384   0.922609  0.0757337  0.0540516 0.00250649
  0.587407   0.105572  0.0770384   0.922609  0.0757337  0.0540516 0.00250649
  0.587407   0.105572  0.0770384   0.922609  0.0757337  0.0540516 0.00250649
  0.587407   0.105572  0.0770384   0.922609  0.0757337  0.0540516 0.00250649
  0.587407   0.105572  0.0770384   0.922609  0.0757337  0.0540516 0.00250649
  0.587407   0.105572  0.0770384   0.922609  0.0757337  0.0540516 0.00250649
  0.587407   0.105572  0.0770384   0.922609  0.0757337  0.0540516 0.00250649
  0.587407   0.105572  0.0770384   0.922609  0.0757337  0.0540516 0.00250649
  0.587407   0.105572  0.0770384   0.922609  0.0757337  0.0540516 0.00250649
  0.587407   0.105572  0.0770384   0.922609  0.0757337  0.0540516 0.00250721
  0.587407   0.105572  0.0770384   0.922609  0.0757337  0.0540516 0.00250721
  0.587407   0.105572  0.0770384   0.922609  0.0757337  0.0540516 0.00250721
  0.587407   0.105572  0.0770384   0.922609  0.0757337  0.0540516 0.00250721
  0.587407   0.105572  0.0770384   0.922609  0.0757337  0.0540516 0.00250721
  0.587407   0.105572  0.0770384   0.922609  0.0757337  0.0540516 0.00250721
  0.587407   0.105572  0.0770384   0.922609  0.0757337  0.0540516 0.00250721
  0.587407   0.105572  0.0770384   0.922609  0.0757337  0.0540516 0.00250721
  0.587407   0.105572  0.0770384   0.922609  0.0757337  0.0540516 0.00250721
  0.587407   0.105572  0.0770384   0.922609  0.0757337  0.0540516 0.00250721
  0.587407   0.105572  0.0770384   0.922609  0.0757337  0.0540516 0.00250721
  0.587407   0.105572  0.0770384   0.922609  0.0757337  0.0540516 0.00250721
  0.587407   0.105572  0.0770384   0.922609  0.0757337  0.0540516 0.00250721
  0.587407   0.105572  0.0770384   0.922609  0.0757337  0.0540516 0.00250721
  0.587407   0.105572  0.0770384   0.922609  0.0757337  0.0540516 0.00250721
  0.587407   0.105572  0.0770384   0.922609  0.0757337  0.0540516 0.00250721
  0.587407   0.105572  0.0770384   0.922609  0.0757337  0.0540516 0.00250721
  0.587407   0.105572  0.0770384   0.922609  0.0757337  0.0540516 0.00250721
  0.587407   0.105572  0.0770384   0.922609  0.0757337  0.0540516 0.00250721
  0.587407   0.105572  0.0770384   0.922609  0.0757337  0.0540516 0.00250721
  0.587407   0.105572  0.0770384   0.922609  0.0757337  0.0540516 0.00250721
  0.587407   0.105572  0.0770384   0.922609  0.0757337  0.0540516 0.00250721
  0.587407   0.105572  0.0770384   0.922609  0.0757337  0.0540516 0.00250721
  0.587407   0.105572  0.0770384   0.922609  0.0757337  0.0540516 0.00250721
  0.587407   0.105572  0.0770384   0.922609  0.0757337  0.0540516 0.00250721
  0.587407   0.105572  0.0770384   0.922609  0.0757337  0.0540516 0.00250721
  0.587407   0.105572  0.0770384   0.922609  0.0757337  0.0540516 0.00250721
  0.587407   0.105572  0.0770384   0.922609  0.0757337  0.0540516 0.00250721
  0.587407   0.105572  0.0770384   0.922609  0.0757337  0.0540516 0.00250721
  0.587407   0.105572  0.0770384   0.922609  0.0757337  0.0540516 0.00250721
  0.587407   0.105572  0.0770384   0.922609  0.0757337  0.0540516 0.00250721
  0.587407   0.105572  0.0770384   0.922609  0.0757337  0.0540516 0.00250721
  0.587407   0.105572  0.0770384   0.922609  0.0757337  0.0540516 0.00250721
  0.587407   0.105572  0.0770384   0.922609  0.0757337  0.0540516 0.00250721
  0.587407   0.105572  0.0770384   0.922609  0.0757337  0.0540516 0.00250721
  0.587407   0.105572  0.0770384   0.922609  0.0757337  0.0540516 0.00250721
  0.587407   0.105572  0.0770384   0.922609  0.0757337  0.0540516 0.00250721
  0.587407   0.105572  0.0770384   0.922609  0.0757337  0.0540516 0.00250721
  0.587407   0.105572  0.0770384   0.922609  0.0757337  0.0540516 0.00250721
  0.587407   0.105572  0.0770384   0.922609  0.0757337  0.0540516 0.00250721
  0.587407   0.105572  0.0770384   0.922609  0.0757337  0.0540516 0.00250721
  0.587407   0.105572  0.0770384   0.922609  0.0757337  0.0540516 0.00250721
  0.587407   0.105572  0.0770384   0.922609  0.0757337  0.0540516 0.00250721
  0.587407   0.105572  0.0770384   0.922609  0.0757337  0.0540516 0.00250721
  0.587407   0.105572  0.0770384   0.922609  0.0757337  0.0540516 0.00250721
  0.587407   0.105572  0.0770384   0.922609  0.0757337  0.0540516 0.00250721
  0.587407   0.105572  0.0770384   0.922609  0.0757337  0.0540516 0.00250721
  0.587407   0.105572  0.0770384   0.922609  0.0757337  0.0540516 0.00250721
  0.587407   0.105572  0.0770384   0.922609  0.0757337  0.0540516 0.00250721
  0.587407   0.105572  0.0770384   0.922609  0.0757337  0.0540516 0.00250721
  0.587407   0.105572  0.0770384   0.922609  0.0757337  0.0540516 0.00250721
  0.587407   0.105572  0.0770384   0.922609  0.0757337  0.0540516 0.00250721
  0.587407   0.105572  0.0770384   0.922609  0.0757337  0.0540516 0.00250721
  0.587407   0.105572  0.0770384   0.922609  0.0757337  0.0540516 0.00250721
  0.587407   0.105572  0.0770384   0.922609  0.0757337  0.0540516 0.00250721
  0.587407   0.105572  0.0770384   0.922609  0.0757337  0.0540516 0.00250721
  0.587407   0.105572  0.0770384   0.922609  0.0757337  0.0540516 0.00250721
  0.587407   0.105572  0.0770384   0.922609  0.0757337  0.0540516 0.00250721
  0.587407   0.105572  0.0770384   0.922609  0.0757337  0.0540516 0.00250721
  0.587407   0.105572  0.0770384   0.922609  0.0757337  0.0540516 0.00250721
  0.587407   0.105572  0.0770384   0.922609  0.0757337  0.0540516 0.00250721
  0.587407   0.105572  0.0770384   0.922609  0.0757337  0.0540516 0.00250721
  0.587407   0.105572  0.0770384   0.922609  0.0757337  0.0540516 0.00250721
  0.587407   0.105572  0.0770384   0.922609  0.0757337  0.0540516 0.00250721
  0.587407   0.105572  0.0770384   0.922609  0.0757337  0.0540516 0.00250721
  0.587407   0.105572  0.0770384   0.922609  0.0757337  0.0540516 0.00250721
  0.587407   0.105572  0.0770384   0.922609  0.0757337  0.0540516 0.00250721
  0.587407   0.105572  0.0770384   0.922609  0.0757337  0.0540516 0.00250721
  0.587407   0.105572  0.0770384   0.922609  0.0757337  0.0540516 0.00250721
  0.587407   0.105572  0.0770384   0.922609  0.0757337  0.0540516 0.00250721
  0.587407   0.105572  0.0770384   0.922609  0.0757337  0.0540516 0.00250721
  0.587407   0.105572  0.0770384   0.922609  0.0757337  0.0540516 0.00250721
  0.587407   0.105572  0.0770384   0.922609  0.0757337  0.0540516 0.00250721
  0.587407   0.105572  0.0770384   0.922609  0.0757337  0.0540516 0.00250721
  0.587407   0.105572  0.0770384   0.922609  0.0757337  0.0540516 0.00250721
  0.587407   0.105572  0.0770384   0.922609  0.0757337  0.0540516 0.00250721
  0.587407   0.105572  0.0770384   0.922609  0.0757337  0.0540516 0.00250721
  0.587407   0.105572  0.0770384   0.922609  0.0757337  0.0540516 0.00250721
  0.587407   0.105572  0.0770384   0.922609  0.0757337  0.0540516 0.00250721
  0.587407   0.105572  0.0770384   0.922609  0.0757337  0.0540516 0.00250721
  0.587407   0.105572  0.0770384   0.922609  0.0757337  0.0540516 0.00250721
  0.587407   0.105572  0.0770384   0.922609  0.0757337  0.0540516 0.00250721
  0.587407   0.105572  0.0770384   0.922609  0.0757337  0.0540516 0.00250721
  0.587034   0.105499  0.0770399   0.922601  0.0757368  0.0540533  0.0025072
  0.587034   0.105499  0.0770399   0.922601  0.0757368  0.0540533  0.0025072
  0.587034   0.105499  0.0770399   0.922601  0.0757368  0.0540533  0.0025072
  0.587034   0.105499  0.0770399   0.922601  0.0757368  0.0540533  0.0025072
  0.587034   0.105499  0.0770399   0.922601  0.0757368  0.0540533  0.0025072
  0.587034   0.105499  0.0770399   0.922601  0.0757368  0.0540533  0.0025072
  0.587034   0.105499  0.0770399   0.922601  0.0757368  0.0540533  0.0025072
  0.587034   0.105499  0.0770399   0.922601  0.0757368  0.0540533  0.0025072
  0.587034   0.105499  0.0770399   0.922601  0.0757368  0.0540533  0.0025072
  0.587034   0.105499  0.0770399   0.922601  0.0757368  0.0540533  0.0025072
  0.587052    0.10548  0.0770399     0.9226  0.0757366  0.0540531 0.00250717
  0.587052    0.10548  0.0770399     0.9226  0.0757366  0.0540531 0.00250717
  0.589871   0.106239  0.0770149   0.922662  0.0757847  0.0540553  0.0025068
  0.589871   0.106239  0.0770149   0.922662  0.0757847  0.0540553  0.0025068
  0.589871   0.106239  0.0770149   0.922662  0.0757847  0.0540553  0.0025068
  0.589871   0.106239  0.0770149   0.922662  0.0757847  0.0540553  0.0025068
  0.589871   0.106239  0.0770149   0.922662  0.0757847  0.0540553  0.0025068
  0.589871   0.106239  0.0770149   0.922662  0.0757847  0.0540553  0.0025068
truk:  0.515996 0.0603199  0.103199  0.896801   0.05516 0.0722394 with trukCost with new weights:0.00754646
total difference b/w truk and final GBVEC:0.00967651
for Ks: 0.79719 0.138687 0.104211  0.97094 0.064014 0.075424 has cost:0.00322486
for Ks:0.781196 0.140816 0.097871  0.82296 0.046377 0.069316 has cost:0.00318167
for Ks: 0.789193  0.139752  0.101041   0.89695 0.0551955 0.0723701 has cost:0.00314154
Weight Matrix for time step:0
  0.0132806           0           0           0           0           0           0           0           0           0           0           0           0           0           0           0           0           0           0           0           0           0           0           0           0           0           0
          0  0.00535845           0           0           0           0           0           0           0           0           0           0           0           0           0           0           0           0           0           0           0           0           0           0           0           0           0
          0           0   0.0947495           0           0           0           0           0           0           0           0           0           0           0           0           0           0           0           0           0           0           0           0           0           0           0           0
          0           0           0     173.388           0           0           0           0           0           0           0           0           0           0           0           0           0           0           0           0           0           0           0           0           0           0           0
          0           0           0           0  0.00464773           0           0           0           0           0           0           0           0           0           0           0           0           0           0           0           0           0           0           0           0           0           0
          0           0           0           0           0   0.0490414           0           0           0           0           0           0           0           0           0           0           0           0           0           0           0           0           0           0           0           0           0
          0           0           0           0           0           0 7.19843e-06           0           0           0           0           0           0           0           0           0           0           0           0           0           0           0           0           0           0           0           0
          0           0           0           0           0           0           0 5.66226e-07           0           0           0           0           0           0           0           0           0           0           0           0           0           0           0           0           0           0           0
          0           0           0           0           0           0           0           0 0.000497404           0           0           0           0           0           0           0           0           0           0           0           0           0           0           0           0           0           0
          0           0           0           0           0           0           0           0           0     3781.94           0           0           0           0           0           0           0           0           0           0           0           0           0           0           0           0           0
          0           0           0           0           0           0           0           0           0           0 4.85282e-07           0           0           0           0           0           0           0           0           0           0           0           0           0           0           0           0
          0           0           0           0           0           0           0           0           0           0           0 0.000135135           0           0           0           0           0           0           0           0           0           0           0           0           0           0           0
          0           0           0           0           0           0           0           0           0           0           0           0    0.965551           0           0           0           0           0           0           0           0           0           0           0           0           0           0
          0           0           0           0           0           0           0           0           0           0           0           0           0 0.000604135           0           0           0           0           0           0           0           0           0           0           0           0           0
          0           0           0           0           0           0           0           0           0           0           0           0           0           0    0.407301           0           0           0           0           0           0           0           0           0           0           0           0
          0           0           0           0           0           0           0           0           0           0           0           0           0           0           0 0.000560613           0           0           0           0           0           0           0           0           0           0           0
          0           0           0           0           0           0           0           0           0           0           0           0           0           0           0           0 0.000297539           0           0           0           0           0           0           0           0           0           0
          0           0           0           0           0           0           0           0           0           0           0           0           0           0           0           0           0 0.000182652           0           0           0           0           0           0           0           0           0
          0           0           0           0           0           0           0           0           0           0           0           0           0           0           0           0           0           0     9.77442           0           0           0           0           0           0           0           0
          0           0           0           0           0           0           0           0           0           0           0           0           0           0           0           0           0           0           0 5.26265e-07           0           0           0           0           0           0           0
          0           0           0           0           0           0           0           0           0           0           0           0           0           0           0           0           0           0           0           0 9.94073e-05           0           0           0           0           0           0
          0           0           0           0           0           0           0           0           0           0           0           0           0           0           0           0           0           0           0           0           0     3.59849           0           0           0           0           0
          0           0           0           0           0           0           0           0           0           0           0           0           0           0           0           0           0           0           0           0           0           0 9.88449e-05           0           0           0           0
          0           0           0           0           0           0           0           0           0           0           0           0           0           0           0           0           0           0           0           0           0           0           0 0.000259689           0           0           0
          0           0           0           0           0           0           0           0           0           0           0           0           0           0           0           0           0           0           0           0           0           0           0           0     2.39796           0           0
          0           0           0           0           0           0           0           0           0           0           0           0           0           0           0           0           0           0           0           0           0           0           0           0           0     1.80808           0
          0           0           0           0           0           0           0           0           0           0           0           0           0           0           0           0           0           0           0           0           0           0           0           0           0           0 5.34029e-05

CODE FINISHED RUNNING IN 2451 s TIME!
Job Statistics for 2076766:
           JobID       User               Start                 End    Elapsed     MaxRSS   TotalCPU      State Exit        NodeList                                  ReqTRES 
---------------- ---------- ------------------- ------------------- ---------- ---------- ---------- ---------- ---- --------------- ---------------------------------------- 
         2076766   rsjxw007 2021-09-08T17:39:52 2021-09-08T18:20:45   00:40:53             40:47.345  COMPLETED  0:0   r1pl-hpcf-n21        billing=2,cpu=2,mem=15624M,node=1 
   2076766.batch            2021-09-08T17:39:52 2021-09-08T18:20:45   00:40:53      6.71M  40:47.343  COMPLETED  0:0   r1pl-hpcf-n21                                          
  2076766.extern            2021-09-08T17:39:52 2021-09-08T18:20:45   00:40:53          0  00:00.001  COMPLETED  0:0   r1pl-hpcf-n21                                          
CPU Efficiency: 49.88% of 01:21:46 core-walltime
