PSO_S_ODE_NonLinear
Using two part PSO Sample Size:5000 with:27 moments.
Using Times:10 20 30 40 50
Bounds for Uniform Distribution (0,1)
Blind PSO --> nParts:50 Nsteps:50
Targeted PSO --> nParts:10 Nsteps:500
sdbeta:0.1
wt:
1 0 0 0 0 0 0 0 0 0 0 0 0 0 0 0 0 0 0 0 0 0 0 0 0 0 0
0 1 0 0 0 0 0 0 0 0 0 0 0 0 0 0 0 0 0 0 0 0 0 0 0 0 0
0 0 1 0 0 0 0 0 0 0 0 0 0 0 0 0 0 0 0 0 0 0 0 0 0 0 0
0 0 0 1 0 0 0 0 0 0 0 0 0 0 0 0 0 0 0 0 0 0 0 0 0 0 0
0 0 0 0 1 0 0 0 0 0 0 0 0 0 0 0 0 0 0 0 0 0 0 0 0 0 0
0 0 0 0 0 1 0 0 0 0 0 0 0 0 0 0 0 0 0 0 0 0 0 0 0 0 0
0 0 0 0 0 0 1 0 0 0 0 0 0 0 0 0 0 0 0 0 0 0 0 0 0 0 0
0 0 0 0 0 0 0 1 0 0 0 0 0 0 0 0 0 0 0 0 0 0 0 0 0 0 0
0 0 0 0 0 0 0 0 1 0 0 0 0 0 0 0 0 0 0 0 0 0 0 0 0 0 0
0 0 0 0 0 0 0 0 0 1 0 0 0 0 0 0 0 0 0 0 0 0 0 0 0 0 0
0 0 0 0 0 0 0 0 0 0 1 0 0 0 0 0 0 0 0 0 0 0 0 0 0 0 0
0 0 0 0 0 0 0 0 0 0 0 1 0 0 0 0 0 0 0 0 0 0 0 0 0 0 0
0 0 0 0 0 0 0 0 0 0 0 0 1 0 0 0 0 0 0 0 0 0 0 0 0 0 0
0 0 0 0 0 0 0 0 0 0 0 0 0 1 0 0 0 0 0 0 0 0 0 0 0 0 0
0 0 0 0 0 0 0 0 0 0 0 0 0 0 1 0 0 0 0 0 0 0 0 0 0 0 0
0 0 0 0 0 0 0 0 0 0 0 0 0 0 0 1 0 0 0 0 0 0 0 0 0 0 0
0 0 0 0 0 0 0 0 0 0 0 0 0 0 0 0 1 0 0 0 0 0 0 0 0 0 0
0 0 0 0 0 0 0 0 0 0 0 0 0 0 0 0 0 1 0 0 0 0 0 0 0 0 0
0 0 0 0 0 0 0 0 0 0 0 0 0 0 0 0 0 0 1 0 0 0 0 0 0 0 0
0 0 0 0 0 0 0 0 0 0 0 0 0 0 0 0 0 0 0 1 0 0 0 0 0 0 0
0 0 0 0 0 0 0 0 0 0 0 0 0 0 0 0 0 0 0 0 1 0 0 0 0 0 0
0 0 0 0 0 0 0 0 0 0 0 0 0 0 0 0 0 0 0 0 0 1 0 0 0 0 0
0 0 0 0 0 0 0 0 0 0 0 0 0 0 0 0 0 0 0 0 0 0 1 0 0 0 0
0 0 0 0 0 0 0 0 0 0 0 0 0 0 0 0 0 0 0 0 0 0 0 1 0 0 0
0 0 0 0 0 0 0 0 0 0 0 0 0 0 0 0 0 0 0 0 0 0 0 0 1 0 0
0 0 0 0 0 0 0 0 0 0 0 0 0 0 0 0 0 0 0 0 0 0 0 0 0 1 0
0 0 0 0 0 0 0 0 0 0 0 0 0 0 0 0 0 0 0 0 0 0 0 0 0 0 1
Reading in data!
Loading in Truk!
Calculating Yt!
Yt: 3.46492  4.40161  2.75861 0.100572  7.26079  2.18088  48.0317  125.139   14.263 0.012484   174.25  9.09834 0.769002   10.354 0.502901  11.6259  9.21973  16.9818 0.146088  142.267   12.413 0.289942  31.5348  11.3386 0.448514 0.238046  23.9897
Xt:    3.518   4.11796   2.83408  0.102731   7.05477   2.24087   47.8572   117.969   14.9839 0.0128403   168.249   9.40059  0.789223   10.2727  0.512931   11.5748   9.12766   17.1938  0.145192   135.308   12.5755  0.302764   32.4804   11.8161  0.460796  0.248051   24.6396
truk cost:748.123
Xt at seedk: 4.78677  2.73521  1.56531 0.642929  4.94345  4.35218  62.5073  78.1149  5.35486 0.484281  104.538  41.2404  1.88925  7.76214  3.84877  13.5002  21.8334   8.2616 0.839661  87.2162  22.3862  1.19085  14.8073  14.8581  2.51479  3.33093  40.5752
Xt at seedk: 4.79036  2.69043  1.56172 0.645233  4.89739  4.39825  62.5158  76.5314  5.32867 0.486449  102.547  42.2587  1.88696  7.77095  3.85257  13.5105  21.8932  8.06499 0.840019  85.4364  22.6878  1.19546  14.5891  15.0061  2.52193  3.36753  41.0614
Xt at seedk: 4.79042  2.68892  1.56166 0.645291  4.89587  4.39976  62.5159  76.4678  5.32825 0.486493  102.471  42.2928  1.88691  7.77113  3.85263  13.5107  21.8943  8.05852 0.840116  85.3664  22.7026  1.19561  14.5824  15.0116  2.52222  3.36849  41.0826
Xt at seedk: 4.79042  2.68886  1.56166 0.645293  4.89582  4.39982  62.5159  76.4651  5.32824 0.486494  102.468  42.2941  1.88691  7.77113  3.85263  13.5107  21.8944  8.05827 0.840121  85.3635  22.7033  1.19561  14.5821  15.0118  2.52223  3.36852  41.0836
Xt at seedk: 4.79042  2.68886  1.56166 0.645293  4.89581  4.39982  62.5159   76.465  5.32824 0.486494  102.468  42.2941  1.88691  7.77113  3.85263  13.5107  21.8944  8.05826 0.840121  85.3634  22.7033  1.19561  14.5821  15.0118  2.52223  3.36852  41.0836
seedk:0.842088 0.139675 0.877795 0.861426 0.182256 0.311563| cost:35107.6
PSO begins!
