PSO_S_ODE_NonLinear
Using two part PSO Sample Size:5000 with:27 moments.
Using Times:10 30 50
Bounds for Uniform Distribution (0,1)
Blind PSO --> nParts:5000 Nsteps:15
Targeted PSO --> nParts:10 Nsteps:1000
sdbeta:0.1
wt:
1 0 0 0 0 0 0 0 0 0 0 0 0 0 0 0 0 0 0 0 0 0 0 0 0 0 0
0 1 0 0 0 0 0 0 0 0 0 0 0 0 0 0 0 0 0 0 0 0 0 0 0 0 0
0 0 1 0 0 0 0 0 0 0 0 0 0 0 0 0 0 0 0 0 0 0 0 0 0 0 0
0 0 0 1 0 0 0 0 0 0 0 0 0 0 0 0 0 0 0 0 0 0 0 0 0 0 0
0 0 0 0 1 0 0 0 0 0 0 0 0 0 0 0 0 0 0 0 0 0 0 0 0 0 0
0 0 0 0 0 1 0 0 0 0 0 0 0 0 0 0 0 0 0 0 0 0 0 0 0 0 0
0 0 0 0 0 0 1 0 0 0 0 0 0 0 0 0 0 0 0 0 0 0 0 0 0 0 0
0 0 0 0 0 0 0 1 0 0 0 0 0 0 0 0 0 0 0 0 0 0 0 0 0 0 0
0 0 0 0 0 0 0 0 1 0 0 0 0 0 0 0 0 0 0 0 0 0 0 0 0 0 0
0 0 0 0 0 0 0 0 0 1 0 0 0 0 0 0 0 0 0 0 0 0 0 0 0 0 0
0 0 0 0 0 0 0 0 0 0 1 0 0 0 0 0 0 0 0 0 0 0 0 0 0 0 0
0 0 0 0 0 0 0 0 0 0 0 1 0 0 0 0 0 0 0 0 0 0 0 0 0 0 0
0 0 0 0 0 0 0 0 0 0 0 0 1 0 0 0 0 0 0 0 0 0 0 0 0 0 0
0 0 0 0 0 0 0 0 0 0 0 0 0 1 0 0 0 0 0 0 0 0 0 0 0 0 0
0 0 0 0 0 0 0 0 0 0 0 0 0 0 1 0 0 0 0 0 0 0 0 0 0 0 0
0 0 0 0 0 0 0 0 0 0 0 0 0 0 0 1 0 0 0 0 0 0 0 0 0 0 0
0 0 0 0 0 0 0 0 0 0 0 0 0 0 0 0 1 0 0 0 0 0 0 0 0 0 0
0 0 0 0 0 0 0 0 0 0 0 0 0 0 0 0 0 1 0 0 0 0 0 0 0 0 0
0 0 0 0 0 0 0 0 0 0 0 0 0 0 0 0 0 0 1 0 0 0 0 0 0 0 0
0 0 0 0 0 0 0 0 0 0 0 0 0 0 0 0 0 0 0 1 0 0 0 0 0 0 0
0 0 0 0 0 0 0 0 0 0 0 0 0 0 0 0 0 0 0 0 1 0 0 0 0 0 0
0 0 0 0 0 0 0 0 0 0 0 0 0 0 0 0 0 0 0 0 0 1 0 0 0 0 0
0 0 0 0 0 0 0 0 0 0 0 0 0 0 0 0 0 0 0 0 0 0 1 0 0 0 0
0 0 0 0 0 0 0 0 0 0 0 0 0 0 0 0 0 0 0 0 0 0 0 1 0 0 0
0 0 0 0 0 0 0 0 0 0 0 0 0 0 0 0 0 0 0 0 0 0 0 0 1 0 0
0 0 0 0 0 0 0 0 0 0 0 0 0 0 0 0 0 0 0 0 0 0 0 0 0 1 0
0 0 0 0 0 0 0 0 0 0 0 0 0 0 0 0 0 0 0 0 0 0 0 0 0 0 1
Reading in data!
Loading in Truk!
Calculating Yt!
Yt: 3.46492  4.40161  2.75861 0.100572  7.26079  2.18088  48.0317  125.139   14.263 0.012484   174.25  9.09834 0.769002   10.354 0.502901  11.6259  9.21973  16.9818 0.146088  142.267   12.413 0.289942  31.5348  11.3386 0.448514 0.238046  23.9897
Xt:    3.518   4.11796   2.83408  0.102731   7.05477   2.24087   47.8572   117.969   14.9839 0.0128403   168.249   9.40059  0.789223   10.2727  0.512931   11.5748   9.12766   17.1938  0.145192   135.308   12.5755  0.302764   32.4804   11.8161  0.460796  0.248051   24.6396
truk cost:444.539
Xt at seedk:   4.08731    6.83185    2.26477  0.0817595    9.17837   0.117261    45.9162    160.498     11.453 0.00920046    222.988  0.0325106    13.5877    13.0086   0.547941    27.1443   0.670002    24.8771   0.391944    185.767     1.3318   0.244631    36.5748   0.609883   0.645775  0.0126835    1.95437
Xt at seedk:  4.09362   6.82378   2.25846 0.0904059   9.17265  0.122982   46.0311   160.444   11.4306  0.011022   222.911 0.0339727   13.5636   12.9624  0.605726   27.1317  0.705748   24.8539  0.405179   185.703   1.35502   0.25389   36.5383  0.623159  0.670091 0.0138262   1.99201
Xt at seedk:  4.09393   6.82341   2.25815 0.0909667   9.17253  0.123104   46.0363   160.443   11.4303 0.0111387   222.911 0.0339806   13.5621   12.9599  0.609313   27.1313  0.706508   24.8536  0.405463   185.702   1.35512  0.254084   36.5379  0.623224  0.670686 0.0138517   1.99219
seedk:0.0993275  0.567277 0.0292676  0.234911  0.743025  0.536778| cost:37991.2
PSO begins!
New GBMAT from blind pso!
0.0993275  0.567277 0.0292676  0.234911  0.743025  0.536778   37991.2
0.0993275  0.567277 0.0292676  0.234911  0.743025  0.536778   37991.2


underflow!0.00107666
pos0.00107666   0.227354   0.157112   0.398599   0.774445   0.906601
overflow!
overflow!
underflow!0.00424337
pos  0.840434   0.454124   0.913267    0.44977   0.291894 0.00424337
underflow!0.00296982
pos0.00296982  0.0452932   0.352511   0.454522  0.0820825   0.839134
underflow!0.00301627
pos  0.658202   0.902526 0.00301627    0.22295  0.0353561   0.999139
underflow!0.000210774
pos  0.0805334    0.340901 0.000210774    0.205597    0.170793    0.370099
overflow!
underflow!0.00139855
pos  0.282277  0.0981012   0.386549 0.00139855   0.682509   0.172377
overflow!
underflow!0.000119957
pos   0.806937    0.514491 0.000119957    0.329794    0.535351    0.814368
overflow!
underflow!0.00291647
pos0.00291647   0.109143   0.540265   0.147456   0.953498   0.394745
overflow!
underflow!0.004878
pos0.0505528  0.332601  0.986569  0.004878  0.300199   0.19268
underflow!0.00135177
pos  0.383967    0.19687   0.738927   0.285849 0.00135177   0.865536
underflow!0.00460226
pos   0.58924   0.719294   0.316936   0.356558 0.00460226   0.303125
underflow!0.00446017
pos0.00446017    0.66415   0.243584   0.162833   0.561065   0.374021
overflow!
underflow!0.00115858
pos  0.867479   0.767567   0.427273   0.444188 0.00115858  0.0288957
underflow!0.00268677
pos  0.732586    0.48622   0.471141  0.0465395 0.00268677   0.756671
underflow!0.00330652
pos  0.927014   0.757508 0.00330652    0.72805  0.0493236   0.798567
underflow!0.00244216
pos  0.239987   0.974271   0.377899   0.364703 0.00244216   0.138709
underflow!0.00120491
pos0.00120491   0.686805   0.409006   0.457636   0.802599   0.833494
overflow!
overflow!
overflow!
overflow!
overflow!
underflow!0.00380007
pos  0.278132   0.760998   0.212479   0.961876 0.00380007   0.284749
overflow!
overflow!
overflow!
overflow!
overflow!
overflow!
underflow!0.00401024
pos  0.450686  0.0948107   0.602311   0.142872    0.61209 0.00401024
underflow!0.00355724
pos  0.153812   0.483337   0.841469   0.363845 0.00355724    0.41199
overflow!
overflow!
overflow!
overflow!
overflow!
overflow!
underflow!0.00322502
pos  0.534846   0.221486   0.435121   0.672525    0.88723 0.00322502
overflow!
overflow!
underflow!0.00352662
pos  0.925427   0.650524   0.193141 0.00352662   0.458198   0.487825
overflow!
overflow!
overflow!
overflow!
underflow!0.00188823
pos  0.601045   0.519602   0.503612 0.00188823   0.314395  0.0206007
overflow!
underflow!0.00414669
pos 0.0453368  0.0326586 0.00414669   0.779857  0.0991963   0.599476
underflow!0.00351187
pos  0.845036   0.710972   0.108768   0.148305 0.00351187   0.794985
overflow!
underflow!0.00184585
pos  0.804709   0.806317   0.127436    0.81916 0.00184585   0.856163
underflow!0.00135285
pos 0.0026487 0.00135285   0.448491   0.516553  0.0511948   0.199366
underflow!0.0026487
pos 0.0026487 0.00135285   0.448491   0.516553  0.0511948   0.199366
overflow!
underflow!0.00426647
pos  0.782683   0.998005 0.00426647   0.991435   0.393826   0.895469
overflow!
overflow!
overflow!
overflow!
overflow!
overflow!
underflow!0.00325177
pos  0.925282 0.00325177   0.944738    0.83666   0.278162   0.946426
underflow!0.00436202
pos   0.59842   0.382376   0.869563   0.369311 0.00436202   0.978776
overflow!
overflow!
overflow!
underflow!0.00474149
pos  0.264523   0.758176   0.896657   0.568996 0.00474149   0.668227
overflow!
overflow!
underflow!0.000333427
pos   0.169992    0.521238    0.824208    0.601712 0.000333427    0.916592
overflow!
overflow!
overflow!
underflow!0.00411255
pos  0.605464   0.770014   0.762548   0.904417 0.00411255  0.0761917
overflow!
overflow!
underflow!0.000822021
pos   0.752737 0.000822021    0.158886    0.245934    0.315109    0.233939
underflow!0.00171604
pos  0.968019   0.755879   0.621018   0.582527   0.578223 0.00171604
overflow!
overflow!
overflow!
underflow!0.00119518
pos    0.4126 0.00119518   0.168972   0.504321   0.435156    0.50973
overflow!
overflow!
underflow!0.00443169
pos0.00443169   0.785905   0.144616    0.31576    0.51684   0.560039
underflow!8.32544e-05
pos   0.759098 8.32544e-05    0.209993     0.94896    0.776476    0.659878
overflow!
overflow!
underflow!0.00455978
pos  0.489216  0.0303907 0.00455978   0.704109   0.974571 0.00285884
underflow!0.00412021
pos  0.393352   0.299223   0.705849 0.00412021    0.52845   0.568458
overflow!
overflow!
overflow!
overflow!
overflow!
underflow!0.00103461
pos  0.771753   0.191769   0.229803   0.409771 0.00103461   0.091859
overflow!
overflow!
underflow!0.00377902
pos  0.290286  0.0509317   0.879605   0.122338 0.00377902   0.476301
overflow!
underflow!0.00299982
pos  0.426448   0.384998   0.501837   0.455863  0.0459156 0.00299982
underflow!0.00423807
pos0.00423807   0.605242   0.294225   0.761048   0.476127  0.0103115
underflow!0.00497622
pos  0.511044 0.00497622   0.572514   0.823998  0.0482804   0.892834
underflow!0.000428688
pos   0.553343    0.617933    0.339765    0.437126 0.000428688    0.648193
underflow!0.00295306
pos  0.835374 0.00295306   0.730301   0.303665   0.762783   0.109147
overflow!
underflow!0.000948959
pos   0.918949 0.000948959    0.708461    0.822242    0.562951    0.799024
underflow!0.00351478
pos  0.762651   0.524258 0.00351478   0.508603   0.495585   0.941387
overflow!
overflow!
overflow!
underflow!0.00275095
pos  0.619834   0.893848   0.413536   0.339656 0.00275095   0.373798
overflow!
underflow!0.00112943
pos  0.397606   0.265138   0.495057   0.649328   0.355957 0.00112943
underflow!0.000275347
pos0.000275347    0.418719    0.860644    0.554738    0.572785    0.859431
underflow!0.000967234
pos   0.476218    0.962175 0.000967234    0.771198    0.745592    0.458953
underflow!0.00431008
pos  0.449185   0.312788   0.745175   0.860517   0.811108 0.00431008
overflow!
underflow!0.00428377
pos   0.50055   0.573755   0.884551   0.403482 0.00428377   0.389524
underflow!0.00189232
pos  0.821942   0.187903 0.00189232   0.823153   0.125906   0.409996
underflow!0.00270434
pos  0.607749   0.993421   0.958995   0.243951 0.00270434   0.506926
overflow!
underflow!0.00395473
pos  0.163969   0.497234   0.189936 0.00395473    0.89674  0.0485895
underflow!0.00249799
pos  0.564418   0.993814   0.583467 0.00249799   0.613425    0.44702
underflow!0.000833176
pos   0.650565    0.325784 0.000833176    0.587842    0.126451    0.215767
underflow!0.000777249
pos0.000777249    0.379622    0.914893    0.803851    0.278566    0.869999
underflow!0.00371169
pos   0.86143   0.827333 0.00371169   0.869368   0.483643   0.182126
overflow!
overflow!
underflow!0.00375225
pos  0.346088   0.186739   0.625409   0.960987   0.585358 0.00375225
overflow!
overflow!
overflow!
overflow!
underflow!0.00489598
pos0.00489598   0.923675   0.777348   0.508561   0.761269   0.277774
New GBMAT from blind pso!
0.0993275  0.567277 0.0292676  0.234911  0.743025  0.536778   37991.2
0.0993275  0.567277 0.0292676  0.234911  0.743025  0.536778   37991.2
 0.691604  0.590494  0.101457  0.559968  0.245132 0.0788415   149.509


underflow!0.0029198
pos 0.340285  0.103091  0.928287  0.227528  0.964688 0.0029198
underflow!0.00334678
pos  0.267897 0.00334678   0.322277   0.928246   0.491951   0.556957
