PSO_S_ODE_NonLinear
Using two part PSO Sample Size:5000 with:27 moments.
Using Times:10 30 50
Bounds for Uniform Distribution (0,1)
Blind PSO --> nParts:1000 Nsteps:10
Targeted PSO --> nParts:50 Nsteps:10
sdbeta:0.1
wt:
1 0 0 0 0 0 0 0 0 0 0 0 0 0 0 0 0 0 0 0 0 0 0 0 0 0 0
0 1 0 0 0 0 0 0 0 0 0 0 0 0 0 0 0 0 0 0 0 0 0 0 0 0 0
0 0 1 0 0 0 0 0 0 0 0 0 0 0 0 0 0 0 0 0 0 0 0 0 0 0 0
0 0 0 1 0 0 0 0 0 0 0 0 0 0 0 0 0 0 0 0 0 0 0 0 0 0 0
0 0 0 0 1 0 0 0 0 0 0 0 0 0 0 0 0 0 0 0 0 0 0 0 0 0 0
0 0 0 0 0 1 0 0 0 0 0 0 0 0 0 0 0 0 0 0 0 0 0 0 0 0 0
0 0 0 0 0 0 1 0 0 0 0 0 0 0 0 0 0 0 0 0 0 0 0 0 0 0 0
0 0 0 0 0 0 0 1 0 0 0 0 0 0 0 0 0 0 0 0 0 0 0 0 0 0 0
0 0 0 0 0 0 0 0 1 0 0 0 0 0 0 0 0 0 0 0 0 0 0 0 0 0 0
0 0 0 0 0 0 0 0 0 1 0 0 0 0 0 0 0 0 0 0 0 0 0 0 0 0 0
0 0 0 0 0 0 0 0 0 0 1 0 0 0 0 0 0 0 0 0 0 0 0 0 0 0 0
0 0 0 0 0 0 0 0 0 0 0 1 0 0 0 0 0 0 0 0 0 0 0 0 0 0 0
0 0 0 0 0 0 0 0 0 0 0 0 1 0 0 0 0 0 0 0 0 0 0 0 0 0 0
0 0 0 0 0 0 0 0 0 0 0 0 0 1 0 0 0 0 0 0 0 0 0 0 0 0 0
0 0 0 0 0 0 0 0 0 0 0 0 0 0 1 0 0 0 0 0 0 0 0 0 0 0 0
0 0 0 0 0 0 0 0 0 0 0 0 0 0 0 1 0 0 0 0 0 0 0 0 0 0 0
0 0 0 0 0 0 0 0 0 0 0 0 0 0 0 0 1 0 0 0 0 0 0 0 0 0 0
0 0 0 0 0 0 0 0 0 0 0 0 0 0 0 0 0 1 0 0 0 0 0 0 0 0 0
0 0 0 0 0 0 0 0 0 0 0 0 0 0 0 0 0 0 1 0 0 0 0 0 0 0 0
0 0 0 0 0 0 0 0 0 0 0 0 0 0 0 0 0 0 0 1 0 0 0 0 0 0 0
0 0 0 0 0 0 0 0 0 0 0 0 0 0 0 0 0 0 0 0 1 0 0 0 0 0 0
0 0 0 0 0 0 0 0 0 0 0 0 0 0 0 0 0 0 0 0 0 1 0 0 0 0 0
0 0 0 0 0 0 0 0 0 0 0 0 0 0 0 0 0 0 0 0 0 0 1 0 0 0 0
0 0 0 0 0 0 0 0 0 0 0 0 0 0 0 0 0 0 0 0 0 0 0 1 0 0 0
0 0 0 0 0 0 0 0 0 0 0 0 0 0 0 0 0 0 0 0 0 0 0 0 1 0 0
0 0 0 0 0 0 0 0 0 0 0 0 0 0 0 0 0 0 0 0 0 0 0 0 0 1 0
0 0 0 0 0 0 0 0 0 0 0 0 0 0 0 0 0 0 0 0 0 0 0 0 0 0 1
mu: 80 120  85
covarMat:
 50   0   0
  0 100   0
  0   0  50

Yt:  11.1758   11.7845   7.49479  0.351489   19.6307   8.69427   153.659   341.531   35.6202 0.0498743   466.398   49.4188    2.2623   29.8646   1.80585   33.9327   36.7898   43.2544  0.440151   385.226   47.3354  0.903726   79.7783   40.6561   1.39375   1.09222   89.0838
seedk:0.590349 0.274701 0.241312 0.471836 0.957003 0.733132| cost:36712.8
Xt:10.4433 14.8692 8.61295  1.5741 25.0562  2.8307 133.944 399.464 49.3168  1.0045 597.121 5.33649 7.52553 33.4492 7.74042 48.7151 10.9969 64.5292 3.92266 467.916 21.2276   5.216 119.062 16.2227 10.1432 1.71465  39.165
PSO begins!
New GBMAT from blind pso!
0.590349 0.274701 0.241312 0.471836 0.957003 0.733132  36712.8
0.590349 0.274701 0.241312 0.471836 0.957003 0.733132  36712.8


underflow!0.00462592
pos0.00462592    0.26267   0.786597   0.384623   0.320589   0.159731
overflow!
overflow!
underflow!0.00441302
pos  0.470242 0.00441302   0.324127   0.190944   0.478236   0.653373
underflow!0.000666882
pos  0.0701366    0.187268    0.321425 0.000666882    0.663569    0.279407
underflow!0.000281221
pos   0.424566    0.273596    0.860005    0.364217 0.000281221    0.319268
overflow!
overflow!
overflow!
underflow!0.0029625
pos 0.356195 0.0029625  0.351607   0.75378  0.884194  0.691166
overflow!
underflow!0.000629663
pos   0.944133 0.000629663     0.10986    0.134671    0.341318     0.23621
underflow!0.00136912
pos  0.535438   0.684632   0.898832   0.455714   0.808781 0.00136912
underflow!0.00274816
pos  0.255827  0.0814786   0.391956   0.437258   0.784809 0.00274816
overflow!
underflow!0.0021613
pos  0.490708   0.451886 0.00537398  0.0021613   0.328906   0.873579
underflow!0.00364255
pos0.00364255     0.1925  0.0502454   0.606973   0.982894   0.761009
underflow!0.00328644
pos  0.323792   0.191169    0.69455 0.00328644   0.348048  0.0579302
underflow!0.00105608
pos  0.218503 0.00105608   0.585393   0.977139   0.235629   0.462684
overflow!
overflow!
overflow!
New GBMAT from blind pso!
0.590349 0.274701 0.241312 0.471836 0.957003 0.733132  36712.8
0.590349 0.274701 0.241312 0.471836 0.957003 0.733132  36712.8
0.584748 0.566788  0.35832 0.922881 0.106252  0.32975   555.66


overflow!
New GBMAT from blind pso!
 0.590349  0.274701  0.241312  0.471836  0.957003  0.733132   36712.8
 0.590349  0.274701  0.241312  0.471836  0.957003  0.733132   36712.8
 0.584748  0.566788   0.35832  0.922881  0.106252   0.32975    555.66
 0.675676  0.396572   0.19444  0.931649 0.0984012  0.182561   363.045


