PSO_S_ODE_NonLinear
Using two part PSO Sample Size:5000 with:27 moments.
Using Times:10 20 30 40 50
Bounds for Uniform Distribution (0,1)
Blind PSO --> nParts:50 Nsteps:50
Targeted PSO --> nParts:10 Nsteps:500
sdbeta:0.1
wt:
1 0 0 0 0 0 0 0 0 0 0 0 0 0 0 0 0 0 0 0 0 0 0 0 0 0 0
0 1 0 0 0 0 0 0 0 0 0 0 0 0 0 0 0 0 0 0 0 0 0 0 0 0 0
0 0 1 0 0 0 0 0 0 0 0 0 0 0 0 0 0 0 0 0 0 0 0 0 0 0 0
0 0 0 1 0 0 0 0 0 0 0 0 0 0 0 0 0 0 0 0 0 0 0 0 0 0 0
0 0 0 0 1 0 0 0 0 0 0 0 0 0 0 0 0 0 0 0 0 0 0 0 0 0 0
0 0 0 0 0 1 0 0 0 0 0 0 0 0 0 0 0 0 0 0 0 0 0 0 0 0 0
0 0 0 0 0 0 1 0 0 0 0 0 0 0 0 0 0 0 0 0 0 0 0 0 0 0 0
0 0 0 0 0 0 0 1 0 0 0 0 0 0 0 0 0 0 0 0 0 0 0 0 0 0 0
0 0 0 0 0 0 0 0 1 0 0 0 0 0 0 0 0 0 0 0 0 0 0 0 0 0 0
0 0 0 0 0 0 0 0 0 1 0 0 0 0 0 0 0 0 0 0 0 0 0 0 0 0 0
0 0 0 0 0 0 0 0 0 0 1 0 0 0 0 0 0 0 0 0 0 0 0 0 0 0 0
0 0 0 0 0 0 0 0 0 0 0 1 0 0 0 0 0 0 0 0 0 0 0 0 0 0 0
0 0 0 0 0 0 0 0 0 0 0 0 1 0 0 0 0 0 0 0 0 0 0 0 0 0 0
0 0 0 0 0 0 0 0 0 0 0 0 0 1 0 0 0 0 0 0 0 0 0 0 0 0 0
0 0 0 0 0 0 0 0 0 0 0 0 0 0 1 0 0 0 0 0 0 0 0 0 0 0 0
0 0 0 0 0 0 0 0 0 0 0 0 0 0 0 1 0 0 0 0 0 0 0 0 0 0 0
0 0 0 0 0 0 0 0 0 0 0 0 0 0 0 0 1 0 0 0 0 0 0 0 0 0 0
0 0 0 0 0 0 0 0 0 0 0 0 0 0 0 0 0 1 0 0 0 0 0 0 0 0 0
0 0 0 0 0 0 0 0 0 0 0 0 0 0 0 0 0 0 1 0 0 0 0 0 0 0 0
0 0 0 0 0 0 0 0 0 0 0 0 0 0 0 0 0 0 0 1 0 0 0 0 0 0 0
0 0 0 0 0 0 0 0 0 0 0 0 0 0 0 0 0 0 0 0 1 0 0 0 0 0 0
0 0 0 0 0 0 0 0 0 0 0 0 0 0 0 0 0 0 0 0 0 1 0 0 0 0 0
0 0 0 0 0 0 0 0 0 0 0 0 0 0 0 0 0 0 0 0 0 0 1 0 0 0 0
0 0 0 0 0 0 0 0 0 0 0 0 0 0 0 0 0 0 0 0 0 0 0 1 0 0 0
0 0 0 0 0 0 0 0 0 0 0 0 0 0 0 0 0 0 0 0 0 0 0 0 1 0 0
0 0 0 0 0 0 0 0 0 0 0 0 0 0 0 0 0 0 0 0 0 0 0 0 0 1 0
0 0 0 0 0 0 0 0 0 0 0 0 0 0 0 0 0 0 0 0 0 0 0 0 0 0 1
Reading in data!
Loading in Truk!
Calculating Yt!
Yt: 3.46492  4.40161  2.75861 0.100572  7.26079  2.18088  48.0317  125.139   14.263 0.012484   174.25  9.09834 0.769002   10.354 0.502901  11.6259  9.21973  16.9818 0.146088  142.267   12.413 0.289942  31.5348  11.3386 0.448514 0.238046  23.9897
Xt:    3.518   4.11796   2.83408  0.102731   7.05477   2.24087   47.8572   117.969   14.9839 0.0128403   168.249   9.40059  0.789223   10.2727  0.512931   11.5748   9.12766   17.1938  0.145192   135.308   12.5755  0.302764   32.4804   11.8161  0.460796  0.248051   24.6396
truk cost:748.123
Xt at seedk: 4.3168 4.04627 2.03528 1.13028 7.21183  2.0838 55.4313  110.03 9.32298 1.54789 161.776 9.77919 3.21552 9.31607 6.31799 18.8496  9.5518 14.8415 2.71101 127.583 15.1835 2.88467 27.0492 9.54835 7.14357 2.95526 27.6871
Xt at seedk:4.31727 4.04311 2.03481 1.13082 7.20874 2.08689  55.432 109.957 9.32027 1.54873 161.674 9.80352  3.2151 9.31709 6.31864 18.8508  9.5556 14.8282 2.71067 127.496 15.2077 2.88519 27.0336 9.55884 7.14459 2.95904 27.7256
Xt at seedk:4.31727 4.04309 2.03481 1.13083 7.20873  2.0869  55.432 109.957 9.32027 1.54873 161.674 9.80357  3.2151 9.31709 6.31865 18.8508 9.55561 14.8281 2.71068 127.496 15.2077 2.88519 27.0336 9.55887  7.1446 2.95905 27.7257
Xt at seedk:4.31727 4.04309 2.03481 1.13083 7.20873  2.0869  55.432 109.957 9.32027 1.54873 161.674 9.80357  3.2151 9.31709 6.31865 18.8508 9.55561 14.8281 2.71068 127.496 15.2077 2.88519 27.0336 9.55887  7.1446 2.95905 27.7257
Xt at seedk:4.31727 4.04309 2.03481 1.13083 7.20873  2.0869  55.432 109.957 9.32027 1.54873 161.674 9.80357  3.2151 9.31709 6.31865 18.8508 9.55561 14.8281 2.71068 127.496 15.2077 2.88519 27.0336 9.55887  7.1446 2.95905 27.7257
seedk:  0.96125  0.888156  0.630663  0.199402 0.0677407  0.614921| cost:3235.77
PSO begins!
