PSO_S_ODE_NonLinear
Using two part PSO Sample Size:5000 with:12 moments.
Using Times:10 30 50
Bounds for Uniform Distribution (0,1)
Blind PSO --> nParts:25 Nsteps:50
Targeted PSO --> nParts:10 Nsteps:1000
sdbeta:0.1
Reading in data!
Using starting row of data:0 and 5000 data pts!
first row X0: 8.83545  7.57343 0.396305  2.46161  1.92754  4.22032
final row X0:1.63756  4.1577 4.69516 3.25708 23.1421 6.12575



Loading in Truk!
Calculating Yt!
truk cost:1382.98
seedk:0.403013 0.946577 0.907155 0.431969 0.626441 0.524235| cost:15658.3
PSO begins!
underflow!0.000442633
pos   0.962115 0.000442633    0.289015    0.858973    0.190054   0.0601692
underflow!0.00299695
pos  0.944815 0.00299695   0.275615   0.871046   0.236449  0.0410547
GBMAT from blind PSO:

 0.403013  0.946577  0.907155  0.431969  0.626441  0.524235   15658.3
 0.403013  0.946577  0.907155  0.431969  0.626441  0.524235   15658.3
 0.697139  0.662608  0.176671  0.831869  0.417507  0.179185   2828.28
 0.697139  0.662608  0.176671  0.831869  0.417507  0.179185   2828.28
 0.697139  0.662608  0.176671  0.831869  0.417507  0.179185   2828.28
 0.697139  0.662608  0.176671  0.831869  0.417507  0.179185   2828.28
 0.655934  0.557648  0.139944   0.68607  0.522265  0.136043   2571.79
 0.721202  0.539006  0.139944   0.68607  0.522265  0.136043   2538.96
 0.734187  0.490596  0.139944   0.68607  0.522265  0.136043   2516.84
 0.734187  0.490596  0.139944   0.68607  0.522265  0.136043   2516.84
 0.734187  0.490596  0.139944   0.68607  0.522265  0.136043   2516.84
 0.695924  0.488656  0.160781  0.740321  0.262032  0.130285   2381.44
 0.695924  0.488656  0.160781  0.740321  0.262032  0.130285   2381.44
 0.738571  0.399955  0.149364  0.703674  0.316192  0.114225   2272.83
 0.793007  0.374431  0.149364  0.703674  0.316192  0.114225   2270.41
 0.786336  0.359826  0.121138  0.738281  0.299041  0.070827   1843.87
 0.888445  0.445356  0.123535  0.656712  0.263677 0.0847332   1843.87
 0.851864  0.356575  0.122845  0.680201   0.27386 0.0807287   1827.73
 0.906882  0.380448  0.102802   0.76098  0.306751 0.0756807   1653.85
  0.85409  0.373749 0.0985959  0.719692  0.341334 0.0570952   1510.27
  0.85409  0.373749 0.0985959  0.719692  0.341334 0.0570952   1510.27
 0.855727  0.405388 0.0898077   0.72377  0.359954 0.0531253   1473.92
 0.855727  0.405388 0.0898077   0.72377  0.359954 0.0531253   1473.92
 0.855727  0.405388 0.0898077   0.72377  0.359954 0.0531253   1473.92
 0.844463  0.415854  0.086842  0.644489   0.32804  0.043093   1403.91
 0.844463  0.415854  0.086842  0.644489   0.32804  0.043093   1403.91
 0.847206  0.405553 0.0849559  0.672904  0.337359 0.0437518   1396.27
 0.877944  0.362906   0.08373  0.706061   0.31813 0.0409497   1340.02
 0.880542  0.299173   0.08373  0.706061   0.31813 0.0409497    1323.9
 0.905777   0.31589 0.0770778  0.651516  0.330729 0.0299631   1297.46
 0.909831  0.296566 0.0770778  0.651516  0.330729 0.0299631   1293.36
 0.910886  0.283178 0.0770778  0.651516  0.330729 0.0299631   1290.69
 0.900847  0.230545 0.0771402  0.662183  0.318856 0.0345103   1275.25
   0.8692   0.23157 0.0719605  0.680226  0.321536 0.0299132      1264
 0.876318  0.203312  0.074638  0.670899  0.320151 0.0322896   1259.33
 0.911007   0.18954 0.0753962  0.671305  0.320973 0.0324916   1252.06
 0.913266  0.199312 0.0742076  0.672913  0.318731 0.0312746   1248.83
 0.889344  0.196548 0.0681689  0.677662  0.291857 0.0244105   1229.19
 0.893256   0.17719 0.0705724   0.67957  0.297356 0.0263316   1221.85
 0.909324  0.169141 0.0707581  0.680913   0.29442 0.0259263   1215.96
  0.93876  0.154021 0.0706373  0.681194  0.293899 0.0259799   1209.18
 0.927917  0.131572 0.0707252   0.68086  0.295319 0.0262624   1204.55
  0.94217  0.106728 0.0707252   0.68086  0.295319 0.0262624   1196.52
 0.945017  0.097347 0.0708588   0.68095  0.295679  0.026349      1194
 0.863919 0.0642008 0.0712448  0.665351  0.291321 0.0272001   1190.95
 0.870759 0.0592262 0.0710607    0.6694  0.292383 0.0270185   1188.13
 0.889055 0.0477586 0.0704416  0.671677  0.297632 0.0259372   1184.61
 0.887099 0.0331938 0.0702742   0.67437  0.292473 0.0261968   1176.44
  0.89126 0.0295391 0.0702742   0.67437  0.292473 0.0261968   1174.99
 0.888741 0.0274066 0.0702712  0.674392   0.29268 0.0262216   1174.44
 0.895368 0.0292236 0.0704847  0.674635  0.289053 0.0268361   1173.18

truk:  0.515996 0.0603199  0.103199  0.896801   0.05516 0.0722394
total difference b/w truk and final GBVEC0.252085

blind PSO FINISHED RUNNING IN 964 s TIME!
targeted PSO has started!
Updating Weight Matrix!
GBVEC AND COST: 0.895368 0.0292236 0.0704847  0.674635  0.289053 0.0268361   1173.18
New PBMAT:
   0.955553   0.0276448   0.0211714    0.696961    0.367348  0.00558016     1.43625
   0.884692 0.000205678   0.0563272    0.625155    0.281139  0.00291129    0.453558
   0.886233 0.000111134   0.0319866    0.730344    0.293981   0.0266946      1.0925
   0.919115   0.0392511   0.0263612     0.63917    0.345672   0.0392004     1.95321
   0.929631 0.000190378   0.0158006    0.710534    0.277549   0.0804291     4.41046
    0.81043    0.052788   0.0924882    0.646858    0.252741   0.0509573   0.0501287
   0.920754 0.000695246   0.0393621    0.671101    0.217649  0.00144187    0.391819
   0.879647   0.0119379   0.0524479    0.676246    0.304164   0.0188386    0.190695
    0.94649 6.04238e-05   0.0655067    0.700513     0.25832 7.03859e-05    0.801366
   0.827279  0.00056619   0.0339705    0.622797     0.25466 4.30471e-05    0.486942

underflow!0.000205678
pos   0.884692 0.000205678   0.0563272    0.625155    0.281139  0.00291129
underflow!0.000111134
pos   0.886233 0.000111134   0.0319866    0.730344    0.293981   0.0266946
underflow!0.000190378
pos   0.929631 0.000190378   0.0158006    0.710534    0.277549   0.0804291
underflow!0.000695246
pos   0.920754 0.000695246   0.0393621    0.671101    0.217649  0.00144187
underflow!6.04238e-05
pos    0.94649 6.04238e-05   0.0655067    0.700513     0.25832 7.03859e-05
underflow!0.00056619
pos   0.827279  0.00056619   0.0339705    0.622797     0.25466 4.30471e-05
underflow!0.00197083
pos  0.908318 0.00197083  0.0341631   0.727194   0.293702  0.0267026
underflow!0.00238691
pos  0.937229 0.00238691  0.0285033   0.701072   0.278904  0.0692966
underflow!0.00478115
pos  0.867468 0.00478115  0.0308465   0.706841   0.332795  0.0517888
underflow!0.00461515
pos  0.728447 0.00461515  0.0459958   0.644938   0.318103  0.0476652
underflow!0.00441119
pos   0.77873 0.00441119  0.0392097   0.623186   0.304625   0.024157
underflow!0.00223829
pos  0.739692 0.00223829  0.0762984   0.635151   0.179031  0.0725943
Updating Weight Matrix!
GBVEC AND COST: 0.884468  0.280612 0.0962678  0.709102  0.113157 0.0659832 0.0059331
Updating Weight Matrix!
GBVEC AND COST:  0.904396   0.342255   0.100819   0.702836  0.0726911  0.0701767 0.00340572
overflow!
overflow!
overflow!
overflow!
overflow!
overflow!
overflow!
overflow!
overflow!
overflow!
overflow!
overflow!
overflow!
overflow!
overflow!
overflow!
overflow!
overflow!
overflow!
overflow!
overflow!
overflow!
overflow!
overflow!
overflow!
overflow!
overflow!
overflow!
overflow!
overflow!
overflow!
overflow!
overflow!
overflow!
overflow!
overflow!
overflow!
overflow!
overflow!
overflow!
overflow!
overflow!
overflow!
overflow!
overflow!
overflow!
Updating Weight Matrix!
GBVEC AND COST:  0.990029   0.391533   0.101019   0.707385  0.0655771  0.0703113 0.00310743
overflow!
overflow!
overflow!
overflow!
overflow!
overflow!
overflow!
overflow!
overflow!
overflow!
overflow!
overflow!
overflow!
overflow!
overflow!
overflow!
overflow!
overflow!
overflow!
overflow!
overflow!
overflow!
overflow!
overflow!
overflow!
overflow!
overflow!
overflow!
overflow!
overflow!
overflow!
overflow!
overflow!
overflow!
overflow!
overflow!
overflow!
overflow!
overflow!
overflow!
overflow!
overflow!
overflow!
overflow!
overflow!
overflow!
overflow!
overflow!
overflow!
overflow!
overflow!
overflow!
overflow!
overflow!
overflow!
overflow!
overflow!
overflow!
overflow!
overflow!
overflow!
overflow!
overflow!
overflow!
overflow!
overflow!
overflow!
overflow!
overflow!
overflow!
overflow!
overflow!
overflow!
overflow!
overflow!
overflow!
overflow!
overflow!
overflow!
overflow!
overflow!
overflow!
overflow!
overflow!
overflow!
overflow!
overflow!
overflow!
overflow!
overflow!
overflow!
overflow!
overflow!
overflow!
overflow!
overflow!
overflow!
overflow!
overflow!
overflow!
overflow!
overflow!
overflow!
overflow!
overflow!
overflow!
overflow!
overflow!
overflow!
overflow!
overflow!
overflow!
overflow!
overflow!
overflow!
overflow!
overflow!
overflow!
overflow!
overflow!
overflow!
overflow!
overflow!
overflow!
overflow!
overflow!
overflow!
overflow!
overflow!
overflow!
overflow!
overflow!
overflow!
overflow!
overflow!
overflow!
overflow!
overflow!
overflow!
overflow!
overflow!
overflow!
overflow!
overflow!
overflow!
overflow!
overflow!
overflow!
overflow!
overflow!
overflow!
overflow!
overflow!
overflow!
overflow!
overflow!
overflow!
overflow!
overflow!
overflow!
overflow!
overflow!
overflow!
overflow!
overflow!
overflow!
overflow!
overflow!
overflow!
overflow!
overflow!
overflow!
overflow!
overflow!
overflow!
overflow!
overflow!
overflow!
overflow!
overflow!
Updating Weight Matrix!
GBVEC AND COST:  0.988246   0.415308   0.101354   0.741922  0.0536125  0.0707264 0.00263503
overflow!
overflow!
overflow!
overflow!
overflow!
overflow!
overflow!
overflow!
overflow!
overflow!
overflow!
overflow!
overflow!
overflow!
overflow!
overflow!
overflow!
overflow!
overflow!
overflow!
overflow!
overflow!
overflow!
overflow!
overflow!
overflow!
overflow!
overflow!
overflow!
overflow!
overflow!
overflow!
overflow!
overflow!
overflow!
overflow!
overflow!
overflow!
overflow!
overflow!
overflow!
overflow!
overflow!
overflow!
overflow!
overflow!
overflow!
overflow!
overflow!
overflow!
overflow!
overflow!
overflow!
overflow!
overflow!
overflow!
overflow!
overflow!
overflow!
overflow!
overflow!
overflow!
overflow!
overflow!
overflow!
overflow!
overflow!
overflow!
overflow!
overflow!
overflow!
overflow!
overflow!
overflow!
overflow!
overflow!
overflow!
overflow!
overflow!
overflow!
overflow!
overflow!
overflow!
overflow!
overflow!
overflow!
overflow!
overflow!
overflow!
overflow!
overflow!
overflow!
overflow!
overflow!
overflow!
overflow!
overflow!
overflow!
overflow!
GBMAT after targeted PSO:
  0.403013   0.946577   0.907155   0.431969   0.626441   0.524235    15658.3
  0.403013   0.946577   0.907155   0.431969   0.626441   0.524235    15658.3
  0.697139   0.662608   0.176671   0.831869   0.417507   0.179185    2828.28
  0.697139   0.662608   0.176671   0.831869   0.417507   0.179185    2828.28
  0.697139   0.662608   0.176671   0.831869   0.417507   0.179185    2828.28
  0.697139   0.662608   0.176671   0.831869   0.417507   0.179185    2828.28
  0.655934   0.557648   0.139944    0.68607   0.522265   0.136043    2571.79
  0.721202   0.539006   0.139944    0.68607   0.522265   0.136043    2538.96
  0.734187   0.490596   0.139944    0.68607   0.522265   0.136043    2516.84
  0.734187   0.490596   0.139944    0.68607   0.522265   0.136043    2516.84
  0.734187   0.490596   0.139944    0.68607   0.522265   0.136043    2516.84
  0.695924   0.488656   0.160781   0.740321   0.262032   0.130285    2381.44
  0.695924   0.488656   0.160781   0.740321   0.262032   0.130285    2381.44
  0.738571   0.399955   0.149364   0.703674   0.316192   0.114225    2272.83
  0.793007   0.374431   0.149364   0.703674   0.316192   0.114225    2270.41
  0.786336   0.359826   0.121138   0.738281   0.299041   0.070827    1843.87
  0.888445   0.445356   0.123535   0.656712   0.263677  0.0847332    1843.87
  0.851864   0.356575   0.122845   0.680201    0.27386  0.0807287    1827.73
  0.906882   0.380448   0.102802    0.76098   0.306751  0.0756807    1653.85
   0.85409   0.373749  0.0985959   0.719692   0.341334  0.0570952    1510.27
   0.85409   0.373749  0.0985959   0.719692   0.341334  0.0570952    1510.27
  0.855727   0.405388  0.0898077    0.72377   0.359954  0.0531253    1473.92
  0.855727   0.405388  0.0898077    0.72377   0.359954  0.0531253    1473.92
  0.855727   0.405388  0.0898077    0.72377   0.359954  0.0531253    1473.92
  0.844463   0.415854   0.086842   0.644489    0.32804   0.043093    1403.91
  0.844463   0.415854   0.086842   0.644489    0.32804   0.043093    1403.91
  0.847206   0.405553  0.0849559   0.672904   0.337359  0.0437518    1396.27
  0.877944   0.362906    0.08373   0.706061    0.31813  0.0409497    1340.02
  0.880542   0.299173    0.08373   0.706061    0.31813  0.0409497     1323.9
  0.905777    0.31589  0.0770778   0.651516   0.330729  0.0299631    1297.46
  0.909831   0.296566  0.0770778   0.651516   0.330729  0.0299631    1293.36
  0.910886   0.283178  0.0770778   0.651516   0.330729  0.0299631    1290.69
  0.900847   0.230545  0.0771402   0.662183   0.318856  0.0345103    1275.25
    0.8692    0.23157  0.0719605   0.680226   0.321536  0.0299132       1264
  0.876318   0.203312   0.074638   0.670899   0.320151  0.0322896    1259.33
  0.911007    0.18954  0.0753962   0.671305   0.320973  0.0324916    1252.06
  0.913266   0.199312  0.0742076   0.672913   0.318731  0.0312746    1248.83
  0.889344   0.196548  0.0681689   0.677662   0.291857  0.0244105    1229.19
  0.893256    0.17719  0.0705724    0.67957   0.297356  0.0263316    1221.85
  0.909324   0.169141  0.0707581   0.680913    0.29442  0.0259263    1215.96
   0.93876   0.154021  0.0706373   0.681194   0.293899  0.0259799    1209.18
  0.927917   0.131572  0.0707252    0.68086   0.295319  0.0262624    1204.55
   0.94217   0.106728  0.0707252    0.68086   0.295319  0.0262624    1196.52
  0.945017   0.097347  0.0708588    0.68095   0.295679   0.026349       1194
  0.863919  0.0642008  0.0712448   0.665351   0.291321  0.0272001    1190.95
  0.870759  0.0592262  0.0710607     0.6694   0.292383  0.0270185    1188.13
  0.889055  0.0477586  0.0704416   0.671677   0.297632  0.0259372    1184.61
  0.887099  0.0331938  0.0702742    0.67437   0.292473  0.0261968    1176.44
   0.89126  0.0295391  0.0702742    0.67437   0.292473  0.0261968    1174.99
  0.888741  0.0274066  0.0702712   0.674392    0.29268  0.0262216    1174.44
  0.895368  0.0292236  0.0704847   0.674635   0.289053  0.0268361    1173.18
  0.895368  0.0292236  0.0704847   0.674635   0.289053  0.0268361    0.12247
  0.895368  0.0292236  0.0704847   0.674635   0.289053  0.0268361    0.12247
  0.842857  0.0396894  0.0846161   0.631655   0.252471  0.0525154  0.0301842
  0.807898  0.0371398  0.0882027   0.599681   0.246255  0.0565979  0.0278128
  0.823976  0.0404683  0.0882027   0.599681   0.246255  0.0565979  0.0277441
  0.823976  0.0404683  0.0882027   0.599681   0.246255  0.0565979  0.0277441
  0.823976  0.0404683  0.0882027   0.599681   0.246255  0.0565979  0.0277441
  0.823976  0.0404683  0.0882027   0.599681   0.246255  0.0565979  0.0277441
  0.823976  0.0404683  0.0882027   0.599681   0.246255  0.0565979  0.0277441
  0.823976  0.0404683  0.0882027   0.599681   0.246255  0.0565979  0.0277441
  0.823976  0.0404683  0.0882027   0.599681   0.246255  0.0565979  0.0277441
  0.823976  0.0404683  0.0882027   0.599681   0.246255  0.0565979  0.0277441
  0.823976  0.0404683  0.0882027   0.599681   0.246255  0.0565979  0.0277441
  0.823976  0.0404683  0.0882027   0.599681   0.246255  0.0565979  0.0277441
  0.824979  0.0343154  0.0898948   0.602622   0.238542  0.0569038  0.0269182
  0.823064  0.0282704   0.093575   0.615434    0.23117  0.0605539   0.024904
  0.795358  0.0224609  0.0992065   0.635039    0.21989  0.0661396   0.024627
  0.782107  0.0155511  0.0911331    0.62233   0.230696  0.0597766   0.023995
  0.694125  0.0317008  0.0911331    0.62233   0.230696  0.0597766  0.0229004
  0.694125  0.0317008  0.0911331    0.62233   0.230696  0.0597766  0.0229004
  0.694125  0.0317008  0.0911331    0.62233   0.230696  0.0597766  0.0229004
  0.694125  0.0317008  0.0911331    0.62233   0.230696  0.0597766  0.0229004
  0.694125  0.0317008  0.0911331    0.62233   0.230696  0.0597766  0.0229004
  0.847899  0.0347994  0.0946805   0.627932   0.225642  0.0623748  0.0228051
  0.646695   0.036628  0.0916592   0.622064    0.23111  0.0606904  0.0223359
   0.74596   0.031945  0.0936957    0.62602   0.227424  0.0618258  0.0222648
   0.79118  0.0873017  0.0936957    0.62602   0.227424  0.0618258  0.0205919
   0.71695  0.0777422  0.0936957    0.62602   0.227424  0.0618258  0.0205577
  0.681213   0.162623  0.0936957    0.62602   0.227424  0.0618258  0.0204145
  0.681213   0.162623  0.0936957    0.62602   0.227424  0.0618258  0.0204145
  0.705267    0.17078  0.0936957    0.62602   0.227424  0.0618258  0.0203564
  0.705267    0.17078  0.0936957    0.62602   0.227424  0.0618258  0.0203564
  0.705267    0.17078  0.0936957    0.62602   0.227424  0.0618258  0.0203564
  0.705267    0.17078  0.0936957    0.62602   0.227424  0.0618258  0.0203564
  0.705267    0.17078  0.0936957    0.62602   0.227424  0.0618258  0.0203564
  0.705267    0.17078  0.0936957    0.62602   0.227424  0.0618258  0.0203564
  0.705267    0.17078  0.0936957    0.62602   0.227424  0.0618258  0.0203564
   0.70072   0.101645  0.0908768   0.630086   0.223455  0.0599927  0.0203354
   0.70072   0.101645  0.0908768   0.630086   0.223455  0.0599927  0.0203354
   0.70072   0.101645  0.0908768   0.630086   0.223455  0.0599927  0.0203354
   0.70072   0.101645  0.0908768   0.630086   0.223455  0.0599927  0.0203354
   0.70072   0.101645  0.0908768   0.630086   0.223455  0.0599927  0.0203354
   0.70072   0.101645  0.0908768   0.630086   0.223455  0.0599927  0.0203354
  0.684528   0.144037  0.0931874   0.627399   0.226114  0.0614964  0.0200193
  0.666771  0.0966751  0.0931874   0.627399   0.226114  0.0614964  0.0199954
  0.666771  0.0966751  0.0931874   0.627399   0.226114  0.0614964  0.0199954
  0.666771  0.0966751  0.0931874   0.627399   0.226114  0.0614964  0.0199954
  0.750991   0.110101  0.0931874   0.627399   0.226114  0.0614964  0.0199064
   0.80855   0.123815  0.0931874   0.627399   0.226114  0.0614964  0.0198264
   0.80855   0.123815  0.0931874   0.627399   0.226114  0.0614964  0.0198264
   0.83215   0.161093  0.0931874   0.627399   0.226114  0.0614964  0.0196398
  0.864784    0.16317  0.0931874   0.627399   0.226114  0.0614964  0.0196075
  0.864784    0.16317  0.0931874   0.627399   0.226114  0.0614964  0.0196075
  0.864784    0.16317  0.0931874   0.627399   0.226114  0.0614964  0.0196075
  0.864784    0.16317  0.0931874   0.627399   0.226114  0.0614964  0.0196075
  0.864784    0.16317  0.0931874   0.627399   0.226114  0.0614964  0.0196075
  0.864784    0.16317  0.0931874   0.627399   0.226114  0.0614964  0.0196075
  0.864784    0.16317  0.0931874   0.627399   0.226114  0.0614964  0.0196075
  0.786378   0.129481   0.100352   0.644738   0.225945  0.0708637  0.0194249
  0.752422   0.113287  0.0977314   0.643806   0.226072  0.0675781  0.0186635
  0.752422   0.113287  0.0977314   0.643806   0.226072  0.0675781  0.0186635
  0.752422   0.113287  0.0977314   0.643806   0.226072  0.0675781  0.0186635
  0.765633   0.125555   0.097635   0.643771   0.226076  0.0674571   0.018528
  0.765633   0.125555   0.097635   0.643771   0.226076  0.0674571   0.018528
  0.761048    0.12003  0.0967354   0.643451    0.22612  0.0663292  0.0184547
   0.86383   0.182002  0.0946558   0.639079   0.223898  0.0645057  0.0183293
   0.86383   0.182002  0.0946558   0.639079   0.223898  0.0645057  0.0183293
  0.866194    0.16931  0.0946558   0.639079   0.223898  0.0645057  0.0183138
  0.866194    0.16931  0.0946558   0.639079   0.223898  0.0645057  0.0183138
  0.866194    0.16931  0.0946558   0.639079   0.223898  0.0645057  0.0183138
  0.866194    0.16931  0.0946558   0.639079   0.223898  0.0645057  0.0183138
  0.906248   0.204198  0.0946558   0.639079   0.223898  0.0645057  0.0183136
  0.705082   0.116343  0.0922239   0.653647   0.208381  0.0590484  0.0177248
  0.850133   0.200845  0.0937993    0.64421   0.218433  0.0625836  0.0175571
  0.791817   0.139888  0.0925356    0.65178   0.210369  0.0597478  0.0174276
  0.791817   0.139888  0.0925356    0.65178   0.210369  0.0597478  0.0174276
  0.791817   0.139888  0.0925356    0.65178   0.210369  0.0597478  0.0174276
  0.791817   0.139888  0.0925356    0.65178   0.210369  0.0597478  0.0174276
  0.791817   0.139888  0.0925356    0.65178   0.210369  0.0597478  0.0174276
  0.836035   0.167178  0.0928417   0.650994   0.212269  0.0601321  0.0173355
  0.836035   0.167178  0.0928417   0.650994   0.212269  0.0601321  0.0173355
  0.836035   0.167178  0.0928417   0.650994   0.212269  0.0601321  0.0173355
  0.836035   0.167178  0.0928417   0.650994   0.212269  0.0601321  0.0173355
  0.813519   0.129813   0.103505   0.656094   0.177261  0.0718991   0.015672
  0.829546   0.170928   0.103505   0.656094   0.177261  0.0718991  0.0147016
  0.829546   0.170928   0.103505   0.656094   0.177261  0.0718991  0.0147016
  0.862159   0.198415   0.103505   0.656094   0.177261  0.0718991  0.0143983
  0.830952   0.260644   0.103505   0.656094   0.177261  0.0718991  0.0139401
  0.830952   0.260644   0.103505   0.656094   0.177261  0.0718991  0.0139401
  0.830952   0.260644   0.103505   0.656094   0.177261  0.0718991  0.0139401
  0.830952   0.260644   0.103505   0.656094   0.177261  0.0718991  0.0139401
  0.830952   0.260644   0.103505   0.656094   0.177261  0.0718991  0.0139401
  0.830952   0.260644   0.103505   0.656094   0.177261  0.0718991  0.0139401
  0.726959   0.193125   0.099495   0.655956   0.188233  0.0677538  0.0137258
   0.69985   0.215032   0.101966   0.656503   0.178071  0.0697514  0.0136461
   0.69985   0.215032   0.101966   0.656503   0.178071  0.0697514  0.0136461
  0.760922   0.176874  0.0977877   0.655768   0.186623  0.0674774  0.0131526
  0.760922   0.176874  0.0977877   0.655768   0.186623  0.0674774  0.0131526
  0.760922   0.176874  0.0977877   0.655768   0.186623  0.0674774  0.0131526
  0.760922   0.176874  0.0977877   0.655768   0.186623  0.0674774  0.0131526
  0.760922   0.176874  0.0977877   0.655768   0.186623  0.0674774  0.0131526
  0.760922   0.176874  0.0977877   0.655768   0.186623  0.0674774  0.0131526
  0.760922   0.176874  0.0977877   0.655768   0.186623  0.0674774  0.0131526
  0.760922   0.176874  0.0977877   0.655768   0.186623  0.0674774  0.0131526
  0.760922   0.176874  0.0977877   0.655768   0.186623  0.0674774  0.0131526
  0.760922   0.176874  0.0977877   0.655768   0.186623  0.0674774  0.0131526
  0.760922   0.176874  0.0977877   0.655768   0.186623  0.0674774  0.0131526
  0.760922   0.176874  0.0977877   0.655768   0.186623  0.0674774  0.0131526
   0.83356    0.13551  0.0999962   0.681383   0.174314  0.0679762  0.0128211
  0.790907   0.164717  0.0999663   0.671115   0.176559  0.0683163  0.0122283
  0.790907   0.164717  0.0999663   0.671115   0.176559  0.0683163  0.0122283
  0.790907   0.164717  0.0999663   0.671115   0.176559  0.0683163  0.0122283
  0.790907   0.164717  0.0999663   0.671115   0.176559  0.0683163  0.0122283
  0.790907   0.164717  0.0999663   0.671115   0.176559  0.0683163  0.0122283
  0.792936   0.211201  0.0993805    0.66805   0.179086  0.0679327  0.0120312
  0.792936   0.211201  0.0993805    0.66805   0.179086  0.0679327  0.0120312
  0.792936   0.211201  0.0993805    0.66805   0.179086  0.0679327  0.0120312
  0.839483   0.186625  0.0949468   0.720054   0.112237  0.0629471  0.0072147
  0.839483   0.186625  0.0949468   0.720054   0.112237  0.0629471  0.0072147
  0.830114   0.217017  0.0949468   0.720054   0.112237  0.0629471 0.00668203
  0.830114   0.217017  0.0949468   0.720054   0.112237  0.0629471 0.00668203
  0.830114   0.217017  0.0949468   0.720054   0.112237  0.0629471 0.00668203
  0.830114   0.217017  0.0949468   0.720054   0.112237  0.0629471 0.00668203
  0.830114   0.217017  0.0949468   0.720054   0.112237  0.0629471 0.00668203
  0.830114   0.217017  0.0949468   0.720054   0.112237  0.0629471 0.00668203
  0.830114   0.217017  0.0949468   0.720054   0.112237  0.0629471 0.00668203
   0.84432   0.241509  0.0950506   0.718768   0.113854  0.0630621 0.00653624
   0.84432   0.241509  0.0950506   0.718768   0.113854  0.0630621 0.00653624
   0.84432   0.241509  0.0950506   0.718768   0.113854  0.0630621 0.00653624
   0.84432   0.241509  0.0950506   0.718768   0.113854  0.0630621 0.00653624
   0.84432   0.241509  0.0950506   0.718768   0.113854  0.0630621 0.00653624
   0.84432   0.241509  0.0950506   0.718768   0.113854  0.0630621 0.00653624
   0.84432   0.241509  0.0950506   0.718768   0.113854  0.0630621 0.00653624
   0.84432   0.241509  0.0950506   0.718768   0.113854  0.0630621 0.00653624
   0.84432   0.241509  0.0950506   0.718768   0.113854  0.0630621 0.00653624
   0.84432   0.241509  0.0950506   0.718768   0.113854  0.0630621 0.00653624
   0.84432   0.241509  0.0950506   0.718768   0.113854  0.0630621 0.00653624
  0.863507   0.269468  0.0950487   0.718772   0.113854  0.0630599 0.00644541
  0.863507   0.269468  0.0950487   0.718772   0.113854  0.0630599 0.00644541
  0.863507   0.269468  0.0950487   0.718772   0.113854  0.0630599 0.00644541
  0.863507   0.269468  0.0950487   0.718772   0.113854  0.0630599 0.00644541
  0.863507   0.269468  0.0950487   0.718772   0.113854  0.0630599 0.00644541
  0.863507   0.269468  0.0950487   0.718772   0.113854  0.0630599 0.00644541
  0.827142   0.287222  0.0969525   0.703494   0.116207  0.0672819 0.00643042
  0.846364   0.294259  0.0966485   0.710562   0.115322  0.0649694 0.00606157
   0.83924   0.265195  0.0957235   0.712643   0.110639  0.0652987 0.00595104
   0.83924   0.265195  0.0957235   0.712643   0.110639  0.0652987 0.00595104
   0.83924   0.265195  0.0957235   0.712643   0.110639  0.0652987 0.00595104
   0.85682   0.258676  0.0962678   0.709102   0.113157  0.0659832 0.00594739
  0.884468   0.280612  0.0962678   0.709102   0.113157  0.0659832  0.0059331
  0.884468   0.280612  0.0962678   0.709102   0.113157  0.0659832  0.0059331
  0.884468   0.280612  0.0962678   0.709102   0.113157  0.0659832 0.00573106
  0.884468   0.280612  0.0962678   0.709102   0.113157  0.0659832 0.00573106
  0.884468   0.280612  0.0962678   0.709102   0.113157  0.0659832 0.00573106
  0.884468   0.280612  0.0962678   0.709102   0.113157  0.0659832 0.00573106
  0.884468   0.280612  0.0962678   0.709102   0.113157  0.0659832 0.00573106
  0.884468   0.280612  0.0962678   0.709102   0.113157  0.0659832 0.00573106
  0.884468   0.280612  0.0962678   0.709102   0.113157  0.0659832 0.00573106
  0.884468   0.280612  0.0962678   0.709102   0.113157  0.0659832 0.00573106
  0.884468   0.280612  0.0962678   0.709102   0.113157  0.0659832 0.00573106
  0.761796   0.277132  0.0985131   0.709864   0.101614  0.0675315 0.00480269
  0.814457   0.272732  0.0985131   0.709864   0.101614  0.0675315 0.00468862
  0.814457   0.272732  0.0985131   0.709864   0.101614  0.0675315 0.00468862
  0.814457   0.272732  0.0985131   0.709864   0.101614  0.0675315 0.00468862
  0.814457   0.272732  0.0985131   0.709864   0.101614  0.0675315 0.00468862
  0.794226   0.220107  0.0983155   0.713806  0.0937785  0.0680429 0.00465565
  0.794226   0.220107  0.0983155   0.713806  0.0937785  0.0680429 0.00465565
  0.794226   0.220107  0.0983155   0.713806  0.0937785  0.0680429 0.00465565
  0.794226   0.220107  0.0983155   0.713806  0.0937785  0.0680429 0.00465565
  0.794226   0.220107  0.0983155   0.713806  0.0937785  0.0680429 0.00465565
  0.794226   0.220107  0.0983155   0.713806  0.0937785  0.0680429 0.00465565
  0.794226   0.220107  0.0983155   0.713806  0.0937785  0.0680429 0.00465565
   0.74937    0.22444  0.0979405   0.715104   0.093282  0.0682485 0.00465074
   0.74937    0.22444  0.0979405   0.715104   0.093282  0.0682485 0.00465074
   0.74937    0.22444  0.0979405   0.715104   0.093282  0.0682485 0.00465074
   0.74937    0.22444  0.0979405   0.715104   0.093282  0.0682485 0.00465074
   0.74937    0.22444  0.0979405   0.715104   0.093282  0.0682485 0.00465074
   0.74937    0.22444  0.0979405   0.715104   0.093282  0.0682485 0.00465074
  0.744845   0.246651  0.0990166   0.709804  0.0966417  0.0691742 0.00459726
  0.744845   0.246651  0.0990166   0.709804  0.0966417  0.0691742 0.00459726
  0.744845   0.246651  0.0990166   0.709804  0.0966417  0.0691742 0.00459726
  0.844854   0.298905   0.101791   0.676018  0.0825069  0.0719527 0.00430469
  0.844854   0.298905   0.101791   0.676018  0.0825069  0.0719527 0.00430469
  0.844854   0.298905   0.101791   0.676018  0.0825069  0.0719527 0.00430469
  0.844854   0.298905   0.101791   0.676018  0.0825069  0.0719527 0.00430469
  0.844854   0.298905   0.101791   0.676018  0.0825069  0.0719527 0.00430469
  0.844854   0.298905   0.101791   0.676018  0.0825069  0.0719527 0.00430469
  0.861515   0.307075   0.100308   0.687621  0.0869075  0.0701525 0.00421022
  0.861515   0.307075   0.100308   0.687621  0.0869075  0.0701525 0.00421022
  0.861515   0.307075   0.100308   0.687621  0.0869075  0.0701525 0.00421022
  0.861515   0.307075   0.100308   0.687621  0.0869075  0.0701525 0.00421022
  0.861515   0.307075   0.100308   0.687621  0.0869075  0.0701525 0.00421022
  0.861515   0.307075   0.100308   0.687621  0.0869075  0.0701525 0.00421022
  0.863206   0.322563   0.100648   0.687797  0.0862041  0.0699803 0.00414145
  0.888306   0.313244   0.100648   0.687797  0.0862041  0.0699803 0.00411889
  0.888306   0.313244   0.100648   0.687797  0.0862041  0.0699803 0.00411889
  0.888306   0.313244   0.100648   0.687797  0.0862041  0.0699803 0.00411889
  0.888306   0.313244   0.100648   0.687797  0.0862041  0.0699803 0.00411889
  0.888306   0.313244   0.100648   0.687797  0.0862041  0.0699803 0.00411889
  0.888306   0.313244   0.100648   0.687797  0.0862041  0.0699803 0.00411889
  0.888306   0.313244   0.100648   0.687797  0.0862041  0.0699803 0.00411889
  0.888306   0.313244   0.100648   0.687797  0.0862041  0.0699803 0.00411889
  0.919695   0.332655   0.100058   0.688647  0.0860976  0.0696824 0.00410865
  0.919695   0.332655   0.100058   0.688647  0.0860976  0.0696824 0.00410865
  0.919695   0.332655   0.100058   0.688647  0.0860976  0.0696824 0.00410865
  0.919695   0.332655   0.100058   0.688647  0.0860976  0.0696824 0.00410865
  0.919695   0.332655   0.100058   0.688647  0.0860976  0.0696824 0.00410865
  0.919695   0.332655   0.100058   0.688647  0.0860976  0.0696824 0.00410865
  0.919695   0.332655   0.100058   0.688647  0.0860976  0.0696824 0.00410865
  0.919695   0.332655   0.100058   0.688647  0.0860976  0.0696824 0.00410865
  0.919695   0.332655   0.100058   0.688647  0.0860976  0.0696824 0.00410865
  0.919695   0.332655   0.100058   0.688647  0.0860976  0.0696824 0.00410865
  0.919695   0.332655   0.100058   0.688647  0.0860976  0.0696824 0.00410865
  0.919695   0.332655   0.100058   0.688647  0.0860976  0.0696824 0.00410865
  0.919695   0.332655   0.100058   0.688647  0.0860976  0.0696824 0.00410865
  0.919695   0.332655   0.100058   0.688647  0.0860976  0.0696824 0.00410865
  0.900612   0.321996   0.100453   0.688078  0.0861698  0.0698816 0.00410564
  0.900612   0.321996   0.100453   0.688078  0.0861698  0.0698816 0.00410564
  0.900612   0.321996   0.100453   0.688078  0.0861698  0.0698816 0.00410564
  0.900612   0.321996   0.100453   0.688078  0.0861698  0.0698816 0.00410564
  0.900612   0.321996   0.100453   0.688078  0.0861698  0.0698816 0.00410564
  0.900612   0.321996   0.100453   0.688078  0.0861698  0.0698816 0.00410564
  0.900612   0.321996   0.100453   0.688078  0.0861698  0.0698816 0.00410564
  0.900612   0.321996   0.100453   0.688078  0.0861698  0.0698816 0.00410564
  0.900612   0.321996   0.100453   0.688078  0.0861698  0.0698816 0.00410564
  0.894986   0.323205   0.100388   0.686897  0.0854012  0.0699096 0.00409198
  0.894986   0.323205   0.100388   0.686897  0.0854012  0.0699096 0.00409198
  0.894986   0.323205   0.100388   0.686897  0.0854012  0.0699096 0.00409198
  0.894986   0.323205   0.100388   0.686897  0.0854012  0.0699096 0.00409198
  0.894986   0.323205   0.100388   0.686897  0.0854012  0.0699096 0.00409198
  0.894986   0.323205   0.100388   0.686897  0.0854012  0.0699096 0.00409198
  0.915661   0.334451   0.100559   0.687311  0.0855179  0.0698777 0.00407998
  0.915661   0.334451   0.100559   0.687311  0.0855179  0.0698777 0.00407998
  0.925363   0.336826   0.100559   0.687311  0.0855179  0.0698777 0.00407783
  0.925363   0.336826   0.100559   0.687311  0.0855179  0.0698777 0.00407783
  0.925363   0.336826   0.100559   0.687311  0.0855179  0.0698777 0.00407783
  0.925363   0.336826   0.100559   0.687311  0.0855179  0.0698777 0.00407783
  0.925363   0.336826   0.100559   0.687311  0.0855179  0.0698777 0.00407783
  0.925363   0.336826   0.100559   0.687311  0.0855179  0.0698777 0.00407783
  0.925363   0.336826   0.100559   0.687311  0.0855179  0.0698777 0.00407783
  0.925363   0.336826   0.100559   0.687311  0.0855179  0.0698777 0.00407783
  0.925363   0.336826   0.100559   0.687311  0.0855179  0.0698777 0.00407783
  0.877664   0.284551   0.098464   0.697242  0.0780336   0.067327 0.00404692
  0.879176   0.288273   0.098464   0.697242  0.0780336   0.067327 0.00402176
  0.879176   0.288273   0.098464   0.697242  0.0780336   0.067327 0.00402176
  0.920978   0.330115  0.0989482   0.692573  0.0831404  0.0679302 0.00402035
  0.920978   0.330115  0.0989482   0.692573  0.0831404  0.0679302 0.00402035
  0.920978   0.330115  0.0989482   0.692573  0.0831404  0.0679302 0.00402035
  0.920978   0.330115  0.0989482   0.692573  0.0831404  0.0679302 0.00402035
  0.920978   0.330115  0.0989482   0.692573  0.0831404  0.0679302 0.00402035
  0.889037    0.32967  0.0993733    0.69173  0.0828578  0.0684853 0.00396999
  0.890458   0.329148  0.0988698   0.696523  0.0780142  0.0685853 0.00382661
  0.890458   0.329148  0.0988698   0.696523  0.0780142  0.0685853 0.00382661
  0.890458   0.329148  0.0988698   0.696523  0.0780142  0.0685853 0.00382661
  0.890458   0.329148  0.0988698   0.696523  0.0780142  0.0685853 0.00382661
  0.890458   0.329148  0.0988698   0.696523  0.0780142  0.0685853 0.00382661
  0.890458   0.329148  0.0988698   0.696523  0.0780142  0.0685853 0.00382661
  0.890458   0.329148  0.0988698   0.696523  0.0780142  0.0685853 0.00382661
  0.890458   0.329148  0.0988698   0.696523  0.0780142  0.0685853 0.00382661
  0.890458   0.329148  0.0988698   0.696523  0.0780142  0.0685853 0.00382661
  0.890458   0.329148  0.0988698   0.696523  0.0780142  0.0685853 0.00382661
  0.890458   0.329148  0.0988698   0.696523  0.0780142  0.0685853 0.00382661
  0.890458   0.329148  0.0988698   0.696523  0.0780142  0.0685853 0.00382661
  0.890458   0.329148  0.0988698   0.696523  0.0780142  0.0685853 0.00382661
  0.890458   0.329148  0.0988698   0.696523  0.0780142  0.0685853 0.00382661
  0.908601   0.331705  0.0988966   0.696352  0.0782555  0.0685656 0.00381377
  0.911009   0.332579  0.0993937   0.694827  0.0795978  0.0688817 0.00380012
  0.911009   0.332579  0.0993937   0.694827  0.0795978  0.0688817 0.00380012
  0.911009   0.332579  0.0993937   0.694827  0.0795978  0.0688817 0.00380012
  0.911009   0.332579  0.0993937   0.694827  0.0795978  0.0688817 0.00380012
  0.911009   0.332579  0.0993937   0.694827  0.0795978  0.0688817 0.00380012
  0.911009   0.332579  0.0993937   0.694827  0.0795978  0.0688817 0.00380012
  0.911009   0.332579  0.0993937   0.694827  0.0795978  0.0688817 0.00380012
  0.911009   0.332579  0.0993937   0.694827  0.0795978  0.0688817 0.00380012
  0.911009   0.332579  0.0993937   0.694827  0.0795978  0.0688817 0.00380012
  0.911009   0.332579  0.0993937   0.694827  0.0795978  0.0688817 0.00380012
  0.905581   0.336933   0.100115   0.697737  0.0793332    0.06978 0.00373599
  0.905581   0.336933   0.100115   0.697737  0.0793332    0.06978 0.00373599
  0.905581   0.336933   0.100115   0.697737  0.0793332    0.06978 0.00373599
  0.905581   0.336933   0.100115   0.697737  0.0793332    0.06978 0.00373599
  0.905581   0.336933   0.100115   0.697737  0.0793332    0.06978 0.00373599
  0.905581   0.336933   0.100115   0.697737  0.0793332    0.06978 0.00373599
  0.903803   0.339105   0.100091   0.697633  0.0792939  0.0696851 0.00373176
  0.903803   0.339105   0.100091   0.697633  0.0792939  0.0696851 0.00373176
  0.903803   0.339105   0.100091   0.697633  0.0792939  0.0696851 0.00373176
  0.903803   0.339105   0.100091   0.697633  0.0792939  0.0696851 0.00373176
  0.933088   0.334174    0.10076   0.694149  0.0781753   0.070313 0.00371519
  0.908504   0.339077    0.10076   0.694149  0.0781753   0.070313 0.00370423
  0.908504   0.339077    0.10076   0.694149  0.0781753   0.070313 0.00370423
  0.908504   0.339077    0.10076   0.694149  0.0781753   0.070313 0.00370423
  0.908504   0.339077    0.10076   0.694149  0.0781753   0.070313 0.00370423
  0.901518   0.326066    0.10015   0.694428  0.0777318  0.0695332 0.00368682
  0.901518   0.326066    0.10015   0.694428  0.0777318  0.0695332 0.00368682
  0.901518   0.326066    0.10015   0.694428  0.0777318  0.0695332 0.00368682
  0.901518   0.326066    0.10015   0.694428  0.0777318  0.0695332 0.00368682
  0.901518   0.326066    0.10015   0.694428  0.0777318  0.0695332 0.00368682
  0.901518   0.326066    0.10015   0.694428  0.0777318  0.0695332 0.00368682
  0.901518   0.326066    0.10015   0.694428  0.0777318  0.0695332 0.00368682
  0.870842   0.294536  0.0987342   0.703097  0.0710439  0.0678562 0.00364433
  0.894362   0.332926  0.0998748   0.692604   0.074263   0.069147 0.00358338
  0.887252   0.325984  0.0994876   0.696166  0.0731703  0.0687089 0.00355178
  0.887252   0.325984  0.0994876   0.696166  0.0731703  0.0687089 0.00355178
  0.885634   0.322814   0.101287   0.704888  0.0731412  0.0701342 0.00349422
  0.856184   0.342098   0.101287   0.704888  0.0731412  0.0701342 0.00348618
  0.856184   0.342098   0.101287   0.704888  0.0731412  0.0701342 0.00348618
  0.895909    0.34171   0.100744   0.701796  0.0738685  0.0697634 0.00347505
  0.888576   0.352688   0.101057   0.703578  0.0734493  0.0699771 0.00347464
  0.888576   0.352688   0.101057   0.703578  0.0734493  0.0699771 0.00347464
  0.888576   0.352688   0.101057   0.703578  0.0734493  0.0699771 0.00347464
  0.888576   0.352688   0.101057   0.703578  0.0734493  0.0699771 0.00347464
  0.888576   0.352688   0.101057   0.703578  0.0734493  0.0699771 0.00347464
  0.888576   0.352688   0.101057   0.703578  0.0734493  0.0699771 0.00347464
  0.888576   0.352688   0.101057   0.703578  0.0734493  0.0699771 0.00347464
  0.888576   0.352688   0.101057   0.703578  0.0734493  0.0699771 0.00347464
  0.888576   0.352688   0.101057   0.703578  0.0734493  0.0699771 0.00347464
  0.888576   0.352688   0.101057   0.703578  0.0734493  0.0699771 0.00347464
  0.888576   0.352688   0.101057   0.703578  0.0734493  0.0699771 0.00347464
  0.899724   0.339939   0.100507   0.701791  0.0733441  0.0695353 0.00345798
  0.899724   0.339939   0.100507   0.701791  0.0733441  0.0695353 0.00345798
  0.899724   0.339939   0.100507   0.701791  0.0733441  0.0695353 0.00345798
  0.899724   0.339939   0.100507   0.701791  0.0733441  0.0695353 0.00345798
  0.899724   0.339939   0.100507   0.701791  0.0733441  0.0695353 0.00345798
  0.899724   0.339939   0.100507   0.701791  0.0733441  0.0695353 0.00345798
  0.899724   0.339939   0.100507   0.701791  0.0733441  0.0695353 0.00345798
  0.899936   0.339572   0.100794   0.702003  0.0732984  0.0702594 0.00343832
  0.899936   0.339572   0.100794   0.702003  0.0732984  0.0702594 0.00343832
  0.903349   0.355491   0.101015    0.70304  0.0721119  0.0698116 0.00343803
  0.903349   0.355491   0.101015    0.70304  0.0721119  0.0698116 0.00343803
  0.903349   0.355491   0.101015    0.70304  0.0721119  0.0698116 0.00343803
  0.903349   0.355491   0.101015    0.70304  0.0721119  0.0698116 0.00343803
  0.903349   0.355491   0.101015    0.70304  0.0721119  0.0698116 0.00343803
  0.899349   0.350988   0.100733   0.702656  0.0726695  0.0702477 0.00342695
  0.899349   0.350988   0.100733   0.702656  0.0726695  0.0702477 0.00342695
  0.899349   0.350988   0.100733   0.702656  0.0726695  0.0702477 0.00342695
  0.899349   0.350988   0.100733   0.702656  0.0726695  0.0702477 0.00342695
  0.899349   0.350988   0.100733   0.702656  0.0726695  0.0702477 0.00342695
  0.899349   0.350988   0.100733   0.702656  0.0726695  0.0702477 0.00342695
  0.899349   0.350988   0.100733   0.702656  0.0726695  0.0702477 0.00342695
  0.902664   0.344495   0.100819   0.702836  0.0726911  0.0701767 0.00340623
  0.904396   0.342255   0.100819   0.702836  0.0726911  0.0701767 0.00340572
  0.904396   0.342255   0.100819   0.702836  0.0726911  0.0701767 0.00340572
  0.904396   0.342255   0.100819   0.702836  0.0726911  0.0701767 0.00340572
  0.904396   0.342255   0.100819   0.702836  0.0726911  0.0701767 0.00340572
  0.904396   0.342255   0.100819   0.702836  0.0726911  0.0701767 0.00340572
  0.904396   0.342255   0.100819   0.702836  0.0726911  0.0701767 0.00340572
  0.904396   0.342255   0.100819   0.702836  0.0726911  0.0701767 0.00340572
  0.904396   0.342255   0.100819   0.702836  0.0726911  0.0701767 0.00340572
  0.904396   0.342255   0.100819   0.702836  0.0726911  0.0701767 0.00340572
  0.904396   0.342255   0.100819   0.702836  0.0726911  0.0701767 0.00340572
  0.904396   0.342255   0.100819   0.702836  0.0726911  0.0701767 0.00340572
  0.904396   0.342255   0.100819   0.702836  0.0726911  0.0701767 0.00340572
  0.904396   0.342255   0.100819   0.702836  0.0726911  0.0701767 0.00340572
  0.904396   0.342255   0.100819   0.702836  0.0726911  0.0701767 0.00338433
  0.904396   0.342255   0.100819   0.702836  0.0726911  0.0701767 0.00338433
  0.904396   0.342255   0.100819   0.702836  0.0726911  0.0701767 0.00338433
  0.904396   0.342255   0.100819   0.702836  0.0726911  0.0701767 0.00338433
  0.904396   0.342255   0.100819   0.702836  0.0726911  0.0701767 0.00338433
  0.904396   0.342255   0.100819   0.702836  0.0726911  0.0701767 0.00338433
  0.904396   0.342255   0.100819   0.702836  0.0726911  0.0701767 0.00338433
  0.904396   0.342255   0.100819   0.702836  0.0726911  0.0701767 0.00338433
  0.904396   0.342255   0.100819   0.702836  0.0726911  0.0701767 0.00338433
  0.904396   0.342255   0.100819   0.702836  0.0726911  0.0701767 0.00338433
  0.904396   0.342255   0.100819   0.702836  0.0726911  0.0701767 0.00338433
  0.904396   0.342255   0.100819   0.702836  0.0726911  0.0701767 0.00338433
  0.904396   0.342255   0.100819   0.702836  0.0726911  0.0701767 0.00338433
  0.904396   0.342255   0.100819   0.702836  0.0726911  0.0701767 0.00338433
  0.904396   0.342255   0.100819   0.702836  0.0726911  0.0701767 0.00338433
  0.904396   0.342255   0.100819   0.702836  0.0726911  0.0701767 0.00338433
  0.904396   0.342255   0.100819   0.702836  0.0726911  0.0701767 0.00338433
  0.904396   0.342255   0.100819   0.702836  0.0726911  0.0701767 0.00338433
  0.904396   0.342255   0.100819   0.702836  0.0726911  0.0701767 0.00338433
  0.904396   0.342255   0.100819   0.702836  0.0726911  0.0701767 0.00338433
  0.904396   0.342255   0.100819   0.702836  0.0726911  0.0701767 0.00338433
   0.90761   0.339734   0.101222   0.702795  0.0716816  0.0708231 0.00336948
  0.905345   0.349872   0.101031   0.702975  0.0721189  0.0704434 0.00336797
  0.924846   0.351531   0.101031   0.702975  0.0721189  0.0704434 0.00336325
  0.924846   0.351531   0.101031   0.702975  0.0721189  0.0704434 0.00336325
  0.924846   0.351531   0.101031   0.702975  0.0721189  0.0704434 0.00336325
  0.924846   0.351531   0.101031   0.702975  0.0721189  0.0704434 0.00336325
  0.924846   0.351531   0.101031   0.702975  0.0721189  0.0704434 0.00336325
  0.924846   0.351531   0.101031   0.702975  0.0721189  0.0704434 0.00336325
  0.924846   0.351531   0.101031   0.702975  0.0721189  0.0704434 0.00336325
  0.924846   0.351531   0.101031   0.702975  0.0721189  0.0704434 0.00336325
  0.924846   0.351531   0.101031   0.702975  0.0721189  0.0704434 0.00336325
  0.924846   0.351531   0.101031   0.702975  0.0721189  0.0704434 0.00336325
  0.953957   0.375825   0.100771   0.702814  0.0720231  0.0701466 0.00335695
  0.953957   0.375825   0.100771   0.702814  0.0720231  0.0701466 0.00335695
  0.953957   0.375825   0.100771   0.702814  0.0720231  0.0701466 0.00335695
  0.953957   0.375825   0.100771   0.702814  0.0720231  0.0701466 0.00335695
  0.953957   0.375825   0.100771   0.702814  0.0720231  0.0701466 0.00335695
  0.939516   0.362326   0.100846   0.702809   0.072067  0.0701872 0.00335644
  0.939516   0.362326   0.100846   0.702809   0.072067  0.0701872 0.00335644
  0.939516   0.362326   0.100846   0.702809   0.072067  0.0701872 0.00335644
  0.939516   0.362326   0.100846   0.702809   0.072067  0.0701872 0.00335644
  0.939516   0.362326   0.100846   0.702809   0.072067  0.0701872 0.00335644
  0.939516   0.362326   0.100846   0.702809   0.072067  0.0701872 0.00335644
  0.936061   0.360253   0.100926   0.702836  0.0720368  0.0702709 0.00335639
  0.936061   0.360253   0.100926   0.702836  0.0720368  0.0702709 0.00335639
  0.936061   0.360253   0.100926   0.702836  0.0720368  0.0702709 0.00335639
  0.936061   0.360253   0.100926   0.702836  0.0720368  0.0702709 0.00335639
  0.936061   0.360253   0.100926   0.702836  0.0720368  0.0702709 0.00335639
  0.936061   0.360253   0.100926   0.702836  0.0720368  0.0702709 0.00335639
  0.929386   0.362105   0.101064    0.70304  0.0718314  0.0702326   0.003356
  0.929386   0.362105   0.101064    0.70304  0.0718314  0.0702326   0.003356
  0.929386   0.362105   0.101064    0.70304  0.0718314  0.0702326   0.003356
  0.929386   0.362105   0.101064    0.70304  0.0718314  0.0702326   0.003356
  0.929386   0.362105   0.101064    0.70304  0.0718314  0.0702326   0.003356
  0.929386   0.362105   0.101064    0.70304  0.0718314  0.0702326   0.003356
  0.929386   0.362105   0.101064    0.70304  0.0718314  0.0702326   0.003356
  0.949431   0.367121   0.100599   0.703221  0.0715247  0.0699702 0.00333448
  0.949431   0.367121   0.100599   0.703221  0.0715247  0.0699702 0.00333448
  0.949431   0.367121   0.100599   0.703221  0.0715247  0.0699702 0.00333448
  0.949431   0.367121   0.100599   0.703221  0.0715247  0.0699702 0.00333448
  0.949431   0.367121   0.100599   0.703221  0.0715247  0.0699702 0.00333448
    0.9592   0.368688   0.100632   0.703191  0.0715641  0.0699917 0.00333445
    0.9592   0.368688   0.100632   0.703191  0.0715641  0.0699917 0.00333445
    0.9592   0.368688   0.100632   0.703191  0.0715641  0.0699917 0.00333445
    0.9592   0.368688   0.100632   0.703191  0.0715641  0.0699917 0.00333445
  0.972843   0.381669   0.100709    0.70331  0.0715886  0.0701522 0.00333406
  0.965505   0.379086   0.100732    0.70324  0.0715864  0.0701022  0.0033339
  0.965505   0.379086   0.100732    0.70324  0.0715864  0.0701022  0.0033339
  0.953916     0.3774   0.099543   0.703787  0.0673224  0.0689129 0.00326822
  0.953916     0.3774   0.099543   0.703787  0.0673224  0.0689129 0.00326822
   0.96793   0.378897   0.099543   0.703787  0.0673224  0.0689129 0.00326123
   0.96793   0.378897   0.099543   0.703787  0.0673224  0.0689129 0.00326123
   0.96793   0.378897   0.099543   0.703787  0.0673224  0.0689129 0.00326123
   0.96793   0.378897   0.099543   0.703787  0.0673224  0.0689129 0.00326123
   0.96793   0.378897   0.099543   0.703787  0.0673224  0.0689129 0.00326123
   0.96793   0.378897   0.099543   0.703787  0.0673224  0.0689129 0.00326123
   0.96793   0.378897   0.099543   0.703787  0.0673224  0.0689129 0.00326123
   0.96793   0.378897   0.099543   0.703787  0.0673224  0.0689129 0.00326123
   0.96793   0.378897   0.099543   0.703787  0.0673224  0.0689129 0.00326123
   0.96793   0.378897   0.099543   0.703787  0.0673224  0.0689129 0.00326123
   0.96793   0.378897   0.099543   0.703787  0.0673224  0.0689129 0.00326123
   0.96793   0.378897   0.099543   0.703787  0.0673224  0.0689129 0.00326123
   0.96793   0.378897   0.099543   0.703787  0.0673224  0.0689129 0.00326123
   0.96793   0.378897   0.099543   0.703787  0.0673224  0.0689129 0.00326123
   0.96793   0.378897   0.099543   0.703787  0.0673224  0.0689129 0.00326123
   0.96793   0.378897   0.099543   0.703787  0.0673224  0.0689129 0.00326123
   0.96793   0.378897   0.099543   0.703787  0.0673224  0.0689129 0.00326123
   0.96793   0.378897   0.099543   0.703787  0.0673224  0.0689129 0.00326123
   0.96793   0.378897   0.099543   0.703787  0.0673224  0.0689129 0.00326123
   0.96793   0.378897   0.099543   0.703787  0.0673224  0.0689129 0.00326123
   0.96793   0.378897   0.099543   0.703787  0.0673224  0.0689129 0.00326123
   0.96793   0.378897   0.099543   0.703787  0.0673224  0.0689129 0.00326123
  0.973584   0.382516  0.0995811   0.703769  0.0674821  0.0689577 0.00326113
  0.973584   0.382516  0.0995811   0.703769  0.0674821  0.0689577 0.00326113
  0.973584   0.382516  0.0995811   0.703769  0.0674821  0.0689577 0.00326113
  0.973584   0.382516  0.0995811   0.703769  0.0674821  0.0689577 0.00326113
  0.973584   0.382516  0.0995811   0.703769  0.0674821  0.0689577 0.00326113
  0.973584   0.382516  0.0995811   0.703769  0.0674821  0.0689577 0.00326113
  0.973584   0.382516  0.0995811   0.703769  0.0674821  0.0689577 0.00326113
  0.973125   0.375999  0.0996826   0.703748   0.067533  0.0689096 0.00325656
  0.976865   0.388218  0.0999915    0.70398   0.067525  0.0689582 0.00324808
  0.983091   0.386448  0.0997306   0.703835  0.0675019  0.0689536 0.00324609
  0.983091   0.386448  0.0997306   0.703835  0.0675019  0.0689536 0.00324609
  0.983091   0.386448  0.0997306   0.703835  0.0675019  0.0689536 0.00324609
  0.983091   0.386448  0.0997306   0.703835  0.0675019  0.0689536 0.00324609
  0.983091   0.386448  0.0997306   0.703835  0.0675019  0.0689536 0.00324609
  0.983091   0.386448  0.0997306   0.703835  0.0675019  0.0689536 0.00324609
  0.983091   0.386448  0.0997306   0.703835  0.0675019  0.0689536 0.00324609
  0.989775   0.393176  0.0997353   0.703804  0.0675004  0.0689469 0.00324563
  0.989775   0.393176  0.0997353   0.703804  0.0675004  0.0689469 0.00324563
  0.989775   0.393176  0.0997353   0.703804  0.0675004  0.0689469 0.00324563
   0.98574   0.381035   0.099756   0.704012  0.0673023  0.0689442 0.00324294
  0.986153   0.385129  0.0997484   0.703941  0.0673697  0.0689451 0.00324169
  0.986153   0.385129  0.0997484   0.703941  0.0673697  0.0689451 0.00324169
  0.986153   0.385129  0.0997484   0.703941  0.0673697  0.0689451 0.00324169
  0.982025   0.378769   0.100145   0.709535  0.0664485  0.0701632  0.0032228
  0.982025   0.378769   0.100145   0.709535  0.0664485  0.0701632  0.0032228
  0.982025   0.378769   0.100145   0.709535  0.0664485  0.0701632  0.0032228
  0.985064    0.37208   0.100081   0.707684  0.0670774  0.0696422 0.00320041
  0.980793   0.387488   0.100032   0.707274  0.0670158  0.0696077 0.00319335
  0.980793   0.387488   0.100032   0.707274  0.0670158  0.0696077 0.00319335
  0.980793   0.387488   0.100032   0.707274  0.0670158  0.0696077 0.00319335
  0.980793   0.387488   0.100032   0.707274  0.0670158  0.0696077 0.00319335
  0.982004   0.390571   0.100356   0.708171  0.0668521  0.0699166  0.0031626
  0.970746   0.385911   0.100441   0.707084  0.0668601  0.0696639 0.00316138
  0.970746   0.385911   0.100441   0.707084  0.0668601  0.0696639 0.00316138
  0.970746   0.385911   0.100441   0.707084  0.0668601  0.0696639 0.00316138
  0.970746   0.385911   0.100441   0.707084  0.0668601  0.0696639 0.00316138
  0.970746   0.385911   0.100441   0.707084  0.0668601  0.0696639 0.00316138
  0.970746   0.385911   0.100441   0.707084  0.0668601  0.0696639 0.00316138
  0.970746   0.385911   0.100441   0.707084  0.0668601  0.0696639 0.00316138
  0.970746   0.385911   0.100441   0.707084  0.0668601  0.0696639 0.00316138
  0.970746   0.385911   0.100441   0.707084  0.0668601  0.0696639 0.00316138
  0.970746   0.385911   0.100441   0.707084  0.0668601  0.0696639 0.00316138
  0.970746   0.385911   0.100441   0.707084  0.0668601  0.0696639 0.00316138
  0.970746   0.385911   0.100441   0.707084  0.0668601  0.0696639 0.00316138
  0.970746   0.385911   0.100441   0.707084  0.0668601  0.0696639 0.00316138
  0.970746   0.385911   0.100441   0.707084  0.0668601  0.0696639 0.00316138
  0.970746   0.385911   0.100441   0.707084  0.0668601  0.0696639 0.00316138
  0.972497   0.384628   0.100406   0.707093  0.0668307  0.0696668 0.00315989
  0.972497   0.384628   0.100406   0.707093  0.0668307  0.0696668 0.00315989
  0.973056   0.383747   0.100406   0.707093  0.0668307  0.0696668 0.00315987
  0.973056   0.383747   0.100406   0.707093  0.0668307  0.0696668 0.00315987
  0.973056   0.383747   0.100406   0.707093  0.0668307  0.0696668 0.00315987
  0.973056   0.383747   0.100406   0.707093  0.0668307  0.0696668 0.00315987
  0.973056   0.383747   0.100406   0.707093  0.0668307  0.0696668 0.00315987
  0.973056   0.383747   0.100406   0.707093  0.0668307  0.0696668 0.00315987
  0.973056   0.383747   0.100406   0.707093  0.0668307  0.0696668 0.00315987
  0.973056   0.383747   0.100406   0.707093  0.0668307  0.0696668 0.00315987
  0.973056   0.383747   0.100406   0.707093  0.0668307  0.0696668 0.00315987
  0.973056   0.383747   0.100406   0.707093  0.0668307  0.0696668 0.00315987
  0.973056   0.383747   0.100406   0.707093  0.0668307  0.0696668 0.00315987
  0.973056   0.383747   0.100406   0.707093  0.0668307  0.0696668 0.00315987
  0.973056   0.383747   0.100406   0.707093  0.0668307  0.0696668 0.00315987
  0.973056   0.383747   0.100406   0.707093  0.0668307  0.0696668 0.00315987
  0.973056   0.383747   0.100406   0.707093  0.0668307  0.0696668 0.00315987
  0.973056   0.383747   0.100406   0.707093  0.0668307  0.0696668 0.00315987
  0.973056   0.383747   0.100406   0.707093  0.0668307  0.0696668 0.00315987
  0.973056   0.383747   0.100406   0.707093  0.0668307  0.0696668 0.00315987
  0.973056   0.383747   0.100406   0.707093  0.0668307  0.0696668 0.00315987
  0.973056   0.383747   0.100406   0.707093  0.0668307  0.0696668 0.00315987
  0.973056   0.383747   0.100406   0.707093  0.0668307  0.0696668 0.00315987
  0.973668   0.383685   0.100406   0.707092   0.066831  0.0696666 0.00315986
  0.973668   0.383685   0.100406   0.707092   0.066831  0.0696666 0.00315986
  0.973668   0.383685   0.100406   0.707092   0.066831  0.0696666 0.00315986
  0.973668   0.383685   0.100406   0.707092   0.066831  0.0696666 0.00315986
  0.973668   0.383685   0.100406   0.707092   0.066831  0.0696666 0.00315986
  0.973668   0.383685   0.100406   0.707092   0.066831  0.0696666 0.00315986
  0.973668   0.383685   0.100406   0.707092   0.066831  0.0696666 0.00315986
  0.973668   0.383685   0.100406   0.707092   0.066831  0.0696666 0.00315986
  0.973668   0.383685   0.100406   0.707092   0.066831  0.0696666 0.00315986
  0.980275   0.386615   0.100392   0.707071  0.0668306  0.0696772 0.00315886
  0.980275   0.386615   0.100392   0.707071  0.0668306  0.0696772 0.00315886
  0.980275   0.386615   0.100392   0.707071  0.0668306  0.0696772 0.00315886
  0.980275   0.386615   0.100392   0.707071  0.0668306  0.0696772 0.00315886
  0.980275   0.386615   0.100392   0.707071  0.0668306  0.0696772 0.00315886
  0.980275   0.386615   0.100392   0.707071  0.0668306  0.0696772 0.00315886
  0.980275   0.386615   0.100392   0.707071  0.0668306  0.0696772 0.00315886
  0.980275   0.386615   0.100392   0.707071  0.0668306  0.0696772 0.00315886
  0.980275   0.386615   0.100392   0.707071  0.0668306  0.0696772 0.00315886
  0.980275   0.386615   0.100392   0.707071  0.0668306  0.0696772 0.00315886
  0.980275   0.386615   0.100392   0.707071  0.0668306  0.0696772 0.00315886
  0.980275   0.386615   0.100392   0.707071  0.0668306  0.0696772 0.00315886
  0.980275   0.386615   0.100392   0.707071  0.0668306  0.0696772 0.00315886
  0.980275   0.386615   0.100392   0.707071  0.0668306  0.0696772 0.00315886
  0.991287   0.389582   0.100318    0.70723  0.0667838  0.0697411 0.00315842
  0.991287   0.389582   0.100318    0.70723  0.0667838  0.0697411 0.00315842
  0.991287   0.389582   0.100318    0.70723  0.0667838  0.0697411 0.00315842
  0.991287   0.389582   0.100318    0.70723  0.0667838  0.0697411 0.00315842
  0.990324    0.39126   0.100315   0.707241  0.0667895  0.0697262 0.00315823
  0.990324    0.39126   0.100315   0.707241  0.0667895  0.0697262 0.00315823
  0.989057   0.392558    0.10033   0.707217  0.0667963  0.0697165 0.00315788
  0.989057   0.392558    0.10033   0.707217  0.0667963  0.0697165 0.00315788
  0.989057   0.392558    0.10033   0.707217  0.0667963  0.0697165 0.00315788
  0.985703   0.394628   0.100381   0.707376  0.0667195  0.0696761 0.00315403
  0.990217   0.391385   0.100366   0.706789  0.0663983  0.0698728 0.00315128
  0.990217   0.391385   0.100366   0.706789  0.0663983  0.0698728 0.00315128
  0.990217   0.391385   0.100366   0.706789  0.0663983  0.0698728 0.00315128
   0.99092   0.395004   0.100385   0.706782  0.0664266  0.0698481 0.00315015
   0.99092   0.395004   0.100385   0.706782  0.0664266  0.0698481 0.00315015
  0.991874   0.394326   0.100385   0.706782  0.0664266  0.0698481 0.00314942
  0.991874   0.394326   0.100385   0.706782  0.0664266  0.0698481 0.00314942
  0.988977   0.393157   0.100594   0.706985   0.066438  0.0698471  0.0031404
  0.988977   0.393157   0.100594   0.706985   0.066438  0.0698471  0.0031404
  0.988977   0.393157   0.100594   0.706985   0.066438  0.0698471  0.0031404
  0.988977   0.393157   0.100594   0.706985   0.066438  0.0698471  0.0031404
  0.988977   0.393157   0.100594   0.706985   0.066438  0.0698471  0.0031404
  0.988977   0.393157   0.100594   0.706985   0.066438  0.0698471  0.0031404
  0.988977   0.393157   0.100594   0.706985   0.066438  0.0698471  0.0031404
  0.988977   0.393157   0.100594   0.706985   0.066438  0.0698471  0.0031404
  0.988977   0.393157   0.100594   0.706985   0.066438  0.0698471  0.0031404
  0.988977   0.393157   0.100594   0.706985   0.066438  0.0698471  0.0031404
  0.988977   0.393157   0.100594   0.706985   0.066438  0.0698471  0.0031404
  0.988977   0.393157   0.100594   0.706985   0.066438  0.0698471  0.0031404
  0.990459   0.394168   0.100519    0.70694  0.0664002  0.0698225 0.00314031
  0.990459   0.394168   0.100519    0.70694  0.0664002  0.0698225 0.00314031
  0.990459   0.394168   0.100519    0.70694  0.0664002  0.0698225 0.00314031
  0.992167   0.392881   0.100564   0.706964  0.0664235  0.0698386  0.0031401
  0.992167   0.392881   0.100564   0.706964  0.0664235  0.0698386  0.0031401
  0.992167   0.392881   0.100564   0.706964  0.0664235  0.0698386  0.0031401
  0.992334   0.393194   0.100555   0.706992  0.0663966  0.0698585 0.00313855
  0.992334   0.393194   0.100555   0.706992  0.0663966  0.0698585 0.00313855
  0.992334   0.393194   0.100555   0.706992  0.0663966  0.0698585 0.00313855
  0.992334   0.393194   0.100555   0.706992  0.0663966  0.0698585 0.00313855
  0.992334   0.393194   0.100555   0.706992  0.0663966  0.0698585 0.00313855
  0.992401   0.394095   0.100554   0.706989  0.0663986  0.0698581 0.00313851
   0.99235   0.392944   0.100545   0.706973  0.0663851  0.0698643 0.00313842
   0.99235   0.392944   0.100545   0.706973  0.0663851  0.0698643 0.00313842
  0.982474   0.402628   0.100972   0.707312   0.065535   0.070438 0.00312042
  0.982474   0.402628   0.100972   0.707312   0.065535   0.070438 0.00312042
  0.978168   0.399877   0.101077   0.707397  0.0653105  0.0705888 0.00311503
  0.978168   0.399877   0.101077   0.707397  0.0653105  0.0705888 0.00311503
  0.978168   0.399877   0.101077   0.707397  0.0653105  0.0705888 0.00311503
  0.978168   0.399877   0.101077   0.707397  0.0653105  0.0705888 0.00311503
  0.978168   0.399877   0.101077   0.707397  0.0653105  0.0705888 0.00311503
  0.978168   0.399877   0.101077   0.707397  0.0653105  0.0705888 0.00311503
  0.978168   0.399877   0.101077   0.707397  0.0653105  0.0705888 0.00311503
  0.985901   0.391055   0.100829   0.707191  0.0657979   0.070245 0.00311488
  0.985901   0.391055   0.100829   0.707191  0.0657979   0.070245 0.00311488
  0.989602   0.389065   0.100924   0.707253  0.0656441   0.070335 0.00311026
  0.989602   0.389065   0.100924   0.707253  0.0656441   0.070335 0.00311026
   0.99006   0.394586   0.100924   0.707253  0.0656441   0.070335 0.00310858
   0.99006   0.394586   0.100924   0.707253  0.0656441   0.070335 0.00310858
   0.99006   0.394586   0.100924   0.707253  0.0656441   0.070335 0.00310858
   0.99006   0.394586   0.100924   0.707253  0.0656441   0.070335 0.00310858
   0.99006   0.394586   0.100924   0.707253  0.0656441   0.070335 0.00310858
   0.99006   0.394586   0.100924   0.707253  0.0656441   0.070335 0.00310858
   0.99006   0.394586   0.100924   0.707253  0.0656441   0.070335 0.00310858
  0.990029   0.391533   0.101019   0.707385  0.0655771  0.0703113 0.00310743
  0.990029   0.391533   0.101019   0.707385  0.0655771  0.0703113 0.00310743
  0.990029   0.391533   0.101019   0.707385  0.0655771  0.0703113 0.00310646
  0.990029   0.391533   0.101019   0.707385  0.0655771  0.0703113 0.00310646
  0.990029   0.391533   0.101019   0.707385  0.0655771  0.0703113 0.00310646
  0.990029   0.391533   0.101019   0.707385  0.0655771  0.0703113 0.00310646
  0.990029   0.391533   0.101019   0.707385  0.0655771  0.0703113 0.00310646
  0.990029   0.391533   0.101019   0.707385  0.0655771  0.0703113 0.00310646
  0.990029   0.391533   0.101019   0.707385  0.0655771  0.0703113 0.00310646
  0.990029   0.391533   0.101019   0.707385  0.0655771  0.0703113 0.00310646
  0.990557   0.391877   0.100683   0.707905  0.0655989  0.0699658 0.00310599
  0.991604   0.392918   0.100683   0.707905  0.0655989  0.0699658 0.00310558
  0.991604   0.392918   0.100683   0.707905  0.0655989  0.0699658 0.00310558
  0.991604   0.392918   0.100683   0.707905  0.0655989  0.0699658 0.00310558
  0.991604   0.392918   0.100683   0.707905  0.0655989  0.0699658 0.00310558
  0.991604   0.392918   0.100683   0.707905  0.0655989  0.0699658 0.00310558
  0.990364   0.393974   0.100678   0.707903  0.0656079  0.0699679 0.00310537
  0.987995   0.391177   0.100696   0.707844  0.0652923  0.0698783 0.00310262
  0.987995   0.391177   0.100696   0.707844  0.0652923  0.0698783 0.00310262
  0.987995   0.391177   0.100696   0.707844  0.0652923  0.0698783 0.00310262
  0.987995   0.391177   0.100696   0.707844  0.0652923  0.0698783 0.00310262
  0.989286   0.394902    0.10128   0.707898  0.0646855  0.0704496 0.00308529
  0.989286   0.394902    0.10128   0.707898  0.0646855  0.0704496 0.00308529
  0.989286   0.394902    0.10128   0.707898  0.0646855  0.0704496 0.00308529
  0.989286   0.394902    0.10128   0.707898  0.0646855  0.0704496 0.00308529
  0.989286   0.394902    0.10128   0.707898  0.0646855  0.0704496 0.00308529
  0.989033   0.395846   0.101216   0.707889  0.0647471   0.070387 0.00308512
  0.989033   0.395846   0.101216   0.707889  0.0647471   0.070387 0.00308512
  0.989033   0.395846   0.101216   0.707889  0.0647471   0.070387 0.00308512
  0.989033   0.395846   0.101216   0.707889  0.0647471   0.070387 0.00308512
  0.989033   0.395846   0.101216   0.707889  0.0647471   0.070387 0.00308512
  0.989033   0.395846   0.101216   0.707889  0.0647471   0.070387 0.00308512
  0.989033   0.395846   0.101216   0.707889  0.0647471   0.070387 0.00308512
  0.986698   0.399032    0.10095   0.708628  0.0632113  0.0705799  0.0030428
  0.986698   0.399032    0.10095   0.708628  0.0632113  0.0705799  0.0030428
  0.987298   0.390807   0.100983   0.708539  0.0633991  0.0705563 0.00304087
  0.991291   0.394805   0.100983   0.708539  0.0633991  0.0705563  0.0030399
  0.991291   0.394805   0.100983   0.708539  0.0633991  0.0705563  0.0030399
  0.991391   0.398803   0.101052   0.708413  0.0635616  0.0704672 0.00303838
  0.991391   0.398803   0.101052   0.708413  0.0635616  0.0704672 0.00303838
  0.991391   0.398803   0.101052   0.708413  0.0635616  0.0704672 0.00303838
  0.991391   0.398803   0.101052   0.708413  0.0635616  0.0704672 0.00303838
  0.988856   0.399054   0.100996    0.70853  0.0633705  0.0705287 0.00303821
  0.986382   0.399252   0.101021   0.708471  0.0633752  0.0705192 0.00303793
  0.986382   0.399252   0.101021   0.708471  0.0633752  0.0705192 0.00303793
  0.988252   0.392079   0.101068   0.708461  0.0634269   0.070486 0.00303566
  0.988252   0.392079   0.101068   0.708461  0.0634269   0.070486 0.00303566
  0.988252   0.392079   0.101068   0.708461  0.0634269   0.070486 0.00303566
  0.988252   0.392079   0.101068   0.708461  0.0634269   0.070486 0.00303566
  0.987235   0.397832   0.101064   0.708462  0.0634348  0.0704903 0.00303546
  0.987235   0.397832   0.101064   0.708462  0.0634348  0.0704903 0.00303546
  0.987235   0.397832   0.101064   0.708462  0.0634348  0.0704903 0.00303546
  0.987235   0.397832   0.101064   0.708462  0.0634348  0.0704903 0.00303546
  0.987235   0.397832   0.101064   0.708462  0.0634348  0.0704903 0.00303546
  0.987235   0.397832   0.101064   0.708462  0.0634348  0.0704903 0.00303546
  0.987576   0.393554   0.101046   0.708457  0.0634137  0.0704959 0.00303513
  0.987576   0.393554   0.101046   0.708457  0.0634137  0.0704959 0.00303513
  0.987576   0.393554   0.101046   0.708457  0.0634137  0.0704959 0.00303513
  0.990355   0.395722   0.101054   0.708455  0.0634181  0.0704953 0.00303456
  0.990355   0.395722   0.101054   0.708455  0.0634181  0.0704953 0.00303456
  0.990355   0.395722   0.101054   0.708455  0.0634181  0.0704953 0.00303456
  0.990355   0.395722   0.101054   0.708455  0.0634181  0.0704953 0.00303456
  0.990355   0.395722   0.101054   0.708455  0.0634181  0.0704953 0.00303456
  0.990355   0.395722   0.101054   0.708455  0.0634181  0.0704953 0.00303456
  0.990355   0.395722   0.101054   0.708455  0.0634181  0.0704953 0.00303456
  0.990355   0.395722   0.101054   0.708455  0.0634181  0.0704953 0.00303456
  0.990355   0.395722   0.101054   0.708455  0.0634181  0.0704953 0.00303456
  0.990355   0.395722   0.101054   0.708455  0.0634181  0.0704953 0.00303456
  0.990355   0.395722   0.101054   0.708455  0.0634181  0.0704953 0.00303456
  0.990355   0.395722   0.101054   0.708455  0.0634181  0.0704953 0.00303456
  0.990355   0.395722   0.101054   0.708455  0.0634181  0.0704953 0.00303456
  0.990355   0.395722   0.101054   0.708455  0.0634181  0.0704953 0.00303456
  0.990355   0.395722   0.101054   0.708455  0.0634181  0.0704953 0.00303456
  0.990355   0.395722   0.101054   0.708455  0.0634181  0.0704953 0.00303456
  0.990355   0.395722   0.101054   0.708455  0.0634181  0.0704953 0.00303456
  0.990355   0.395722   0.101054   0.708455  0.0634181  0.0704953 0.00303456
  0.993078   0.387834   0.101143   0.709184  0.0627245  0.0707738 0.00302701
  0.988787   0.389157   0.101208   0.709038  0.0630297  0.0705785 0.00302569
  0.982489   0.393503    0.10121   0.708962  0.0629556  0.0706284 0.00301941
  0.982489   0.393503    0.10121   0.708962  0.0629556  0.0706284 0.00301941
  0.982489   0.393503    0.10121   0.708962  0.0629556  0.0706284 0.00301941
  0.982489   0.393503    0.10121   0.708962  0.0629556  0.0706284 0.00301941
  0.987527   0.398431   0.101227   0.708934  0.0629544  0.0706444  0.0030194
  0.987527   0.398431   0.101227   0.708934  0.0629544  0.0706444  0.0030194
  0.987527   0.398431   0.101227   0.708934  0.0629544  0.0706444  0.0030194
  0.987527   0.398431   0.101227   0.708934  0.0629544  0.0706444  0.0030194
  0.987527   0.398431   0.101227   0.708934  0.0629544  0.0706444  0.0030194
  0.987527   0.398431   0.101227   0.708934  0.0629544  0.0706444  0.0030194
  0.987527   0.398431   0.101227   0.708934  0.0629544  0.0706444  0.0030194
  0.986754    0.39659   0.101225   0.708937  0.0629545  0.0706428 0.00301922
  0.986754    0.39659   0.101225   0.708937  0.0629545  0.0706428 0.00301922
  0.986754    0.39659   0.101225   0.708937  0.0629545  0.0706428 0.00301922
  0.986754    0.39659   0.101225   0.708937  0.0629545  0.0706428 0.00301922
  0.986958   0.396407   0.101216   0.708899  0.0629288  0.0705685 0.00301827
  0.987023    0.39698   0.101216   0.708899  0.0629288  0.0705685 0.00301822
  0.987023    0.39698   0.101216   0.708899  0.0629288  0.0705685 0.00301822
  0.987023    0.39698   0.101216   0.708899  0.0629288  0.0705685 0.00301822
  0.987023    0.39698   0.101216   0.708899  0.0629288  0.0705685 0.00301822
  0.987023    0.39698   0.101216   0.708899  0.0629288  0.0705685 0.00301822
  0.987023    0.39698   0.101216   0.708899  0.0629288  0.0705685 0.00301822
  0.987023    0.39698   0.101216   0.708899  0.0629288  0.0705685 0.00301822
  0.987023    0.39698   0.101216   0.708899  0.0629288  0.0705685 0.00301822
  0.987023    0.39698   0.101216   0.708899  0.0629288  0.0705685 0.00301822
  0.987023    0.39698   0.101216   0.708899  0.0629288  0.0705685 0.00301822
  0.987023    0.39698   0.101216   0.708899  0.0629288  0.0705685 0.00301822
  0.987023    0.39698   0.101216   0.708899  0.0629288  0.0705685 0.00301822
  0.987023    0.39698   0.101216   0.708899  0.0629288  0.0705685 0.00301822
  0.987023    0.39698   0.101216   0.708899  0.0629288  0.0705685 0.00301822
   0.98991    0.41009   0.102545   0.713593  0.0593271  0.0718101 0.00296494
   0.98991    0.41009   0.102545   0.713593  0.0593271  0.0718101 0.00296494
   0.98991    0.41009   0.102545   0.713593  0.0593271  0.0718101 0.00296494
  0.990882    0.39862   0.101877    0.71218  0.0597843  0.0713178  0.0029334
  0.990882    0.39862   0.101877    0.71218  0.0597843  0.0713178  0.0029334
    0.9912   0.400137   0.101877    0.71218  0.0597843  0.0713178 0.00293241
    0.9912   0.400137   0.101877    0.71218  0.0597843  0.0713178 0.00293241
    0.9912   0.400137   0.101877    0.71218  0.0597843  0.0713178 0.00293241
   0.99094   0.399712   0.101641   0.712211  0.0599099  0.0711859 0.00292793
   0.99094   0.399712   0.101641   0.712211  0.0599099  0.0711859 0.00292793
   0.99094   0.399712   0.101641   0.712211  0.0599099  0.0711859 0.00292793
   0.99094   0.399712   0.101641   0.712211  0.0599099  0.0711859 0.00292793
   0.99094   0.399712   0.101641   0.712211  0.0599099  0.0711859 0.00292793
   0.99094   0.399712   0.101641   0.712211  0.0599099  0.0711859 0.00292793
   0.99094   0.399712   0.101641   0.712211  0.0599099  0.0711859 0.00292793
   0.99094   0.399712   0.101641   0.712211  0.0599099  0.0711859 0.00292793
  0.992693   0.406248   0.101627   0.712259  0.0599038  0.0711731 0.00292754
  0.993343   0.403946   0.101633    0.71224  0.0599059  0.0711779 0.00292687
  0.993343   0.403946   0.101633    0.71224  0.0599059  0.0711779 0.00292687
  0.993343   0.403946   0.101633    0.71224  0.0599059  0.0711779 0.00292687
  0.993343   0.403946   0.101633    0.71224  0.0599059  0.0711779 0.00292687
  0.993343   0.403946   0.101633    0.71224  0.0599059  0.0711779 0.00292687
  0.993276   0.402203   0.101629   0.712237  0.0599059  0.0711762 0.00292684
  0.993276   0.402203   0.101629   0.712237  0.0599059  0.0711762 0.00292684
  0.994731   0.411692   0.101834   0.713697  0.0596795   0.071221 0.00291783
  0.994739   0.411646   0.101834   0.713697  0.0596795   0.071221  0.0029178
  0.995197    0.41014   0.101834   0.713697  0.0596795   0.071221 0.00291674
  0.995197    0.41014   0.101834   0.713697  0.0596795   0.071221 0.00291674
  0.994587   0.407903    0.10176   0.713488  0.0595036  0.0710409 0.00291108
  0.993347   0.406162   0.101567   0.713208  0.0593489  0.0711844 0.00290964
  0.993347   0.406162   0.101567   0.713208  0.0593489  0.0711844 0.00290964
  0.994619   0.407413   0.101682   0.713419  0.0594916  0.0712002 0.00290935
  0.994619   0.407413   0.101682   0.713419  0.0594916  0.0712002 0.00290935
  0.994499    0.40561   0.101682   0.713419  0.0594916  0.0712002  0.0029089
  0.995053   0.407855   0.101708   0.713428  0.0594944  0.0711625 0.00290795
  0.995053   0.407855   0.101708   0.713428  0.0594944  0.0711625 0.00290795
  0.994058   0.401908   0.101528   0.713733  0.0595916  0.0710025  0.0029036
   0.99442   0.405715   0.101539   0.713345  0.0595084  0.0709802 0.00290255
   0.99442   0.405715   0.101539   0.713345  0.0595084  0.0709802 0.00290255
   0.99442   0.405715   0.101539   0.713345  0.0595084  0.0709802 0.00290255
   0.99442   0.405715   0.101539   0.713345  0.0595084  0.0709802 0.00290255
   0.99442   0.405715   0.101539   0.713345  0.0595084  0.0709802 0.00290255
   0.99442   0.405715   0.101539   0.713345  0.0595084  0.0709802 0.00290255
   0.99442   0.405715   0.101539   0.713345  0.0595084  0.0709802 0.00290255
  0.994628   0.403544   0.101468   0.713143  0.0594572  0.0709628 0.00290217
  0.991067   0.401097   0.101163   0.713383  0.0595731  0.0705994  0.0028993
  0.991067   0.401097   0.101163   0.713383  0.0595731  0.0705994  0.0028993
  0.991067   0.401097   0.101163   0.713383  0.0595731  0.0705994  0.0028993
   0.99145   0.403774   0.101322   0.715591  0.0596086  0.0707542 0.00288814
   0.99145   0.403774   0.101322   0.715591  0.0596086  0.0707542 0.00288814
   0.99145   0.403774   0.101322   0.715591  0.0596086  0.0707542 0.00288814
   0.99145   0.403774   0.101322   0.715591  0.0596086  0.0707542 0.00288814
     0.994   0.400324   0.101051   0.716026  0.0594705  0.0706093 0.00288749
     0.994   0.400324   0.101051   0.716026  0.0594705  0.0706093 0.00288749
     0.994   0.400324   0.101051   0.716026  0.0594705  0.0706093 0.00288749
     0.994   0.400324   0.101051   0.716026  0.0594705  0.0706093 0.00288749
  0.992548   0.403759   0.101116   0.715877  0.0594998  0.0706413 0.00288645
  0.992548   0.403759   0.101116   0.715877  0.0594998  0.0706413 0.00288645
  0.992548   0.403759   0.101116   0.715877  0.0594998  0.0706413 0.00288645
  0.992548   0.403759   0.101116   0.715877  0.0594998  0.0706413 0.00288645
  0.992548   0.403759   0.101116   0.715877  0.0594998  0.0706413 0.00288645
  0.992548   0.403759   0.101116   0.715877  0.0594998  0.0706413 0.00288645
  0.993699   0.404036   0.101111   0.715879  0.0595065  0.0706348  0.0028864
  0.988463   0.398756   0.101074   0.715683  0.0594895   0.070542 0.00288604
  0.986502   0.399474   0.100839   0.716157   0.059394  0.0702063   0.002884
  0.986668   0.399544   0.100855   0.716123  0.0593989  0.0702305  0.0028838
  0.987537   0.399433   0.100939   0.716109  0.0594087  0.0703531 0.00288238
  0.987537   0.399433   0.100939   0.716109  0.0594087  0.0703531 0.00288238
  0.987537   0.399433   0.100939   0.716109  0.0594087  0.0703531 0.00288238
  0.990956   0.402452   0.100981   0.715963  0.0594312  0.0703922 0.00288233
  0.990464   0.400981   0.101001   0.716015  0.0594261  0.0704309 0.00288213
  0.990464   0.400981   0.101001   0.716015  0.0594261  0.0704309 0.00288213
  0.990936   0.402418   0.100999   0.716013  0.0594265  0.0704304 0.00288194
  0.990936   0.402418   0.100999   0.716013  0.0594265  0.0704304 0.00288194
  0.991037   0.402047   0.101131   0.715869   0.059348  0.0706081 0.00288064
  0.991037   0.402047   0.101131   0.715869   0.059348  0.0706081 0.00288064
  0.991037   0.402047   0.101131   0.715869   0.059348  0.0706081 0.00288064
  0.991037   0.402047   0.101131   0.715869   0.059348  0.0706081 0.00288064
  0.991037   0.402047   0.101131   0.715869   0.059348  0.0706081 0.00288064
  0.991487   0.405648   0.101321   0.715781  0.0592149  0.0707326 0.00287678
  0.991487   0.405648   0.101321   0.715781  0.0592149  0.0707326 0.00287678
  0.994825   0.400551   0.101144   0.715857   0.059047  0.0704454 0.00287563
  0.994825   0.400551   0.101144   0.715857   0.059047  0.0704454 0.00287563
   0.99378   0.407367   0.101187   0.715839    0.05911  0.0705274 0.00287313
   0.99575   0.406267   0.101187   0.715839    0.05911  0.0705274 0.00287292
   0.99575   0.406267   0.101187   0.715839    0.05911  0.0705274 0.00287292
   0.99575   0.406267   0.101187   0.715839    0.05911  0.0705274 0.00287292
   0.99575   0.406267   0.101187   0.715839    0.05911  0.0705274 0.00287292
   0.99575   0.406267   0.101187   0.715839    0.05911  0.0705274 0.00287292
   0.99575   0.406267   0.101187   0.715839    0.05911  0.0705274 0.00287292
  0.995705   0.396676   0.101016   0.717375   0.058573  0.0702469  0.0028683
  0.990347   0.402255   0.101059   0.716949  0.0587255  0.0703212 0.00286187
  0.990347   0.402255   0.101059   0.716949  0.0587255  0.0703212 0.00286187
  0.990347   0.402255   0.101059   0.716949  0.0587255  0.0703212 0.00286187
  0.990347   0.402255   0.101059   0.716949  0.0587255  0.0703212 0.00286187
  0.990347   0.402255   0.101059   0.716949  0.0587255  0.0703212 0.00286187
  0.991892   0.402933   0.101648   0.719674  0.0581676  0.0708398 0.00284632
  0.990835   0.402332   0.101846    0.71867  0.0561898  0.0715828 0.00281889
  0.990835   0.402332   0.101846    0.71867  0.0561898  0.0715828 0.00281889
  0.991003   0.402054   0.101969    0.71854   0.056201  0.0715861 0.00281537
  0.991003   0.402054   0.101969    0.71854   0.056201  0.0715861 0.00281537
  0.991003   0.402054   0.101969    0.71854   0.056201  0.0715861 0.00281537
  0.990694   0.404223   0.101916   0.718653  0.0561803  0.0715486 0.00281146
  0.991338   0.409117   0.101916   0.718653  0.0561803  0.0715486 0.00281136
   0.99108   0.404938   0.101835   0.718508  0.0561676  0.0714236 0.00280524
   0.99108   0.404938   0.101835   0.718508  0.0561676  0.0714236 0.00280524
  0.989867   0.405924   0.101835   0.718508  0.0561676  0.0714236 0.00280499
  0.989937   0.406827   0.101835   0.718508  0.0561676  0.0714236 0.00280497
  0.989937   0.406827   0.101835   0.718508  0.0561676  0.0714236 0.00280497
  0.990735   0.410354   0.101808   0.718382  0.0561029  0.0712252 0.00279696
   0.99076   0.410207   0.101808   0.718382  0.0561029  0.0712252 0.00279693
   0.99076   0.410207   0.101808   0.718382  0.0561029  0.0712252 0.00279693
   0.99076   0.410207   0.101808   0.718382  0.0561029  0.0712252 0.00279693
   0.99076   0.410207   0.101808   0.718382  0.0561029  0.0712252 0.00279693
   0.99076   0.410207   0.101808   0.718382  0.0561029  0.0712252 0.00279693
   0.99076   0.410207   0.101808   0.718382  0.0561029  0.0712252 0.00279693
   0.99076   0.410207   0.101808   0.718382  0.0561029  0.0712252 0.00279693
  0.991249   0.407781   0.101491   0.718163  0.0560263  0.0709279 0.00278802
  0.991249   0.407781   0.101491   0.718163  0.0560263  0.0709279 0.00278802
  0.991249   0.407781   0.101491   0.718163  0.0560263  0.0709279 0.00278802
  0.991249   0.407781   0.101491   0.718163  0.0560263  0.0709279 0.00278802
  0.991249   0.407781   0.101491   0.718163  0.0560263  0.0709279 0.00278802
  0.991506   0.408101   0.101528   0.718259  0.0559642  0.0710131 0.00278768
  0.991506   0.408101   0.101528   0.718259  0.0559642  0.0710131 0.00278768
  0.991506   0.408101   0.101528   0.718259  0.0559642  0.0710131 0.00278768
  0.991506   0.408101   0.101528   0.718259  0.0559642  0.0710131 0.00278768
  0.991639   0.410195   0.101539   0.718245  0.0559625  0.0710025 0.00278755
   0.99084   0.412215   0.101464    0.71819  0.0559281  0.0709297 0.00278729
  0.990906   0.411191   0.101489   0.718208  0.0559393  0.0709535 0.00278708
  0.986475   0.407972   0.101435   0.718993   0.055776  0.0707917 0.00277776
  0.986475   0.407972   0.101435   0.718993   0.055776  0.0707917 0.00277776
  0.986475   0.407972   0.101435   0.718993   0.055776  0.0707917 0.00277776
  0.986475   0.407972   0.101435   0.718993   0.055776  0.0707917 0.00277776
  0.988383   0.408821   0.101425   0.719049  0.0557525  0.0707468 0.00277733
  0.988383   0.408821   0.101425   0.719049  0.0557525  0.0707468 0.00277733
  0.987716   0.410299   0.101374   0.719118  0.0557225   0.070733 0.00277583
  0.987716   0.410299   0.101374   0.719118  0.0557225   0.070733 0.00277583
  0.987716   0.410299   0.101374   0.719118  0.0557225   0.070733 0.00277583
  0.987716   0.410299   0.101374   0.719118  0.0557225   0.070733 0.00277583
  0.987716   0.410299   0.101374   0.719118  0.0557225   0.070733 0.00277583
  0.987716   0.410299   0.101374   0.719118  0.0557225   0.070733 0.00277583
  0.987716   0.410299   0.101374   0.719118  0.0557225   0.070733 0.00277583
  0.987716   0.410299   0.101374   0.719118  0.0557225   0.070733 0.00277583
  0.987716   0.410299   0.101374   0.719118  0.0557225   0.070733 0.00277583
  0.986563   0.407252   0.101206   0.719248  0.0555868   0.070574 0.00277203
  0.986848    0.40668   0.101199   0.719347  0.0555964  0.0706196 0.00277184
  0.986848    0.40668   0.101199   0.719347  0.0555964  0.0706196 0.00277184
  0.986848    0.40668   0.101199   0.719347  0.0555964  0.0706196 0.00277184
  0.986848    0.40668   0.101199   0.719347  0.0555964  0.0706196 0.00277184
   0.98983   0.409156   0.101201   0.719344   0.055598  0.0706207 0.00277171
  0.989488   0.407917   0.101202   0.719313  0.0555943  0.0706055 0.00277153
  0.989488   0.407917   0.101202   0.719313  0.0555943  0.0706055 0.00277153
  0.989488   0.407917   0.101202   0.719313  0.0555943  0.0706055 0.00277153
  0.989488   0.407917   0.101202   0.719313  0.0555943  0.0706055 0.00277153
  0.989488   0.407917   0.101202   0.719313  0.0555943  0.0706055 0.00277153
  0.989488   0.407917   0.101202   0.719313  0.0555943  0.0706055 0.00277153
  0.989488   0.407917   0.101202   0.719313  0.0555943  0.0706055 0.00277153
  0.989488   0.407917   0.101202   0.719313  0.0555943  0.0706055 0.00277153
  0.989488   0.407917   0.101202   0.719313  0.0555943  0.0706055 0.00277153
   0.98982   0.409429   0.101265   0.719381  0.0555632  0.0706117 0.00277044
   0.98982   0.409429   0.101265   0.719381  0.0555632  0.0706117 0.00277044
   0.98982   0.409429   0.101265   0.719381  0.0555632  0.0706117 0.00277044
   0.98982   0.409429   0.101265   0.719381  0.0555632  0.0706117 0.00277044
   0.98982   0.409429   0.101265   0.719381  0.0555632  0.0706117 0.00277044
   0.98982   0.409429   0.101265   0.719381  0.0555632  0.0706117 0.00277044
   0.98982   0.409429   0.101265   0.719381  0.0555632  0.0706117 0.00277044
  0.989391   0.400928    0.10022    0.75031  0.0551164  0.0692955 0.00273133
   0.98904   0.403857   0.100815     0.7375  0.0551329  0.0700369 0.00270723
  0.984875   0.410284   0.100815     0.7375  0.0551329  0.0700369 0.00270124
  0.989052   0.411926   0.100553   0.742171  0.0550817  0.0698124 0.00269647
  0.987608   0.411206   0.101141   0.741792  0.0538675  0.0705177 0.00264468
  0.987608   0.411206   0.101141   0.741792  0.0538675  0.0705177 0.00264468
  0.987608   0.411206   0.101141   0.741792  0.0538675  0.0705177 0.00264468
  0.987608   0.411206   0.101141   0.741792  0.0538675  0.0705177 0.00264468
  0.987641   0.411423   0.101141   0.741792  0.0538675  0.0705177 0.00264461
  0.987641   0.411423   0.101141   0.741792  0.0538675  0.0705177 0.00264461
  0.987641   0.411423   0.101141   0.741792  0.0538675  0.0705177 0.00264461
  0.987641   0.411423   0.101141   0.741792  0.0538675  0.0705177 0.00264461
  0.987641   0.411423   0.101141   0.741792  0.0538675  0.0705177 0.00264461
  0.987641   0.411423   0.101141   0.741792  0.0538675  0.0705177 0.00264461
    0.9885   0.414391   0.101135     0.7418  0.0538673  0.0705503 0.00264438
    0.9885   0.414391   0.101135     0.7418  0.0538673  0.0705503 0.00264438
  0.986847   0.415194   0.101263   0.741898  0.0536137  0.0707319 0.00263775
  0.986847   0.415194   0.101263   0.741898  0.0536137  0.0707319 0.00263775
  0.986847   0.415194   0.101263   0.741898  0.0536137  0.0707319 0.00263775
  0.986847   0.415194   0.101263   0.741898  0.0536137  0.0707319 0.00263775
  0.987109    0.41423   0.101365   0.741923  0.0536141  0.0707282 0.00263509
  0.987109    0.41423   0.101365   0.741923  0.0536141  0.0707282 0.00263509
  0.987109    0.41423   0.101365   0.741923  0.0536141  0.0707282 0.00263509
  0.987109    0.41423   0.101365   0.741923  0.0536141  0.0707282 0.00263509
  0.987109    0.41423   0.101365   0.741923  0.0536141  0.0707282 0.00263509
  0.987109    0.41423   0.101365   0.741923  0.0536141  0.0707282 0.00263509
  0.987109    0.41423   0.101365   0.741923  0.0536141  0.0707282 0.00263509
  0.988246   0.415308   0.101354   0.741922  0.0536125  0.0707264 0.00263503
  0.988246   0.415308   0.101354   0.741922  0.0536125  0.0707264 0.00263503
  0.988246   0.415308   0.101354   0.741922  0.0536125  0.0707264 0.00263458
  0.988246   0.415308   0.101354   0.741922  0.0536125  0.0707264 0.00263458
  0.988246   0.415308   0.101354   0.741922  0.0536125  0.0707264 0.00263458
  0.988246   0.415308   0.101354   0.741922  0.0536125  0.0707264 0.00263458
  0.988246   0.415308   0.101354   0.741922  0.0536125  0.0707264 0.00263458
  0.989299   0.415567   0.101319   0.741923  0.0535995  0.0707079 0.00263457
  0.989299   0.415567   0.101319   0.741923  0.0535995  0.0707079 0.00263457
  0.989795   0.416421   0.101336   0.741922  0.0536029  0.0707085 0.00263456
  0.989795   0.416421   0.101336   0.741922  0.0536029  0.0707085 0.00263456
  0.990833   0.417531   0.101337   0.742074  0.0535784  0.0706648 0.00263436
  0.990833   0.417531   0.101337   0.742074  0.0535784  0.0706648 0.00263436
  0.990833   0.417531   0.101337   0.742074  0.0535784  0.0706648 0.00263436
  0.990833   0.417531   0.101337   0.742074  0.0535784  0.0706648 0.00263436
  0.990833   0.417531   0.101337   0.742074  0.0535784  0.0706648 0.00263436
  0.990833   0.417531   0.101337   0.742074  0.0535784  0.0706648 0.00263436
  0.988982   0.421737    0.10143   0.742479  0.0533963  0.0707146 0.00263221
  0.989298   0.416376   0.101426   0.742434   0.053419  0.0707233 0.00263038
  0.989298   0.416376   0.101426   0.742434   0.053419  0.0707233 0.00263038
  0.989298   0.416376   0.101426   0.742434   0.053419  0.0707233 0.00263038
  0.991486   0.418302   0.101426   0.742433  0.0534193  0.0707233 0.00263024
  0.991486   0.418302   0.101426   0.742433  0.0534193  0.0707233 0.00263024
  0.991486   0.418302   0.101426   0.742433  0.0534193  0.0707233 0.00263024
  0.991486   0.418302   0.101426   0.742433  0.0534193  0.0707233 0.00263024
   0.99101   0.417315   0.101422   0.742414  0.0534144  0.0707723 0.00262868
   0.99101   0.417315   0.101422   0.742414  0.0534144  0.0707723 0.00262868
   0.99101   0.417315   0.101422   0.742414  0.0534144  0.0707723 0.00262868
   0.99101   0.417315   0.101422   0.742414  0.0534144  0.0707723 0.00262868
   0.99101   0.417315   0.101422   0.742414  0.0534144  0.0707723 0.00262868
   0.99101   0.417315   0.101422   0.742414  0.0534144  0.0707723 0.00262868
  0.992501   0.418499   0.101403   0.742435   0.053413  0.0707821 0.00262829
  0.992501   0.418499   0.101403   0.742435   0.053413  0.0707821 0.00262829
  0.991994    0.41747   0.101403   0.742434  0.0534125   0.070781 0.00262823
  0.991994    0.41747   0.101403   0.742434  0.0534125   0.070781 0.00262823
  0.991994    0.41747   0.101403   0.742434  0.0534125   0.070781 0.00262823
  0.991994    0.41747   0.101403   0.742434  0.0534125   0.070781 0.00262823
  0.991994    0.41747   0.101403   0.742434  0.0534125   0.070781 0.00262823
  0.992361   0.417235   0.101399   0.742425   0.053403  0.0707837 0.00262801
  0.992361   0.417235   0.101399   0.742425   0.053403  0.0707837 0.00262801
  0.992361   0.417235   0.101399   0.742425   0.053403  0.0707837 0.00262801
  0.992361   0.417235   0.101399   0.742425   0.053403  0.0707837 0.00262801
  0.992361   0.417235   0.101399   0.742425   0.053403  0.0707837 0.00262801
  0.992361   0.417235   0.101399   0.742425   0.053403  0.0707837 0.00262801
  0.992361   0.417235   0.101399   0.742425   0.053403  0.0707837 0.00262801
  0.992422    0.41676   0.101521   0.742589  0.0523282  0.0710057 0.00260836
  0.992422    0.41676   0.101521   0.742589  0.0523282  0.0710057 0.00260836
  0.992816   0.417199   0.101521   0.742589  0.0523282  0.0710057 0.00260832
  0.992816   0.417199   0.101521   0.742589  0.0523282  0.0710057 0.00260832
  0.992816   0.417199   0.101521   0.742589  0.0523282  0.0710057 0.00260832
  0.992816   0.417199   0.101521   0.742589  0.0523282  0.0710057 0.00260832
  0.992816   0.417199   0.101521   0.742589  0.0523282  0.0710057 0.00260832
  0.992816   0.417199   0.101521   0.742589  0.0523282  0.0710057 0.00260832
  0.992816   0.417199   0.101521   0.742589  0.0523282  0.0710057 0.00260832
  0.992816   0.417199   0.101521   0.742589  0.0523282  0.0710057 0.00260832
  0.992953   0.419889   0.101529   0.742578  0.0523122   0.070993 0.00260793
  0.992953   0.419889   0.101529   0.742578  0.0523122   0.070993 0.00260793
   0.99547   0.418487   0.101527   0.742578  0.0523253  0.0709913  0.0026077
  0.994399   0.419538   0.101579   0.742555  0.0523087  0.0709887 0.00260712
  0.994399   0.419538   0.101579   0.742555  0.0523087  0.0709887 0.00260712
  0.994399   0.419538   0.101579   0.742555  0.0523087  0.0709887 0.00260712
  0.994399   0.419538   0.101579   0.742555  0.0523087  0.0709887 0.00260712
  0.994399   0.419538   0.101579   0.742555  0.0523087  0.0709887 0.00260712
  0.994399   0.419538   0.101579   0.742555  0.0523087  0.0709887 0.00260712
  0.994399   0.419538   0.101579   0.742555  0.0523087  0.0709887 0.00260712
  0.994399   0.419538   0.101579   0.742555  0.0523087  0.0709887 0.00260712
  0.994399   0.419538   0.101579   0.742555  0.0523087  0.0709887 0.00260712
  0.994399   0.419538   0.101579   0.742555  0.0523087  0.0709887 0.00260712
  0.994399   0.419538   0.101579   0.742555  0.0523087  0.0709887 0.00260712
  0.994399   0.419538   0.101579   0.742555  0.0523087  0.0709887 0.00260712
  0.994399   0.419538   0.101579   0.742555  0.0523087  0.0709887 0.00260712
  0.994399   0.419538   0.101579   0.742555  0.0523087  0.0709887 0.00260712
  0.994399   0.419538   0.101579   0.742555  0.0523087  0.0709887 0.00260712
  0.994399   0.419538   0.101579   0.742555  0.0523087  0.0709887 0.00260712
  0.994399   0.419538   0.101579   0.742555  0.0523087  0.0709887 0.00260712
  0.994619   0.419271   0.101578   0.742555   0.052309  0.0709886 0.00260712
  0.994619   0.419271   0.101578   0.742555   0.052309  0.0709886 0.00260712
  0.994929   0.419772   0.101578   0.742555   0.052309  0.0709886 0.00260709
  0.993024   0.418829   0.102473   0.747589  0.0493075  0.0720309 0.00256936
  0.993024   0.418829   0.102473   0.747589  0.0493075  0.0720309 0.00256936
  0.993342   0.423042    0.10243   0.747352  0.0494491  0.0719818 0.00256832
  0.993342   0.423042    0.10243   0.747352  0.0494491  0.0719818 0.00256832
  0.993299   0.421717   0.102331   0.747541  0.0492304  0.0719914 0.00256511
  0.993705   0.419345   0.102308   0.747091  0.0493149  0.0718971 0.00256321
  0.993705   0.419345   0.102308   0.747091  0.0493149  0.0718971 0.00256321
  0.994142   0.422936   0.102057   0.747238  0.0489884   0.071731 0.00255302
  0.994142   0.422936   0.102057   0.747238  0.0489884   0.071731 0.00255302
  0.994142   0.422936   0.102057   0.747238  0.0489884   0.071731 0.00255302
  0.994142   0.422936   0.102057   0.747238  0.0489884   0.071731 0.00255302
  0.994142   0.422936   0.102057   0.747238  0.0489884   0.071731 0.00255302
  0.994142   0.422936   0.102057   0.747238  0.0489884   0.071731 0.00255302
  0.994928   0.426862   0.102051   0.747357  0.0489513   0.071524 0.00254237
  0.994928   0.426862   0.102051   0.747357  0.0489513   0.071524 0.00254237
  0.994928   0.426862   0.102051   0.747357  0.0489513   0.071524 0.00254237
  0.994928   0.426862   0.102051   0.747357  0.0489513   0.071524 0.00254237
  0.994448   0.424617   0.102116   0.748211  0.0471397  0.0717158 0.00251761
  0.994448   0.424617   0.102116   0.748211  0.0471397  0.0717158 0.00251761
  0.994448   0.424617   0.102116   0.748211  0.0471397  0.0717158 0.00251761
  0.994448   0.424617   0.102116   0.748211  0.0471397  0.0717158 0.00251761
  0.994448   0.424617   0.102116   0.748211  0.0471397  0.0717158 0.00251761
  0.994488   0.424009   0.102121   0.748215  0.0471382  0.0717165 0.00251755
   0.99474   0.425994   0.102159   0.748214  0.0472567  0.0716811 0.00251735
   0.99474   0.425994   0.102159   0.748214  0.0472567  0.0716811 0.00251735
truk:  0.515996 0.0603199  0.103199  0.896801   0.05516 0.0722394 with trukCost with new weights:0.00753458
total difference b/w truk and final GBVEC:0.385055
for Ks: 0.79719 0.138687 0.104211  0.97094 0.064014 0.075424 has cost:0.0077621
for Ks:0.781196 0.140816 0.097871  0.82296 0.046377 0.069316 has cost:0.00752109
for Ks: 0.789193  0.139752  0.101041   0.89695 0.0551955 0.0723701 has cost:0.00723939
Weight Matrix for time step:0
  0.0137723           0           0           0           0           0           0           0           0           0           0           0
          0  0.00479692           0           0           0           0           0           0           0           0           0           0
          0           0   0.0807263           0           0           0           0           0           0           0           0           0
          0           0           0    0.178494           0           0           0           0           0           0           0           0
          0           0           0           0  0.00363398           0           0           0           0           0           0           0
          0           0           0           0           0    0.244674           0           0           0           0           0           0
          0           0           0           0           0           0  7.4947e-06           0           0           0           0           0
          0           0           0           0           0           0           0 5.20377e-07           0           0           0           0
          0           0           0           0           0           0           0           0 0.000375754           0           0           0
          0           0           0           0           0           0           0           0           0 0.000763244           0           0
          0           0           0           0           0           0           0           0           0           0 4.08477e-07           0
          0           0           0           0           0           0           0           0           0           0           0  0.00443082

Weight Matrix for time step:1
  0.0122484           0           0           0           0           0           0           0           0           0           0           0
          0  0.00566272           0           0           0           0           0           0           0           0           0           0
          0           0    0.158249           0           0           0           0           0           0           0           0           0
          0           0           0    0.030745           0           0           0           0           0           0           0           0
          0           0           0           0  0.00369603           0           0           0           0           0           0           0
          0           0           0           0           0    0.133734           0           0           0           0           0           0
          0           0           0           0           0           0 6.43498e-06           0           0           0           0           0
          0           0           0           0           0           0           0 5.99951e-07           0           0           0           0
          0           0           0           0           0           0           0           0  0.00178713           0           0           0
          0           0           0           0           0           0           0           0           0 2.82311e-05           0           0
          0           0           0           0           0           0           0           0           0           0 4.19127e-07           0
          0           0           0           0           0           0           0           0           0           0           0  0.00127859

Weight Matrix for time step:2
  0.0120337           0           0           0           0           0           0           0           0           0           0           0
          0  0.00619003           0           0           0           0           0           0           0           0           0           0
          0           0    0.197315           0           0           0           0           0           0           0           0           0
          0           0           0   0.0189614           0           0           0           0           0           0           0           0
          0           0           0           0  0.00370369           0           0           0           0           0           0           0
          0           0           0           0           0    0.123336           0           0           0           0           0           0
          0           0           0           0           0           0 6.29269e-06           0           0           0           0           0
          0           0           0           0           0           0           0 6.56666e-07           0           0           0           0
          0           0           0           0           0           0           0           0  0.00274152           0           0           0
          0           0           0           0           0           0           0           0           0 1.20903e-05           0           0
          0           0           0           0           0           0           0           0           0           0 4.20626e-07           0
          0           0           0           0           0           0           0           0           0           0           0  0.00108079

CODE FINISHED RUNNING IN 9112 s TIME!
Job Statistics for 2126219:
           JobID       User               Start                 End    Elapsed     MaxRSS   TotalCPU      State Exit        NodeList                                  ReqTRES 
---------------- ---------- ------------------- ------------------- ---------- ---------- ---------- ---------- ---- --------------- ---------------------------------------- 
         2126219   rsjxw007 2021-09-29T14:23:37 2021-09-29T16:55:30   02:31:53              02:31:10  COMPLETED  0:0   r1pl-hpcf-n24         billing=1,cpu=1,mem=7812M,node=1 
   2126219.batch            2021-09-29T14:23:37 2021-09-29T16:55:30   02:31:53      5.98M   02:31:10  COMPLETED  0:0   r1pl-hpcf-n24                                          
  2126219.extern            2021-09-29T14:23:37 2021-09-29T16:55:30   02:31:53          0  00:00.001  COMPLETED  0:0   r1pl-hpcf-n24                                          
CPU Efficiency: 99.54% of 02:31:53 core-walltime
