PSO_S_ODE_NonLinear
Using two part PSO Sample Size:5000 with:27 moments.
Using Record Time:50
Bounds for Uniform Distribution (0,1)
Blind PSO --> nParts:10 Nsteps:2
Targeted PSO --> nParts:50 Nsteps:10
sdbeta:0.1
wt:
1 0 0 0 0 0 0 0 0 0 0 0 0 0 0 0 0 0 0 0 0 0 0 0 0 0 0
0 1 0 0 0 0 0 0 0 0 0 0 0 0 0 0 0 0 0 0 0 0 0 0 0 0 0
0 0 1 0 0 0 0 0 0 0 0 0 0 0 0 0 0 0 0 0 0 0 0 0 0 0 0
0 0 0 1 0 0 0 0 0 0 0 0 0 0 0 0 0 0 0 0 0 0 0 0 0 0 0
0 0 0 0 1 0 0 0 0 0 0 0 0 0 0 0 0 0 0 0 0 0 0 0 0 0 0
0 0 0 0 0 1 0 0 0 0 0 0 0 0 0 0 0 0 0 0 0 0 0 0 0 0 0
0 0 0 0 0 0 1 0 0 0 0 0 0 0 0 0 0 0 0 0 0 0 0 0 0 0 0
0 0 0 0 0 0 0 1 0 0 0 0 0 0 0 0 0 0 0 0 0 0 0 0 0 0 0
0 0 0 0 0 0 0 0 1 0 0 0 0 0 0 0 0 0 0 0 0 0 0 0 0 0 0
0 0 0 0 0 0 0 0 0 1 0 0 0 0 0 0 0 0 0 0 0 0 0 0 0 0 0
0 0 0 0 0 0 0 0 0 0 1 0 0 0 0 0 0 0 0 0 0 0 0 0 0 0 0
0 0 0 0 0 0 0 0 0 0 0 1 0 0 0 0 0 0 0 0 0 0 0 0 0 0 0
0 0 0 0 0 0 0 0 0 0 0 0 1 0 0 0 0 0 0 0 0 0 0 0 0 0 0
0 0 0 0 0 0 0 0 0 0 0 0 0 1 0 0 0 0 0 0 0 0 0 0 0 0 0
0 0 0 0 0 0 0 0 0 0 0 0 0 0 1 0 0 0 0 0 0 0 0 0 0 0 0
0 0 0 0 0 0 0 0 0 0 0 0 0 0 0 1 0 0 0 0 0 0 0 0 0 0 0
0 0 0 0 0 0 0 0 0 0 0 0 0 0 0 0 1 0 0 0 0 0 0 0 0 0 0
0 0 0 0 0 0 0 0 0 0 0 0 0 0 0 0 0 1 0 0 0 0 0 0 0 0 0
0 0 0 0 0 0 0 0 0 0 0 0 0 0 0 0 0 0 1 0 0 0 0 0 0 0 0
0 0 0 0 0 0 0 0 0 0 0 0 0 0 0 0 0 0 0 1 0 0 0 0 0 0 0
0 0 0 0 0 0 0 0 0 0 0 0 0 0 0 0 0 0 0 0 1 0 0 0 0 0 0
0 0 0 0 0 0 0 0 0 0 0 0 0 0 0 0 0 0 0 0 0 1 0 0 0 0 0
0 0 0 0 0 0 0 0 0 0 0 0 0 0 0 0 0 0 0 0 0 0 1 0 0 0 0
0 0 0 0 0 0 0 0 0 0 0 0 0 0 0 0 0 0 0 0 0 0 0 1 0 0 0
0 0 0 0 0 0 0 0 0 0 0 0 0 0 0 0 0 0 0 0 0 0 0 0 1 0 0
0 0 0 0 0 0 0 0 0 0 0 0 0 0 0 0 0 0 0 0 0 0 0 0 0 1 0
0 0 0 0 0 0 0 0 0 0 0 0 0 0 0 0 0 0 0 0 0 0 0 0 0 0 1
mu: 80 120  85
covarMat:
 50   0   0
  0 100   0
  0   0  50

Yt:  3.86832   3.63243   2.35521  0.126791   6.11443   3.32724   52.9129   106.649   10.5594 0.0189994   143.822   21.0571  0.745809    9.7652  0.655814   11.1668   13.9324   12.8408  0.147408   119.637   17.8751  0.309223   23.7094   14.9104  0.475631  0.438914   33.2244
seedk:0.764108 0.153013 0.081472 0.635459  0.02754 0.028507| cost:3112.8
Xt:  4.51347   2.64217   1.83861   0.15686   4.63764   4.65799   60.3548   83.9397   6.88379 0.0283196   109.546   42.5942  0.558709   8.07391  0.892859   9.52548   22.3296   8.93846  0.114795    92.993   19.5926  0.293872   16.1161   17.0277  0.436987  0.774127   37.3944
PSO begins!
New GBMAT from blind pso!
0.764108 0.153013 0.081472 0.635459  0.02754 0.028507   3112.8
0.764108 0.153013 0.081472 0.635459  0.02754 0.028507   3112.8


New GBMAT from blind pso!
 0.764108  0.153013  0.081472  0.635459   0.02754  0.028507    3112.8
 0.764108  0.153013  0.081472  0.635459   0.02754  0.028507    3112.8
 0.725833  0.190468 0.0636724  0.663014   0.02754 0.0245335   1570.78


GBMAT from blind PSO:

 0.764108  0.153013  0.081472  0.635459   0.02754  0.028507    3112.8
 0.764108  0.153013  0.081472  0.635459   0.02754  0.028507    3112.8
 0.725833  0.190468 0.0636724  0.663014   0.02754 0.0245335   1570.78

truk:  0.515996 0.0603199  0.103199  0.896801   0.05516 0.0722394
total difference b/w truk and final GBVEC0.120227

blind PSO FINISHED RUNNING IN 5 s TIME!
targeted PSO has started!
Updating Weight Matrix!
GBVEC AND COST: 0.725833  0.190468 0.0636724  0.663014   0.02754 0.0245335   1570.78
Chkpt reached!
new weight matrix:
  0.0128753           0           0           0           0           0           0           0           0           0           0           0           0           0           0           0           0           0           0           0           0           0           0           0           0           0           0
          0  0.00559944           0           0           0           0           0           0           0           0           0           0           0           0           0           0           0           0           0           0           0           0           0           0           0           0           0
          0           0    0.110095           0           0           0           0           0           0           0           0           0           0           0           0           0           0           0           0           0           0           0           0           0           0           0           0
          0           0           0     180.336           0           0           0           0           0           0           0           0           0           0           0           0           0           0           0           0           0           0           0           0           0           0           0
          0           0           0           0  0.00487419           0           0           0           0           0           0           0           0           0           0           0           0           0           0           0           0           0           0           0           0           0           0
          0           0           0           0           0   0.0366692           0           0           0           0           0           0           0           0           0           0           0           0           0           0           0           0           0           0           0           0           0
          0           0           0           0           0           0 6.96305e-06           0           0           0           0           0           0           0           0           0           0           0           0           0           0           0           0           0           0           0           0
          0           0           0           0           0           0           0 5.89469e-07           0           0           0           0           0           0           0           0           0           0           0           0           0           0           0           0           0           0           0
          0           0           0           0           0           0           0           0 0.000636558           0           0           0           0           0           0           0           0           0           0           0           0           0           0           0           0           0           0
          0           0           0           0           0           0           0           0           0     4041.46           0           0           0           0           0           0           0           0           0           0           0           0           0           0           0           0           0
          0           0           0           0           0           0           0           0           0           0 5.07786e-07           0           0           0           0           0           0           0           0           0           0           0           0           0           0           0           0
          0           0           0           0           0           0           0           0           0           0           0 6.78201e-05           0           0           0           0           0           0           0           0           0           0           0           0           0           0           0
          0           0           0           0           0           0           0           0           0           0           0           0     1.01175           0           0           0           0           0           0           0           0           0           0           0           0           0           0
          0           0           0           0           0           0           0           0           0           0           0           0           0 0.000688103           0           0           0           0           0           0           0           0           0           0           0           0           0
          0           0           0           0           0           0           0           0           0           0           0           0           0           0    0.407208           0           0           0           0           0           0           0           0           0           0           0           0
          0           0           0           0           0           0           0           0           0           0           0           0           0           0           0 0.000636738           0           0           0           0           0           0           0           0           0           0           0
          0           0           0           0           0           0           0           0           0           0           0           0           0           0           0           0 0.000221814           0           0           0           0           0           0           0           0           0           0
          0           0           0           0           0           0           0           0           0           0           0           0           0           0           0           0           0 0.000208857           0           0           0           0           0           0           0           0           0
          0           0           0           0           0           0           0           0           0           0           0           0           0           0           0           0           0           0     11.9294           0           0           0           0           0           0           0           0
          0           0           0           0           0           0           0           0           0           0           0           0           0           0           0           0           0           0           0 5.48967e-07           0           0           0           0           0           0           0
          0           0           0           0           0           0           0           0           0           0           0           0           0           0           0           0           0           0           0           0 7.82021e-05           0           0           0           0           0           0
          0           0           0           0           0           0           0           0           0           0           0           0           0           0           0           0           0           0           0           0           0     4.40601           0           0           0           0           0
          0           0           0           0           0           0           0           0           0           0           0           0           0           0           0           0           0           0           0           0           0           0 0.000119345           0           0           0           0
          0           0           0           0           0           0           0           0           0           0           0           0           0           0           0           0           0           0           0           0           0           0           0 0.000222881           0           0           0
          0           0           0           0           0           0           0           0           0           0           0           0           0           0           0           0           0           0           0           0           0           0           0           0     2.95737           0           0
          0           0           0           0           0           0           0           0           0           0           0           0           0           0           0           0           0           0           0           0           0           0           0           0           0     1.37385           0
          0           0           0           0           0           0           0           0           0           0           0           0           0           0           0           0           0           0           0           0           0           0           0           0           0           0 4.40592e-05

New PBMAT:
   0.735727    0.169477   0.0110751    0.634904 0.000122565  0.00509083     5.58063
    0.70507    0.297498     0.01871    0.721639    0.268763   0.0014896     12.9374
   0.714263    0.245812    0.114457    0.698683   0.0338604   0.0028092     126.644
    0.80413    0.124644   0.0166194    0.600698   0.0327161   0.0015664     2.61099
   0.730101    0.210086   0.0475601    0.654896  0.00094127   0.0341662     2.83091
   0.672899    0.181642   0.0279371    0.641975 0.000245673   0.0348004      4.2835
   0.778012    0.179065   0.0114607    0.648008   0.0234611 4.38463e-07     4.38376
   0.652362    0.192138   0.0502848    0.722006    0.100024  0.00176614     109.323
   0.693045    0.207575    0.047739    0.646725  0.00352277   0.0509971     2.82293
   0.730298    0.126443   0.0728023    0.744304   0.0372937  0.00119011      51.941
   0.734312     0.21492    0.124535    0.658877  0.00176475  0.00576606     3.63044
   0.701264    0.179541   0.0402615    0.615064  0.00596224   0.0280775     2.68358
   0.759173    0.179512    0.116017    0.663314 0.000104821   0.0467354    0.389831
   0.789339    0.152657   0.0991658     0.66184 0.000159638 3.19494e-08     4.79424
   0.674754    0.139929    0.069006    0.631702  0.00315057   0.0321868     1.31328
   0.667745    0.223947   0.0959525    0.734213 8.70873e-05 0.000291783     4.76092
   0.666564    0.118429    0.145778     0.54892  2.2805e-06   0.0310373     2.36978
     0.7314    0.197629   0.0152061     0.73481   0.0204145   0.0841695     5.77638
   0.750726    0.274678    0.165437    0.508437 2.86082e-06   0.0722311     3.65842
   0.670717    0.147445   0.0547858    0.705398   0.0471324  0.00064905     31.5327
   0.736447    0.125165   0.0418875    0.597318 7.46847e-05 2.50894e-06     3.64849
   0.797776    0.146198   0.0507203    0.637389  0.00424838 1.57476e-06     2.52396
   0.666039    0.174352    0.018724    0.608697  0.00499691 0.000374891      4.2318
   0.805233    0.144647   0.0425159    0.610909   0.0278825 2.24591e-12     2.75486
   0.742004    0.145236   0.0432776    0.687191    0.018533  1.2068e-08     1.14921
    0.75624    0.281945    0.107343    0.597118   0.0780314   0.0150864     212.622
   0.650005    0.193041    0.024586    0.679867    0.168086 1.58408e-05     20.1559
   0.784534    0.235035   0.0640351    0.547819   0.0400143 7.57941e-05     95.5298
   0.754427    0.155159   0.0204011    0.662229  0.00538045   0.0985818     5.33128
   0.744786    0.182426   0.0772985    0.603221   0.0817938 3.24233e-05     796.088
   0.641873    0.270106   0.0407591    0.641762  0.00180126   0.0700796     4.05401
   0.724158    0.251747   0.0527232    0.655293 6.11372e-05   0.0126031     2.85521
   0.655323     0.18632   0.0685755    0.539869 2.97791e-06 1.66796e-07     3.46732
   0.708638    0.163832    0.180851    0.622535   0.0426501  0.00742793      363.06
   0.685465    0.189947   0.0265135    0.636595   0.0402899   0.0677173     3.73445
   0.800076    0.237807    0.142259    0.694296   0.0838773 8.65825e-06      2002.2
   0.777433    0.251556   0.0571189    0.640706  0.00328604 0.000311472     2.62649
   0.698439    0.345797   0.0586888    0.758322    0.376921  0.00393711     3040.95
   0.814677    0.232286   0.0462808    0.658919 2.07264e-13 0.000117356     3.79611
   0.728112    0.101764   0.0987124     0.64472   0.0130068  0.00105112     22.9129
   0.774959    0.152874   0.0641606    0.648139  0.00146286   0.0285551     1.79314
   0.754029   0.0876064   0.0334656     0.70801   0.0049989   0.0513163     3.95631
   0.709204     0.12045   0.0287992    0.706584  0.00152552   0.0236172     4.16405
   0.707703    0.179902  0.00492772    0.712513 0.000429372  0.00023993     6.47116
   0.763157    0.166632   0.0217649    0.665846   0.0496515 7.20671e-08    0.668191
    0.80536    0.217286    0.143829    0.586245      0.1169 3.40028e-06     5386.41
   0.778043     0.12912    0.021855    0.710926  7.5228e-07 0.000576891     4.72313
   0.621874    0.109306   0.0698649    0.689733    0.025581   0.0373676    0.252037
     0.7528    0.195851   0.0212236    0.711932  0.00443359 1.48453e-05     4.29742
   0.760925    0.214711    0.203633    0.707324 4.07999e-07 8.24358e-06      7.3437

Updating Weight Matrix!
GBVEC AND COST: 0.725833  0.190468 0.0636724  0.663014   0.02754 0.0245335    0.2042
Chkpt reached!
new weight matrix:
  0.0128753           0           0           0           0           0           0           0           0           0           0           0           0           0           0           0           0           0           0           0           0           0           0           0           0           0           0
          0  0.00559944           0           0           0           0           0           0           0           0           0           0           0           0           0           0           0           0           0           0           0           0           0           0           0           0           0
          0           0    0.110095           0           0           0           0           0           0           0           0           0           0           0           0           0           0           0           0           0           0           0           0           0           0           0           0
          0           0           0     180.336           0           0           0           0           0           0           0           0           0           0           0           0           0           0           0           0           0           0           0           0           0           0           0
          0           0           0           0  0.00487419           0           0           0           0           0           0           0           0           0           0           0           0           0           0           0           0           0           0           0           0           0           0
          0           0           0           0           0   0.0366692           0           0           0           0           0           0           0           0           0           0           0           0           0           0           0           0           0           0           0           0           0
          0           0           0           0           0           0 6.96305e-06           0           0           0           0           0           0           0           0           0           0           0           0           0           0           0           0           0           0           0           0
          0           0           0           0           0           0           0 5.89469e-07           0           0           0           0           0           0           0           0           0           0           0           0           0           0           0           0           0           0           0
          0           0           0           0           0           0           0           0 0.000636558           0           0           0           0           0           0           0           0           0           0           0           0           0           0           0           0           0           0
          0           0           0           0           0           0           0           0           0     4041.46           0           0           0           0           0           0           0           0           0           0           0           0           0           0           0           0           0
          0           0           0           0           0           0           0           0           0           0 5.07786e-07           0           0           0           0           0           0           0           0           0           0           0           0           0           0           0           0
          0           0           0           0           0           0           0           0           0           0           0 6.78201e-05           0           0           0           0           0           0           0           0           0           0           0           0           0           0           0
          0           0           0           0           0           0           0           0           0           0           0           0     1.01175           0           0           0           0           0           0           0           0           0           0           0           0           0           0
          0           0           0           0           0           0           0           0           0           0           0           0           0 0.000688103           0           0           0           0           0           0           0           0           0           0           0           0           0
          0           0           0           0           0           0           0           0           0           0           0           0           0           0    0.407208           0           0           0           0           0           0           0           0           0           0           0           0
          0           0           0           0           0           0           0           0           0           0           0           0           0           0           0 0.000636738           0           0           0           0           0           0           0           0           0           0           0
          0           0           0           0           0           0           0           0           0           0           0           0           0           0           0           0 0.000221814           0           0           0           0           0           0           0           0           0           0
          0           0           0           0           0           0           0           0           0           0           0           0           0           0           0           0           0 0.000208857           0           0           0           0           0           0           0           0           0
          0           0           0           0           0           0           0           0           0           0           0           0           0           0           0           0           0           0     11.9294           0           0           0           0           0           0           0           0
          0           0           0           0           0           0           0           0           0           0           0           0           0           0           0           0           0           0           0 5.48967e-07           0           0           0           0           0           0           0
          0           0           0           0           0           0           0           0           0           0           0           0           0           0           0           0           0           0           0           0 7.82021e-05           0           0           0           0           0           0
          0           0           0           0           0           0           0           0           0           0           0           0           0           0           0           0           0           0           0           0           0     4.40601           0           0           0           0           0
          0           0           0           0           0           0           0           0           0           0           0           0           0           0           0           0           0           0           0           0           0           0 0.000119345           0           0           0           0
          0           0           0           0           0           0           0           0           0           0           0           0           0           0           0           0           0           0           0           0           0           0           0 0.000222881           0           0           0
          0           0           0           0           0           0           0           0           0           0           0           0           0           0           0           0           0           0           0           0           0           0           0           0     2.95737           0           0
          0           0           0           0           0           0           0           0           0           0           0           0           0           0           0           0           0           0           0           0           0           0           0           0           0     1.37385           0
          0           0           0           0           0           0           0           0           0           0           0           0           0           0           0           0           0           0           0           0           0           0           0           0           0           0 4.40592e-05

underflow!0.00243642
pos  0.714115   0.180077  0.0443499   0.657014  0.0139398 0.00243642
underflow!0.00470229
pos  0.735017   0.204041  0.0400264   0.673278  0.0178539 0.00470229
underflow!0.00235349
pos  0.733324   0.218996  0.0636465   0.641229 0.00235349   0.027061
underflow!0.004016
pos 0.739013  0.162778 0.0372333  0.676707  0.004016  0.015891
underflow!0.00366967
pos   0.72725   0.243979   0.063944   0.685395 0.00366967 0.00249585
underflow!0.00224126
pos   0.75365   0.185665  0.0271796   0.661764 0.00490849 0.00224126
underflow!0.00401025
pos  0.694208   0.168877  0.0692244   0.656357  0.0459609 0.00401025
underflow!0.000831175
pos   0.716378     0.20997   0.0588757    0.674281   0.0195509 0.000831175
