PSO_S_ODE_NonLinear
Using two part PSO Sample Size:5000 with:27 moments.
Using Times:10 30 50
Bounds for Uniform Distribution (0,1)
Blind PSO --> nParts:1000 Nsteps:10
Targeted PSO --> nParts:10 Nsteps:100
sdbeta:0.1
wt:
1 0 0 0 0 0 0 0 0 0 0 0 0 0 0 0 0 0 0 0 0 0 0 0 0 0 0
0 1 0 0 0 0 0 0 0 0 0 0 0 0 0 0 0 0 0 0 0 0 0 0 0 0 0
0 0 1 0 0 0 0 0 0 0 0 0 0 0 0 0 0 0 0 0 0 0 0 0 0 0 0
0 0 0 1 0 0 0 0 0 0 0 0 0 0 0 0 0 0 0 0 0 0 0 0 0 0 0
0 0 0 0 1 0 0 0 0 0 0 0 0 0 0 0 0 0 0 0 0 0 0 0 0 0 0
0 0 0 0 0 1 0 0 0 0 0 0 0 0 0 0 0 0 0 0 0 0 0 0 0 0 0
0 0 0 0 0 0 1 0 0 0 0 0 0 0 0 0 0 0 0 0 0 0 0 0 0 0 0
0 0 0 0 0 0 0 1 0 0 0 0 0 0 0 0 0 0 0 0 0 0 0 0 0 0 0
0 0 0 0 0 0 0 0 1 0 0 0 0 0 0 0 0 0 0 0 0 0 0 0 0 0 0
0 0 0 0 0 0 0 0 0 1 0 0 0 0 0 0 0 0 0 0 0 0 0 0 0 0 0
0 0 0 0 0 0 0 0 0 0 1 0 0 0 0 0 0 0 0 0 0 0 0 0 0 0 0
0 0 0 0 0 0 0 0 0 0 0 1 0 0 0 0 0 0 0 0 0 0 0 0 0 0 0
0 0 0 0 0 0 0 0 0 0 0 0 1 0 0 0 0 0 0 0 0 0 0 0 0 0 0
0 0 0 0 0 0 0 0 0 0 0 0 0 1 0 0 0 0 0 0 0 0 0 0 0 0 0
0 0 0 0 0 0 0 0 0 0 0 0 0 0 1 0 0 0 0 0 0 0 0 0 0 0 0
0 0 0 0 0 0 0 0 0 0 0 0 0 0 0 1 0 0 0 0 0 0 0 0 0 0 0
0 0 0 0 0 0 0 0 0 0 0 0 0 0 0 0 1 0 0 0 0 0 0 0 0 0 0
0 0 0 0 0 0 0 0 0 0 0 0 0 0 0 0 0 1 0 0 0 0 0 0 0 0 0
0 0 0 0 0 0 0 0 0 0 0 0 0 0 0 0 0 0 1 0 0 0 0 0 0 0 0
0 0 0 0 0 0 0 0 0 0 0 0 0 0 0 0 0 0 0 1 0 0 0 0 0 0 0
0 0 0 0 0 0 0 0 0 0 0 0 0 0 0 0 0 0 0 0 1 0 0 0 0 0 0
0 0 0 0 0 0 0 0 0 0 0 0 0 0 0 0 0 0 0 0 0 1 0 0 0 0 0
0 0 0 0 0 0 0 0 0 0 0 0 0 0 0 0 0 0 0 0 0 0 1 0 0 0 0
0 0 0 0 0 0 0 0 0 0 0 0 0 0 0 0 0 0 0 0 0 0 0 1 0 0 0
0 0 0 0 0 0 0 0 0 0 0 0 0 0 0 0 0 0 0 0 0 0 0 0 1 0 0
0 0 0 0 0 0 0 0 0 0 0 0 0 0 0 0 0 0 0 0 0 0 0 0 0 1 0
0 0 0 0 0 0 0 0 0 0 0 0 0 0 0 0 0 0 0 0 0 0 0 0 0 0 1
mu: 80 120  85
covarMat:
 50   0   0
  0 100   0
  0   0  50

Yt:  11.1758   11.7845   7.49479  0.351489   19.6307   8.69427   153.659   341.531   35.6202 0.0498743   466.398   49.4188    2.2623   29.8646   1.80585   33.9327   36.7898   43.2544  0.440151   385.226   47.3354  0.903726   79.7783   40.6561   1.39375   1.09222   89.0838
with truk cost:1328.84
seedk: 0.637286  0.749234  0.392129 0.0991612  0.884252  0.642491| cost:20547.9
Xt:13.3399 12.3337 5.71637 6.39366 24.4437 3.44318 170.924 348.941 27.3155 17.1357 559.739 10.0622 10.2211 25.9598 35.0016 71.1825 15.7276  47.204 18.9789 415.124 28.6435 16.9904   91.51 16.5767  53.105  10.273 55.4932
PSO begins!
New GBMAT from blind pso!
 0.637286  0.749234  0.392129 0.0991612  0.884252  0.642491   20547.9
 0.637286  0.749234  0.392129 0.0991612  0.884252  0.642491   20547.9


overflow!
underflow!0.00108922
pos  0.593354  0.0655096   0.453681 0.00108922   0.898314   0.913978
underflow!0.00421157
pos  0.636586   0.820928 0.00506431   0.106489    0.39198 0.00421157
underflow!0.00265907
pos0.00265907   0.501853   0.594496  0.0946352   0.446499   0.144964
overflow!
overflow!
underflow!0.00258741
pos  0.657875   0.830203   0.393079   0.832858   0.386904 0.00258741
underflow!0.00293216
pos  0.820875 0.00293216   0.514714   0.479713   0.939139   0.346637
underflow!0.00427981
pos  0.446759   0.696763    0.88491 0.00427981   0.642775    0.83393
overflow!
underflow!0.00100915
pos0.00100915   0.729897   0.264873   0.840538  0.0371817   0.641942
underflow!0.00226574
pos  0.177212  0.0942338   0.228032  0.0545478 0.00226574   0.694669
underflow!0.004265
pos0.004265 0.876496 0.572058 0.805435 0.236923  0.77195
underflow!0.00268026
pos  0.103808   0.712761   0.895576   0.682228 0.00268026   0.118555
overflow!
underflow!0.00126757
pos  0.751519 0.00126757   0.703719   0.649031   0.333106  0.0806735
overflow!
underflow!0.00499555
pos0.00499555   0.189865   0.468808   0.458211   0.361133    0.44522
underflow!0.00123569
pos 0.0574491   0.582674   0.844774   0.363584 0.00123569   0.691692
underflow!0.00309226
pos   0.61431    0.28702   0.779836   0.442123 0.00309226   0.326373
underflow!0.00382049
pos0.00382049 0.00553648  0.0587207   0.106538   0.436961    0.18936
underflow!0.00471559
pos0.00471559    0.48151   0.678287   0.598661   0.704447   0.904228
underflow!0.00374849
pos  0.315706 0.00374849   0.464157   0.235395   0.854606   0.790029
underflow!0.00388878
pos  0.514054   0.411938  0.0694916 0.00388878   0.128254    0.77132
underflow!0.0011584
pos0.0011584  0.232637  0.295421  0.876506  0.815169  0.946154
overflow!
underflow!0.000787094
pos0.000787094    0.711798    0.968247    0.468518    0.211006    0.884833
New GBMAT from blind pso!
 0.637286  0.749234  0.392129 0.0991612  0.884252  0.642491   20547.9
 0.637286  0.749234  0.392129 0.0991612  0.884252  0.642491   20547.9
 0.556488  0.330905   0.33947  0.907165  0.213184  0.312093   480.386


New GBMAT from blind pso!
 0.637286  0.749234  0.392129 0.0991612  0.884252  0.642491   20547.9
 0.637286  0.749234  0.392129 0.0991612  0.884252  0.642491   20547.9
 0.556488  0.330905   0.33947  0.907165  0.213184  0.312093   480.386
 0.563291  0.309882  0.344336  0.926615   0.21189  0.323776   474.568


New GBMAT from blind pso!
 0.637286  0.749234  0.392129 0.0991612  0.884252  0.642491   20547.9
 0.637286  0.749234  0.392129 0.0991612  0.884252  0.642491   20547.9
 0.556488  0.330905   0.33947  0.907165  0.213184  0.312093   480.386
 0.563291  0.309882  0.344336  0.926615   0.21189  0.323776   474.568
 0.563291  0.309882  0.344336  0.926615   0.21189  0.323776   474.568


New GBMAT from blind pso!
 0.637286  0.749234  0.392129 0.0991612  0.884252  0.642491   20547.9
 0.637286  0.749234  0.392129 0.0991612  0.884252  0.642491   20547.9
 0.556488  0.330905   0.33947  0.907165  0.213184  0.312093   480.386
 0.563291  0.309882  0.344336  0.926615   0.21189  0.323776   474.568
 0.563291  0.309882  0.344336  0.926615   0.21189  0.323776   474.568
 0.659136  0.285658  0.304031  0.778019  0.184284  0.289439    453.59


New GBMAT from blind pso!
 0.637286  0.749234  0.392129 0.0991612  0.884252  0.642491   20547.9
 0.637286  0.749234  0.392129 0.0991612  0.884252  0.642491   20547.9
 0.556488  0.330905   0.33947  0.907165  0.213184  0.312093   480.386
 0.563291  0.309882  0.344336  0.926615   0.21189  0.323776   474.568
 0.563291  0.309882  0.344336  0.926615   0.21189  0.323776   474.568
 0.659136  0.285658  0.304031  0.778019  0.184284  0.289439    453.59
 0.701342  0.274536  0.302441  0.809414  0.183258  0.287498   441.405


New GBMAT from blind pso!
 0.637286  0.749234  0.392129 0.0991612  0.884252  0.642491   20547.9
 0.637286  0.749234  0.392129 0.0991612  0.884252  0.642491   20547.9
 0.556488  0.330905   0.33947  0.907165  0.213184  0.312093   480.386
 0.563291  0.309882  0.344336  0.926615   0.21189  0.323776   474.568
 0.563291  0.309882  0.344336  0.926615   0.21189  0.323776   474.568
 0.659136  0.285658  0.304031  0.778019  0.184284  0.289439    453.59
 0.701342  0.274536  0.302441  0.809414  0.183258  0.287498   441.405
 0.687162  0.277892   0.29714  0.801079  0.170806  0.283069   433.907


New GBMAT from blind pso!
 0.637286  0.749234  0.392129 0.0991612  0.884252  0.642491   20547.9
 0.637286  0.749234  0.392129 0.0991612  0.884252  0.642491   20547.9
 0.556488  0.330905   0.33947  0.907165  0.213184  0.312093   480.386
 0.563291  0.309882  0.344336  0.926615   0.21189  0.323776   474.568
 0.563291  0.309882  0.344336  0.926615   0.21189  0.323776   474.568
 0.659136  0.285658  0.304031  0.778019  0.184284  0.289439    453.59
 0.701342  0.274536  0.302441  0.809414  0.183258  0.287498   441.405
 0.687162  0.277892   0.29714  0.801079  0.170806  0.283069   433.907
 0.588876  0.265232  0.248158  0.820824  0.147013   0.22931   392.579


