PSO_S_ODE_NonLinear
Using two part PSO Sample Size:5000 with:27 moments.
Using Times:10 30 50
Bounds for Uniform Distribution (0,1)
Blind PSO --> nParts:900 Nsteps:30
Targeted PSO --> nParts:100 Nsteps:10
sdbeta:0.1
wt:
1 0 0 0 0 0 0 0 0 0 0 0 0 0 0 0 0 0 0 0 0 0 0 0 0 0 0
0 1 0 0 0 0 0 0 0 0 0 0 0 0 0 0 0 0 0 0 0 0 0 0 0 0 0
0 0 1 0 0 0 0 0 0 0 0 0 0 0 0 0 0 0 0 0 0 0 0 0 0 0 0
0 0 0 1 0 0 0 0 0 0 0 0 0 0 0 0 0 0 0 0 0 0 0 0 0 0 0
0 0 0 0 1 0 0 0 0 0 0 0 0 0 0 0 0 0 0 0 0 0 0 0 0 0 0
0 0 0 0 0 1 0 0 0 0 0 0 0 0 0 0 0 0 0 0 0 0 0 0 0 0 0
0 0 0 0 0 0 1 0 0 0 0 0 0 0 0 0 0 0 0 0 0 0 0 0 0 0 0
0 0 0 0 0 0 0 1 0 0 0 0 0 0 0 0 0 0 0 0 0 0 0 0 0 0 0
0 0 0 0 0 0 0 0 1 0 0 0 0 0 0 0 0 0 0 0 0 0 0 0 0 0 0
0 0 0 0 0 0 0 0 0 1 0 0 0 0 0 0 0 0 0 0 0 0 0 0 0 0 0
0 0 0 0 0 0 0 0 0 0 1 0 0 0 0 0 0 0 0 0 0 0 0 0 0 0 0
0 0 0 0 0 0 0 0 0 0 0 1 0 0 0 0 0 0 0 0 0 0 0 0 0 0 0
0 0 0 0 0 0 0 0 0 0 0 0 1 0 0 0 0 0 0 0 0 0 0 0 0 0 0
0 0 0 0 0 0 0 0 0 0 0 0 0 1 0 0 0 0 0 0 0 0 0 0 0 0 0
0 0 0 0 0 0 0 0 0 0 0 0 0 0 1 0 0 0 0 0 0 0 0 0 0 0 0
0 0 0 0 0 0 0 0 0 0 0 0 0 0 0 1 0 0 0 0 0 0 0 0 0 0 0
0 0 0 0 0 0 0 0 0 0 0 0 0 0 0 0 1 0 0 0 0 0 0 0 0 0 0
0 0 0 0 0 0 0 0 0 0 0 0 0 0 0 0 0 1 0 0 0 0 0 0 0 0 0
0 0 0 0 0 0 0 0 0 0 0 0 0 0 0 0 0 0 1 0 0 0 0 0 0 0 0
0 0 0 0 0 0 0 0 0 0 0 0 0 0 0 0 0 0 0 1 0 0 0 0 0 0 0
0 0 0 0 0 0 0 0 0 0 0 0 0 0 0 0 0 0 0 0 1 0 0 0 0 0 0
0 0 0 0 0 0 0 0 0 0 0 0 0 0 0 0 0 0 0 0 0 1 0 0 0 0 0
0 0 0 0 0 0 0 0 0 0 0 0 0 0 0 0 0 0 0 0 0 0 1 0 0 0 0
0 0 0 0 0 0 0 0 0 0 0 0 0 0 0 0 0 0 0 0 0 0 0 1 0 0 0
0 0 0 0 0 0 0 0 0 0 0 0 0 0 0 0 0 0 0 0 0 0 0 0 1 0 0
0 0 0 0 0 0 0 0 0 0 0 0 0 0 0 0 0 0 0 0 0 0 0 0 0 1 0
0 0 0 0 0 0 0 0 0 0 0 0 0 0 0 0 0 0 0 0 0 0 0 0 0 0 1
Reading in data!
Loading in Truk!
Calculating Yt!
Yt:  11.1758   11.7845   7.49479  0.351489   19.6307   8.69427   153.659   341.531   35.6202 0.0498743   466.398   49.4188    2.2623   29.8646   1.80585   33.9327   36.7898   43.2544  0.440151   385.226   47.3354  0.903726   79.7783   40.6561   1.39375   1.09222   89.0838
with truk cost:1328.84
Xt at truk:  11.3718   10.9266   7.68442  0.359332   18.9703   8.91658   153.082   320.215   37.6602 0.0514401   446.766   52.0686   2.31827   29.7085   1.84642   33.8732   36.5837   43.0417  0.431443   363.688   46.9412  0.946263   81.6482   42.8917   1.42915    1.1435   90.9765
seedk:0.104021 0.248693 0.481353 0.735227 0.509671 0.755407| cost:32296.3
Xt at seedk: 13.6006  18.0657  5.45568 0.889879  24.4113  3.47565  161.736  417.809  23.1621 0.347631  566.626  9.40247  38.2876  32.6307  6.31502  77.2333  20.7909    57.02  3.60038   478.43  36.3266  2.03305  82.2152  14.7574  5.98105  1.29532  52.3794
PSO begins!
New GBMAT from blind pso!
0.104021 0.248693 0.481353 0.735227 0.509671 0.755407  32296.3
0.104021 0.248693 0.481353 0.735227 0.509671 0.755407  32296.3


underflow!0.00479638
pos  0.334143   0.969048   0.586229    0.68117 0.00479638   0.198887
overflow!
overflow!
overflow!
overflow!
underflow!0.000529435
pos   0.321794    0.636271     0.38485    0.784605    0.460924 0.000529435
overflow!
underflow!0.00454697
pos0.00454697    0.28295   0.288066   0.455558   0.814615   0.776364
underflow!0.00105747
pos0.00105747   0.282644   0.577066   0.433055   0.236482   0.202528
underflow!0.000973654
pos0.000973654    0.546415    0.276816    0.738187    0.575864   0.0570242
overflow!
overflow!
overflow!
overflow!
underflow!5.16425e-05
pos   0.727498 5.16425e-05    0.432641    0.676961    0.626425    0.123663
overflow!
overflow!
underflow!0.00331993
pos  0.415165 0.00331993   0.309442   0.885498   0.887347   0.685213
overflow!
overflow!
underflow!0.00165982
pos  0.519574   0.825942   0.202936   0.640837   0.614311 0.00165982
underflow!0.00445986
pos   0.58075   0.367555   0.971309   0.957695   0.630637 0.00445986
underflow!0.00127247
pos  0.238419   0.192466   0.821626 0.00127247    0.38315   0.234106
underflow!0.00289523
pos  0.296588  0.0254337   0.603282   0.246586 0.00289523   0.156165
New GBMAT from blind pso!
0.104021 0.248693 0.481353 0.735227 0.509671 0.755407  32296.3
0.104021 0.248693 0.481353 0.735227 0.509671 0.755407  32296.3
0.627709  0.41483 0.260501 0.909794 0.214666 0.238596  418.305


New GBMAT from blind pso!
0.104021 0.248693 0.481353 0.735227 0.509671 0.755407  32296.3
0.104021 0.248693 0.481353 0.735227 0.509671 0.755407  32296.3
0.627709  0.41483 0.260501 0.909794 0.214666 0.238596  418.305
0.627709  0.41483 0.260501 0.909794 0.214666 0.238596  418.305


New GBMAT from blind pso!
0.104021 0.248693 0.481353 0.735227 0.509671 0.755407  32296.3
0.104021 0.248693 0.481353 0.735227 0.509671 0.755407  32296.3
0.627709  0.41483 0.260501 0.909794 0.214666 0.238596  418.305
0.627709  0.41483 0.260501 0.909794 0.214666 0.238596  418.305
0.627709  0.41483 0.260501 0.909794 0.214666 0.238596  418.305


New GBMAT from blind pso!
0.104021 0.248693 0.481353 0.735227 0.509671 0.755407  32296.3
0.104021 0.248693 0.481353 0.735227 0.509671 0.755407  32296.3
0.627709  0.41483 0.260501 0.909794 0.214666 0.238596  418.305
0.627709  0.41483 0.260501 0.909794 0.214666 0.238596  418.305
0.627709  0.41483 0.260501 0.909794 0.214666 0.238596  418.305
0.627709  0.41483 0.260501 0.909794 0.214666 0.238596  418.305


New GBMAT from blind pso!
0.104021 0.248693 0.481353 0.735227 0.509671 0.755407  32296.3
0.104021 0.248693 0.481353 0.735227 0.509671 0.755407  32296.3
0.627709  0.41483 0.260501 0.909794 0.214666 0.238596  418.305
0.627709  0.41483 0.260501 0.909794 0.214666 0.238596  418.305
0.627709  0.41483 0.260501 0.909794 0.214666 0.238596  418.305
0.627709  0.41483 0.260501 0.909794 0.214666 0.238596  418.305
0.581876 0.357014 0.266175 0.912932  0.21164 0.245995  417.783


New GBMAT from blind pso!
0.104021 0.248693 0.481353 0.735227 0.509671 0.755407  32296.3
0.104021 0.248693 0.481353 0.735227 0.509671 0.755407  32296.3
0.627709  0.41483 0.260501 0.909794 0.214666 0.238596  418.305
0.627709  0.41483 0.260501 0.909794 0.214666 0.238596  418.305
0.627709  0.41483 0.260501 0.909794 0.214666 0.238596  418.305
0.627709  0.41483 0.260501 0.909794 0.214666 0.238596  418.305
0.581876 0.357014 0.266175 0.912932  0.21164 0.245995  417.783
 0.77884 0.321881 0.197131  0.76471 0.100969 0.182828  360.108


New GBMAT from blind pso!
 0.104021  0.248693  0.481353  0.735227  0.509671  0.755407   32296.3
 0.104021  0.248693  0.481353  0.735227  0.509671  0.755407   32296.3
 0.627709   0.41483  0.260501  0.909794  0.214666  0.238596   418.305
 0.627709   0.41483  0.260501  0.909794  0.214666  0.238596   418.305
 0.627709   0.41483  0.260501  0.909794  0.214666  0.238596   418.305
 0.627709   0.41483  0.260501  0.909794  0.214666  0.238596   418.305
 0.581876  0.357014  0.266175  0.912932   0.21164  0.245995   417.783
  0.77884  0.321881  0.197131   0.76471  0.100969  0.182828   360.108
 0.625123  0.401141  0.193608  0.645395 0.0468267   0.17839   357.286


New GBMAT from blind pso!
 0.104021  0.248693  0.481353  0.735227  0.509671  0.755407   32296.3
 0.104021  0.248693  0.481353  0.735227  0.509671  0.755407   32296.3
 0.627709   0.41483  0.260501  0.909794  0.214666  0.238596   418.305
 0.627709   0.41483  0.260501  0.909794  0.214666  0.238596   418.305
 0.627709   0.41483  0.260501  0.909794  0.214666  0.238596   418.305
 0.627709   0.41483  0.260501  0.909794  0.214666  0.238596   418.305
 0.581876  0.357014  0.266175  0.912932   0.21164  0.245995   417.783
  0.77884  0.321881  0.197131   0.76471  0.100969  0.182828   360.108
 0.625123  0.401141  0.193608  0.645395 0.0468267   0.17839   357.286
 0.625123  0.401141  0.193608  0.645395 0.0419863   0.17839   354.885


New GBMAT from blind pso!
 0.104021  0.248693  0.481353  0.735227  0.509671  0.755407   32296.3
 0.104021  0.248693  0.481353  0.735227  0.509671  0.755407   32296.3
 0.627709   0.41483  0.260501  0.909794  0.214666  0.238596   418.305
 0.627709   0.41483  0.260501  0.909794  0.214666  0.238596   418.305
 0.627709   0.41483  0.260501  0.909794  0.214666  0.238596   418.305
 0.627709   0.41483  0.260501  0.909794  0.214666  0.238596   418.305
 0.581876  0.357014  0.266175  0.912932   0.21164  0.245995   417.783
  0.77884  0.321881  0.197131   0.76471  0.100969  0.182828   360.108
 0.625123  0.401141  0.193608  0.645395 0.0468267   0.17839   357.286
 0.625123  0.401141  0.193608  0.645395 0.0419863   0.17839   354.885
 0.640143    0.4075  0.206337  0.653027  0.053623  0.186773   351.411


New GBMAT from blind pso!
 0.104021  0.248693  0.481353  0.735227  0.509671  0.755407   32296.3
 0.104021  0.248693  0.481353  0.735227  0.509671  0.755407   32296.3
 0.627709   0.41483  0.260501  0.909794  0.214666  0.238596   418.305
 0.627709   0.41483  0.260501  0.909794  0.214666  0.238596   418.305
 0.627709   0.41483  0.260501  0.909794  0.214666  0.238596   418.305
 0.627709   0.41483  0.260501  0.909794  0.214666  0.238596   418.305
 0.581876  0.357014  0.266175  0.912932   0.21164  0.245995   417.783
  0.77884  0.321881  0.197131   0.76471  0.100969  0.182828   360.108
 0.625123  0.401141  0.193608  0.645395 0.0468267   0.17839   357.286
 0.625123  0.401141  0.193608  0.645395 0.0419863   0.17839   354.885
 0.640143    0.4075  0.206337  0.653027  0.053623  0.186773   351.411
 0.656437  0.376034  0.183468  0.684508  0.068513  0.165802   333.782


New GBMAT from blind pso!
 0.104021  0.248693  0.481353  0.735227  0.509671  0.755407   32296.3
 0.104021  0.248693  0.481353  0.735227  0.509671  0.755407   32296.3
 0.627709   0.41483  0.260501  0.909794  0.214666  0.238596   418.305
 0.627709   0.41483  0.260501  0.909794  0.214666  0.238596   418.305
 0.627709   0.41483  0.260501  0.909794  0.214666  0.238596   418.305
 0.627709   0.41483  0.260501  0.909794  0.214666  0.238596   418.305
 0.581876  0.357014  0.266175  0.912932   0.21164  0.245995   417.783
  0.77884  0.321881  0.197131   0.76471  0.100969  0.182828   360.108
 0.625123  0.401141  0.193608  0.645395 0.0468267   0.17839   357.286
 0.625123  0.401141  0.193608  0.645395 0.0419863   0.17839   354.885
 0.640143    0.4075  0.206337  0.653027  0.053623  0.186773   351.411
 0.656437  0.376034  0.183468  0.684508  0.068513  0.165802   333.782
 0.606841  0.355847  0.135713  0.696699  0.126718  0.116171   319.479


New GBMAT from blind pso!
 0.104021  0.248693  0.481353  0.735227  0.509671  0.755407   32296.3
 0.104021  0.248693  0.481353  0.735227  0.509671  0.755407   32296.3
 0.627709   0.41483  0.260501  0.909794  0.214666  0.238596   418.305
 0.627709   0.41483  0.260501  0.909794  0.214666  0.238596   418.305
 0.627709   0.41483  0.260501  0.909794  0.214666  0.238596   418.305
 0.627709   0.41483  0.260501  0.909794  0.214666  0.238596   418.305
 0.581876  0.357014  0.266175  0.912932   0.21164  0.245995   417.783
  0.77884  0.321881  0.197131   0.76471  0.100969  0.182828   360.108
 0.625123  0.401141  0.193608  0.645395 0.0468267   0.17839   357.286
 0.625123  0.401141  0.193608  0.645395 0.0419863   0.17839   354.885
 0.640143    0.4075  0.206337  0.653027  0.053623  0.186773   351.411
 0.656437  0.376034  0.183468  0.684508  0.068513  0.165802   333.782
 0.606841  0.355847  0.135713  0.696699  0.126718  0.116171   319.479
 0.754189  0.451463  0.111055  0.691853  0.151248 0.0892748   311.232


New GBMAT from blind pso!
 0.104021  0.248693  0.481353  0.735227  0.509671  0.755407   32296.3
 0.104021  0.248693  0.481353  0.735227  0.509671  0.755407   32296.3
 0.627709   0.41483  0.260501  0.909794  0.214666  0.238596   418.305
 0.627709   0.41483  0.260501  0.909794  0.214666  0.238596   418.305
 0.627709   0.41483  0.260501  0.909794  0.214666  0.238596   418.305
 0.627709   0.41483  0.260501  0.909794  0.214666  0.238596   418.305
 0.581876  0.357014  0.266175  0.912932   0.21164  0.245995   417.783
  0.77884  0.321881  0.197131   0.76471  0.100969  0.182828   360.108
 0.625123  0.401141  0.193608  0.645395 0.0468267   0.17839   357.286
 0.625123  0.401141  0.193608  0.645395 0.0419863   0.17839   354.885
 0.640143    0.4075  0.206337  0.653027  0.053623  0.186773   351.411
 0.656437  0.376034  0.183468  0.684508  0.068513  0.165802   333.782
 0.606841  0.355847  0.135713  0.696699  0.126718  0.116171   319.479
 0.754189  0.451463  0.111055  0.691853  0.151248 0.0892748   311.232
 0.680435  0.405628  0.129691   0.74617 0.0921673  0.109293   295.779


slurmstepd: error: *** JOB 2004413 ON r1pl-hpcf-n21 CANCELLED AT 2021-08-29T16:37:26 ***
Job Statistics for 2004413:
           JobID       User               Start                 End    Elapsed     MaxRSS   TotalCPU      State Exit        NodeList                                  ReqTRES 
---------------- ---------- ------------------- ------------------- ---------- ---------- ---------- ---------- ---- --------------- ---------------------------------------- 
         2004413   rsjxw007 2021-08-29T15:03:11 2021-08-29T16:37:26   01:34:15              01:33:28 CANCELLED+  0:0   r1pl-hpcf-n21        billing=2,cpu=2,mem=15624M,node=1 
   2004413.batch            2021-08-29T15:03:11 2021-08-29T16:37:28   01:34:17      2.97M   01:33:28  CANCELLED 0:15   r1pl-hpcf-n21                                          
  2004413.extern            2021-08-29T15:03:11 2021-08-29T16:37:26   01:34:15          0  00:00.001  COMPLETED  0:0   r1pl-hpcf-n21                                          
CPU Efficiency: 49.58% of 03:08:30 core-walltime
